player_id,player_name,game_id,stat,role_bucket,injury_freshness_status,lineup_freshness_status,market_coverage_status,source_row_id,k,p_k
18,OG Anunoby,21716137,pts,starter,fallback_used,projected,full,0,0,0.002
18,OG Anunoby,21716137,pts,starter,fallback_used,projected,full,0,1,0.0006
18,OG Anunoby,21716137,pts,starter,fallback_used,projected,full,0,2,0.0022
18,OG Anunoby,21716137,pts,starter,fallback_used,projected,full,0,3,0.0027
18,OG Anunoby,21716137,pts,starter,fallback_used,projected,full,0,4,0.005
18,OG Anunoby,21716137,pts,starter,fallback_used,projected,full,0,5,0.0095
18,OG Anunoby,21716137,pts,starter,fallback_used,projected,full,0,6,0.0151
18,OG Anunoby,21716137,pts,starter,fallback_used,projected,full,0,7,0.016
18,OG Anunoby,21716137,pts,starter,fallback_used,projected,full,0,8,0.0274
18,OG Anunoby,21716137,pts,starter,fallback_used,projected,full,0,9,0.0296
18,OG Anunoby,21716137,pts,starter,fallback_used,projected,full,0,10,0.0379
18,OG Anunoby,21716137,pts,starter,fallback_used,projected,full,0,11,0.0386
18,OG Anunoby,21716137,pts,starter,fallback_used,projected,full,0,12,0.0533
18,OG Anunoby,21716137,pts,starter,fallback_used,projected,full,0,13,0.0605
18,OG Anunoby,21716137,pts,starter,fallback_used,projected,full,0,14,0.077
18,OG Anunoby,21716137,pts,starter,fallback_used,projected,full,0,15,0.0681
18,OG Anunoby,21716137,pts,starter,fallback_used,projected,full,0,16,0.0822
18,OG Anunoby,21716137,pts,starter,fallback_used,projected,full,0,17,0.0808
18,OG Anunoby,21716137,pts,starter,fallback_used,projected,full,0,18,0.0619
18,OG Anunoby,21716137,pts,starter,fallback_used,projected,full,0,19,0.0575
18,OG Anunoby,21716137,pts,starter,fallback_used,projected,full,0,20,0.0503
18,OG Anunoby,21716137,pts,starter,fallback_used,projected,full,0,21,0.0516
18,OG Anunoby,21716137,pts,starter,fallback_used,projected,full,0,22,0.0411
18,OG Anunoby,21716137,pts,starter,fallback_used,projected,full,0,23,0.0233
18,OG Anunoby,21716137,pts,starter,fallback_used,projected,full,0,24,0.0199
18,OG Anunoby,21716137,pts,starter,fallback_used,projected,full,0,25,0.0203
18,OG Anunoby,21716137,pts,starter,fallback_used,projected,full,0,26,0.0074
18,OG Anunoby,21716137,pts,starter,fallback_used,projected,full,0,27,0.0142
18,OG Anunoby,21716137,pts,starter,fallback_used,projected,full,0,28,0.012
18,OG Anunoby,21716137,pts,starter,fallback_used,projected,full,0,29,0.01
18,OG Anunoby,21716137,pts,starter,fallback_used,projected,full,0,30,0.0046
18,OG Anunoby,21716137,pts,starter,fallback_used,projected,full,0,31,0.0037
18,OG Anunoby,21716137,pts,starter,fallback_used,projected,full,0,32,0.0044
18,OG Anunoby,21716137,pts,starter,fallback_used,projected,full,0,33,0.0034
18,OG Anunoby,21716137,pts,starter,fallback_used,projected,full,0,34,0.0006
18,OG Anunoby,21716137,pts,starter,fallback_used,projected,full,0,35,0.002
18,OG Anunoby,21716137,pts,starter,fallback_used,projected,full,0,36,0.0005
18,OG Anunoby,21716137,pts,starter,fallback_used,projected,full,0,37,0.0005
18,OG Anunoby,21716137,pts,starter,fallback_used,projected,full,0,38,0.0003
18,OG Anunoby,21716137,pts,starter,fallback_used,projected,full,0,39,0.0007
18,OG Anunoby,21716137,pts,starter,fallback_used,projected,full,0,40,0.0002
18,OG Anunoby,21716137,pts,starter,fallback_used,projected,full,0,41,0.0002
18,OG Anunoby,21716137,pts,starter,fallback_used,projected,full,0,42,0.0002
18,OG Anunoby,21716137,pts,starter,fallback_used,projected,full,0,43,0.0001
18,OG Anunoby,21716137,pts,starter,fallback_used,projected,full,0,44,0.0001
18,OG Anunoby,21716137,pts,starter,fallback_used,projected,full,0,45,0.0001
18,OG Anunoby,21716137,pts,starter,fallback_used,projected,full,0,46,0.0001
18,OG Anunoby,21716137,pts,starter,fallback_used,projected,full,0,47,0.0
18,OG Anunoby,21716137,pts,starter,fallback_used,projected,full,0,48,0.0
18,OG Anunoby,21716137,pts,starter,fallback_used,projected,full,0,49,0.0
18,OG Anunoby,21716137,pts,starter,fallback_used,projected,full,0,50,0.0
18,OG Anunoby,21716137,pts,starter,fallback_used,projected,full,0,51,0.0
18,OG Anunoby,21716137,pts,starter,fallback_used,projected,full,0,52,0.0
18,OG Anunoby,21716137,pts,starter,fallback_used,projected,full,0,53,0.0
18,OG Anunoby,21716137,pts,starter,fallback_used,projected,full,0,80,0.0
18,OG Anunoby,21716137,reb,starter,fallback_used,projected,full,1,0,0.0032
18,OG Anunoby,21716137,reb,starter,fallback_used,projected,full,1,1,0.0081
18,OG Anunoby,21716137,reb,starter,fallback_used,projected,full,1,2,0.0239
18,OG Anunoby,21716137,reb,starter,fallback_used,projected,full,1,3,0.0532
18,OG Anunoby,21716137,reb,starter,fallback_used,projected,full,1,4,0.0937
18,OG Anunoby,21716137,reb,starter,fallback_used,projected,full,1,5,0.1958
18,OG Anunoby,21716137,reb,starter,fallback_used,projected,full,1,6,0.2379
18,OG Anunoby,21716137,reb,starter,fallback_used,projected,full,1,7,0.1845
18,OG Anunoby,21716137,reb,starter,fallback_used,projected,full,1,8,0.0967
18,OG Anunoby,21716137,reb,starter,fallback_used,projected,full,1,9,0.0669
18,OG Anunoby,21716137,reb,starter,fallback_used,projected,full,1,10,0.0229
18,OG Anunoby,21716137,reb,starter,fallback_used,projected,full,1,11,0.0091
18,OG Anunoby,21716137,reb,starter,fallback_used,projected,full,1,12,0.0028
18,OG Anunoby,21716137,reb,starter,fallback_used,projected,full,1,13,0.0013
18,OG Anunoby,21716137,reb,starter,fallback_used,projected,full,1,14,0.0001
18,OG Anunoby,21716137,reb,starter,fallback_used,projected,full,1,15,0.0
18,OG Anunoby,21716137,reb,starter,fallback_used,projected,full,1,16,0.0
18,OG Anunoby,21716137,reb,starter,fallback_used,projected,full,1,17,0.0
18,OG Anunoby,21716137,reb,starter,fallback_used,projected,full,1,18,0.0
18,OG Anunoby,21716137,reb,starter,fallback_used,projected,full,1,19,0.0
18,OG Anunoby,21716137,reb,starter,fallback_used,projected,full,1,20,0.0
18,OG Anunoby,21716137,reb,starter,fallback_used,projected,full,1,21,0.0
18,OG Anunoby,21716137,reb,starter,fallback_used,projected,full,1,22,0.0
18,OG Anunoby,21716137,reb,starter,fallback_used,projected,full,1,24,0.0
18,OG Anunoby,21716137,reb,starter,fallback_used,projected,full,1,26,0.0
18,OG Anunoby,21716137,ast,starter,fallback_used,projected,full,2,0,0.0457
18,OG Anunoby,21716137,ast,starter,fallback_used,projected,full,2,1,0.2828
18,OG Anunoby,21716137,ast,starter,fallback_used,projected,full,2,2,0.3353
18,OG Anunoby,21716137,ast,starter,fallback_used,projected,full,2,3,0.2621
18,OG Anunoby,21716137,ast,starter,fallback_used,projected,full,2,4,0.0641
18,OG Anunoby,21716137,ast,starter,fallback_used,projected,full,2,5,0.0088
18,OG Anunoby,21716137,ast,starter,fallback_used,projected,full,2,6,0.0011
18,OG Anunoby,21716137,ast,starter,fallback_used,projected,full,2,7,0.0
18,OG Anunoby,21716137,ast,starter,fallback_used,projected,full,2,8,0.0
18,OG Anunoby,21716137,ast,starter,fallback_used,projected,full,2,9,0.0
18,OG Anunoby,21716137,ast,starter,fallback_used,projected,full,2,10,0.0
18,OG Anunoby,21716137,ast,starter,fallback_used,projected,full,2,11,0.0
18,OG Anunoby,21716137,ast,starter,fallback_used,projected,full,2,12,0.0
18,OG Anunoby,21716137,ast,starter,fallback_used,projected,full,2,13,0.0
18,OG Anunoby,21716137,fg3m,starter,fallback_used,projected,full,3,0,0.4083
18,OG Anunoby,21716137,fg3m,starter,fallback_used,projected,full,3,1,0.1269
18,OG Anunoby,21716137,fg3m,starter,fallback_used,projected,full,3,2,0.194
18,OG Anunoby,21716137,fg3m,starter,fallback_used,projected,full,3,3,0.1115
18,OG Anunoby,21716137,fg3m,starter,fallback_used,projected,full,3,4,0.1592
18,OG Anunoby,21716137,tov,starter,fallback_used,projected,full,4,0,0.1244
18,OG Anunoby,21716137,tov,starter,fallback_used,projected,full,4,1,0.6161
18,OG Anunoby,21716137,tov,starter,fallback_used,projected,full,4,2,0.2132
18,OG Anunoby,21716137,tov,starter,fallback_used,projected,full,4,3,0.0442
18,OG Anunoby,21716137,tov,starter,fallback_used,projected,full,4,4,0.0021
18,OG Anunoby,21716137,tov,starter,fallback_used,projected,full,4,5,0.0001
18,OG Anunoby,21716137,tov,starter,fallback_used,projected,full,4,6,0.0
18,OG Anunoby,21716137,tov,starter,fallback_used,projected,full,4,7,0.0
18,OG Anunoby,21716137,tov,starter,fallback_used,projected,full,4,8,0.0
18,OG Anunoby,21716137,tov,starter,fallback_used,projected,full,4,9,0.0
18,OG Anunoby,21716137,tov,starter,fallback_used,projected,full,4,10,0.0
18,OG Anunoby,21716137,stl,starter,fallback_used,projected,full,5,0,0.5665
18,OG Anunoby,21716137,stl,starter,fallback_used,projected,full,5,1,0.297
18,OG Anunoby,21716137,stl,starter,fallback_used,projected,full,5,2,0.083
18,OG Anunoby,21716137,stl,starter,fallback_used,projected,full,5,3,0.0452
18,OG Anunoby,21716137,stl,starter,fallback_used,projected,full,5,4,0.0083
18,OG Anunoby,21716137,blk,starter,fallback_used,projected,full,6,0,0.756
18,OG Anunoby,21716137,blk,starter,fallback_used,projected,full,6,1,0.1469
18,OG Anunoby,21716137,blk,starter,fallback_used,projected,full,6,2,0.0752
18,OG Anunoby,21716137,blk,starter,fallback_used,projected,full,6,3,0.0146
18,OG Anunoby,21716137,blk,starter,fallback_used,projected,full,6,4,0.0073
18,OG Anunoby,21716137,stocks,starter,fallback_used,projected,full,7,0,0.4283
18,OG Anunoby,21716137,stocks,starter,fallback_used,projected,full,7,1,0.3078
18,OG Anunoby,21716137,stocks,starter,fallback_used,projected,full,7,2,0.149
18,OG Anunoby,21716137,stocks,starter,fallback_used,projected,full,7,3,0.0769
18,OG Anunoby,21716137,stocks,starter,fallback_used,projected,full,7,4,0.0276
18,OG Anunoby,21716137,stocks,starter,fallback_used,projected,full,7,5,0.008
18,OG Anunoby,21716137,stocks,starter,fallback_used,projected,full,7,6,0.0019
18,OG Anunoby,21716137,stocks,starter,fallback_used,projected,full,7,7,0.0004
18,OG Anunoby,21716137,stocks,starter,fallback_used,projected,full,7,8,0.0001
18,OG Anunoby,21716137,pa,starter,fallback_used,projected,full,8,0,0.0001
18,OG Anunoby,21716137,pa,starter,fallback_used,projected,full,8,1,0.0006
18,OG Anunoby,21716137,pa,starter,fallback_used,projected,full,8,2,0.0009
18,OG Anunoby,21716137,pa,starter,fallback_used,projected,full,8,3,0.0015
18,OG Anunoby,21716137,pa,starter,fallback_used,projected,full,8,4,0.002
18,OG Anunoby,21716137,pa,starter,fallback_used,projected,full,8,5,0.0034
18,OG Anunoby,21716137,pa,starter,fallback_used,projected,full,8,6,0.0059
18,OG Anunoby,21716137,pa,starter,fallback_used,projected,full,8,7,0.0097
18,OG Anunoby,21716137,pa,starter,fallback_used,projected,full,8,8,0.0137
18,OG Anunoby,21716137,pa,starter,fallback_used,projected,full,8,9,0.0191
18,OG Anunoby,21716137,pa,starter,fallback_used,projected,full,8,10,0.0245
18,OG Anunoby,21716137,pa,starter,fallback_used,projected,full,8,11,0.0308
18,OG Anunoby,21716137,pa,starter,fallback_used,projected,full,8,12,0.0358
18,OG Anunoby,21716137,pa,starter,fallback_used,projected,full,8,13,0.0429
18,OG Anunoby,21716137,pa,starter,fallback_used,projected,full,8,14,0.0513
18,OG Anunoby,21716137,pa,starter,fallback_used,projected,full,8,15,0.062
18,OG Anunoby,21716137,pa,starter,fallback_used,projected,full,8,16,0.0685
18,OG Anunoby,21716137,pa,starter,fallback_used,projected,full,8,17,0.0743
18,OG Anunoby,21716137,pa,starter,fallback_used,projected,full,8,18,0.0766
18,OG Anunoby,21716137,pa,starter,fallback_used,projected,full,8,19,0.0739
18,OG Anunoby,21716137,pa,starter,fallback_used,projected,full,8,20,0.0664
18,OG Anunoby,21716137,pa,starter,fallback_used,projected,full,8,21,0.0581
18,OG Anunoby,21716137,pa,starter,fallback_used,projected,full,8,22,0.0532
18,OG Anunoby,21716137,pa,starter,fallback_used,projected,full,8,23,0.0475
18,OG Anunoby,21716137,pa,starter,fallback_used,projected,full,8,24,0.0386
18,OG Anunoby,21716137,pa,starter,fallback_used,projected,full,8,25,0.029
18,OG Anunoby,21716137,pa,starter,fallback_used,projected,full,8,26,0.022
18,OG Anunoby,21716137,pa,starter,fallback_used,projected,full,8,27,0.0167
18,OG Anunoby,21716137,pa,starter,fallback_used,projected,full,8,28,0.0139
18,OG Anunoby,21716137,pa,starter,fallback_used,projected,full,8,29,0.0121
18,OG Anunoby,21716137,pa,starter,fallback_used,projected,full,8,30,0.0115
18,OG Anunoby,21716137,pa,starter,fallback_used,projected,full,8,31,0.009
18,OG Anunoby,21716137,pa,starter,fallback_used,projected,full,8,32,0.0063
18,OG Anunoby,21716137,pa,starter,fallback_used,projected,full,8,33,0.0046
18,OG Anunoby,21716137,pa,starter,fallback_used,projected,full,8,34,0.0038
18,OG Anunoby,21716137,pa,starter,fallback_used,projected,full,8,35,0.0028
18,OG Anunoby,21716137,pa,starter,fallback_used,projected,full,8,36,0.002
18,OG Anunoby,21716137,pa,starter,fallback_used,projected,full,8,37,0.0012
18,OG Anunoby,21716137,pa,starter,fallback_used,projected,full,8,38,0.0009
18,OG Anunoby,21716137,pa,starter,fallback_used,projected,full,8,39,0.0005
18,OG Anunoby,21716137,pa,starter,fallback_used,projected,full,8,40,0.0005
18,OG Anunoby,21716137,pa,starter,fallback_used,projected,full,8,41,0.0004
18,OG Anunoby,21716137,pa,starter,fallback_used,projected,full,8,42,0.0003
18,OG Anunoby,21716137,pa,starter,fallback_used,projected,full,8,43,0.0002
18,OG Anunoby,21716137,pa,starter,fallback_used,projected,full,8,44,0.0002
18,OG Anunoby,21716137,pa,starter,fallback_used,projected,full,8,45,0.0001
18,OG Anunoby,21716137,pa,starter,fallback_used,projected,full,8,46,0.0001
18,OG Anunoby,21716137,pa,starter,fallback_used,projected,full,8,47,0.0001
18,OG Anunoby,21716137,pa,starter,fallback_used,projected,full,8,48,0.0001
18,OG Anunoby,21716137,pa,starter,fallback_used,projected,full,8,49,0.0001
18,OG Anunoby,21716137,pa,starter,fallback_used,projected,full,8,50,0.0
18,OG Anunoby,21716137,pa,starter,fallback_used,projected,full,8,51,0.0
18,OG Anunoby,21716137,pa,starter,fallback_used,projected,full,8,52,0.0
18,OG Anunoby,21716137,pa,starter,fallback_used,projected,full,8,53,0.0
18,OG Anunoby,21716137,pa,starter,fallback_used,projected,full,8,54,0.0
18,OG Anunoby,21716137,pa,starter,fallback_used,projected,full,8,55,0.0
18,OG Anunoby,21716137,pa,starter,fallback_used,projected,full,8,56,0.0
18,OG Anunoby,21716137,pa,starter,fallback_used,projected,full,8,57,0.0
18,OG Anunoby,21716137,pa,starter,fallback_used,projected,full,8,58,0.0
18,OG Anunoby,21716137,pa,starter,fallback_used,projected,full,8,59,0.0
18,OG Anunoby,21716137,pa,starter,fallback_used,projected,full,8,60,0.0
18,OG Anunoby,21716137,pa,starter,fallback_used,projected,full,8,61,0.0
18,OG Anunoby,21716137,pa,starter,fallback_used,projected,full,8,62,0.0
18,OG Anunoby,21716137,pa,starter,fallback_used,projected,full,8,63,0.0
18,OG Anunoby,21716137,pa,starter,fallback_used,projected,full,8,64,0.0
18,OG Anunoby,21716137,pa,starter,fallback_used,projected,full,8,80,0.0
18,OG Anunoby,21716137,pa,starter,fallback_used,projected,full,8,81,0.0
18,OG Anunoby,21716137,pa,starter,fallback_used,projected,full,8,82,0.0
18,OG Anunoby,21716137,pa,starter,fallback_used,projected,full,8,83,0.0
18,OG Anunoby,21716137,pa,starter,fallback_used,projected,full,8,84,0.0
18,OG Anunoby,21716137,pa,starter,fallback_used,projected,full,8,85,0.0
18,OG Anunoby,21716137,pa,starter,fallback_used,projected,full,8,86,0.0
18,OG Anunoby,21716137,pa,starter,fallback_used,projected,full,8,87,0.0
18,OG Anunoby,21716137,pa,starter,fallback_used,projected,full,8,88,0.0
18,OG Anunoby,21716137,pa,starter,fallback_used,projected,full,8,89,0.0
18,OG Anunoby,21716137,pa,starter,fallback_used,projected,full,8,90,0.0
18,OG Anunoby,21716137,pa,starter,fallback_used,projected,full,8,91,0.0
18,OG Anunoby,21716137,pr,starter,fallback_used,projected,full,9,0,0.0
18,OG Anunoby,21716137,pr,starter,fallback_used,projected,full,9,1,0.0
18,OG Anunoby,21716137,pr,starter,fallback_used,projected,full,9,2,0.0001
18,OG Anunoby,21716137,pr,starter,fallback_used,projected,full,9,3,0.0001
18,OG Anunoby,21716137,pr,starter,fallback_used,projected,full,9,4,0.0003
18,OG Anunoby,21716137,pr,starter,fallback_used,projected,full,9,5,0.0007
18,OG Anunoby,21716137,pr,starter,fallback_used,projected,full,9,6,0.0012
18,OG Anunoby,21716137,pr,starter,fallback_used,projected,full,9,7,0.0019
18,OG Anunoby,21716137,pr,starter,fallback_used,projected,full,9,8,0.0029
18,OG Anunoby,21716137,pr,starter,fallback_used,projected,full,9,9,0.0046
18,OG Anunoby,21716137,pr,starter,fallback_used,projected,full,9,10,0.0071
18,OG Anunoby,21716137,pr,starter,fallback_used,projected,full,9,11,0.0107
18,OG Anunoby,21716137,pr,starter,fallback_used,projected,full,9,12,0.0147
18,OG Anunoby,21716137,pr,starter,fallback_used,projected,full,9,13,0.0196
18,OG Anunoby,21716137,pr,starter,fallback_used,projected,full,9,14,0.0251
18,OG Anunoby,21716137,pr,starter,fallback_used,projected,full,9,15,0.0311
18,OG Anunoby,21716137,pr,starter,fallback_used,projected,full,9,16,0.0371
18,OG Anunoby,21716137,pr,starter,fallback_used,projected,full,9,17,0.0442
18,OG Anunoby,21716137,pr,starter,fallback_used,projected,full,9,18,0.0518
18,OG Anunoby,21716137,pr,starter,fallback_used,projected,full,9,19,0.0599
18,OG Anunoby,21716137,pr,starter,fallback_used,projected,full,9,20,0.0659
18,OG Anunoby,21716137,pr,starter,fallback_used,projected,full,9,21,0.0701
18,OG Anunoby,21716137,pr,starter,fallback_used,projected,full,9,22,0.0717
18,OG Anunoby,21716137,pr,starter,fallback_used,projected,full,9,23,0.07
18,OG Anunoby,21716137,pr,starter,fallback_used,projected,full,9,24,0.0646
18,OG Anunoby,21716137,pr,starter,fallback_used,projected,full,9,25,0.0586
18,OG Anunoby,21716137,pr,starter,fallback_used,projected,full,9,26,0.0526
18,OG Anunoby,21716137,pr,starter,fallback_used,projected,full,9,27,0.046
18,OG Anunoby,21716137,pr,starter,fallback_used,projected,full,9,28,0.0383
18,OG Anunoby,21716137,pr,starter,fallback_used,projected,full,9,29,0.0304
18,OG Anunoby,21716137,pr,starter,fallback_used,projected,full,9,30,0.0242
18,OG Anunoby,21716137,pr,starter,fallback_used,projected,full,9,31,0.0191
18,OG Anunoby,21716137,pr,starter,fallback_used,projected,full,9,32,0.0152
18,OG Anunoby,21716137,pr,starter,fallback_used,projected,full,9,33,0.0128
18,OG Anunoby,21716137,pr,starter,fallback_used,projected,full,9,34,0.0111
18,OG Anunoby,21716137,pr,starter,fallback_used,projected,full,9,35,0.0088
18,OG Anunoby,21716137,pr,starter,fallback_used,projected,full,9,36,0.0069
18,OG Anunoby,21716137,pr,starter,fallback_used,projected,full,9,37,0.0053
18,OG Anunoby,21716137,pr,starter,fallback_used,projected,full,9,38,0.0041
18,OG Anunoby,21716137,pr,starter,fallback_used,projected,full,9,39,0.003
18,OG Anunoby,21716137,pr,starter,fallback_used,projected,full,9,40,0.0022
18,OG Anunoby,21716137,pr,starter,fallback_used,projected,full,9,41,0.0016
18,OG Anunoby,21716137,pr,starter,fallback_used,projected,full,9,42,0.0011
18,OG Anunoby,21716137,pr,starter,fallback_used,projected,full,9,43,0.0007
18,OG Anunoby,21716137,pr,starter,fallback_used,projected,full,9,44,0.0006
18,OG Anunoby,21716137,pr,starter,fallback_used,projected,full,9,45,0.0004
18,OG Anunoby,21716137,pr,starter,fallback_used,projected,full,9,46,0.0003
18,OG Anunoby,21716137,pr,starter,fallback_used,projected,full,9,47,0.0002
18,OG Anunoby,21716137,pr,starter,fallback_used,projected,full,9,48,0.0002
18,OG Anunoby,21716137,pr,starter,fallback_used,projected,full,9,49,0.0001
18,OG Anunoby,21716137,pr,starter,fallback_used,projected,full,9,50,0.0001
18,OG Anunoby,21716137,pr,starter,fallback_used,projected,full,9,51,0.0001
18,OG Anunoby,21716137,pr,starter,fallback_used,projected,full,9,52,0.0001
18,OG Anunoby,21716137,pr,starter,fallback_used,projected,full,9,53,0.0001
18,OG Anunoby,21716137,pr,starter,fallback_used,projected,full,9,54,0.0
18,OG Anunoby,21716137,pr,starter,fallback_used,projected,full,9,55,0.0
18,OG Anunoby,21716137,pr,starter,fallback_used,projected,full,9,56,0.0
18,OG Anunoby,21716137,pr,starter,fallback_used,projected,full,9,57,0.0
18,OG Anunoby,21716137,pr,starter,fallback_used,projected,full,9,58,0.0
18,OG Anunoby,21716137,pr,starter,fallback_used,projected,full,9,59,0.0
18,OG Anunoby,21716137,pr,starter,fallback_used,projected,full,9,60,0.0
18,OG Anunoby,21716137,pr,starter,fallback_used,projected,full,9,61,0.0
18,OG Anunoby,21716137,pr,starter,fallback_used,projected,full,9,62,0.0
18,OG Anunoby,21716137,pr,starter,fallback_used,projected,full,9,63,0.0
18,OG Anunoby,21716137,pr,starter,fallback_used,projected,full,9,64,0.0
18,OG Anunoby,21716137,pr,starter,fallback_used,projected,full,9,65,0.0
18,OG Anunoby,21716137,pr,starter,fallback_used,projected,full,9,66,0.0
18,OG Anunoby,21716137,pr,starter,fallback_used,projected,full,9,67,0.0
18,OG Anunoby,21716137,pr,starter,fallback_used,projected,full,9,68,0.0
18,OG Anunoby,21716137,pr,starter,fallback_used,projected,full,9,69,0.0
18,OG Anunoby,21716137,pr,starter,fallback_used,projected,full,9,70,0.0
18,OG Anunoby,21716137,pr,starter,fallback_used,projected,full,9,71,0.0
18,OG Anunoby,21716137,pr,starter,fallback_used,projected,full,9,72,0.0
18,OG Anunoby,21716137,pr,starter,fallback_used,projected,full,9,73,0.0
18,OG Anunoby,21716137,pr,starter,fallback_used,projected,full,9,74,0.0
18,OG Anunoby,21716137,pr,starter,fallback_used,projected,full,9,75,0.0
18,OG Anunoby,21716137,pr,starter,fallback_used,projected,full,9,80,0.0
18,OG Anunoby,21716137,pr,starter,fallback_used,projected,full,9,81,0.0
18,OG Anunoby,21716137,pr,starter,fallback_used,projected,full,9,82,0.0
18,OG Anunoby,21716137,pr,starter,fallback_used,projected,full,9,83,0.0
18,OG Anunoby,21716137,pr,starter,fallback_used,projected,full,9,84,0.0
18,OG Anunoby,21716137,pr,starter,fallback_used,projected,full,9,85,0.0
18,OG Anunoby,21716137,pr,starter,fallback_used,projected,full,9,86,0.0
18,OG Anunoby,21716137,pr,starter,fallback_used,projected,full,9,87,0.0
18,OG Anunoby,21716137,pr,starter,fallback_used,projected,full,9,88,0.0
18,OG Anunoby,21716137,pr,starter,fallback_used,projected,full,9,89,0.0
18,OG Anunoby,21716137,pr,starter,fallback_used,projected,full,9,90,0.0
18,OG Anunoby,21716137,pr,starter,fallback_used,projected,full,9,91,0.0
18,OG Anunoby,21716137,pr,starter,fallback_used,projected,full,9,92,0.0
18,OG Anunoby,21716137,pr,starter,fallback_used,projected,full,9,93,0.0
18,OG Anunoby,21716137,pr,starter,fallback_used,projected,full,9,94,0.0
18,OG Anunoby,21716137,pr,starter,fallback_used,projected,full,9,95,0.0
18,OG Anunoby,21716137,pr,starter,fallback_used,projected,full,9,96,0.0
18,OG Anunoby,21716137,pr,starter,fallback_used,projected,full,9,97,0.0
18,OG Anunoby,21716137,pr,starter,fallback_used,projected,full,9,98,0.0
18,OG Anunoby,21716137,pr,starter,fallback_used,projected,full,9,99,0.0
18,OG Anunoby,21716137,pr,starter,fallback_used,projected,full,9,100,0.0
18,OG Anunoby,21716137,pr,starter,fallback_used,projected,full,9,101,0.0
18,OG Anunoby,21716137,pr,starter,fallback_used,projected,full,9,102,0.0
18,OG Anunoby,21716137,pr,starter,fallback_used,projected,full,9,104,0.0
18,OG Anunoby,21716137,ra,starter,fallback_used,projected,full,10,0,0.0001
18,OG Anunoby,21716137,ra,starter,fallback_used,projected,full,10,1,0.0013
18,OG Anunoby,21716137,ra,starter,fallback_used,projected,full,10,2,0.0044
18,OG Anunoby,21716137,ra,starter,fallback_used,projected,full,10,3,0.0127
18,OG Anunoby,21716137,ra,starter,fallback_used,projected,full,10,4,0.0297
18,OG Anunoby,21716137,ra,starter,fallback_used,projected,full,10,5,0.0601
18,OG Anunoby,21716137,ra,starter,fallback_used,projected,full,10,6,0.1132
18,OG Anunoby,21716137,ra,starter,fallback_used,projected,full,10,7,0.1696
18,OG Anunoby,21716137,ra,starter,fallback_used,projected,full,10,8,0.1942
18,OG Anunoby,21716137,ra,starter,fallback_used,projected,full,10,9,0.1681
18,OG Anunoby,21716137,ra,starter,fallback_used,projected,full,10,10,0.1178
18,OG Anunoby,21716137,ra,starter,fallback_used,projected,full,10,11,0.0688
18,OG Anunoby,21716137,ra,starter,fallback_used,projected,full,10,12,0.036
18,OG Anunoby,21716137,ra,starter,fallback_used,projected,full,10,13,0.0153
18,OG Anunoby,21716137,ra,starter,fallback_used,projected,full,10,14,0.0059
18,OG Anunoby,21716137,ra,starter,fallback_used,projected,full,10,15,0.002
18,OG Anunoby,21716137,ra,starter,fallback_used,projected,full,10,16,0.0006
18,OG Anunoby,21716137,ra,starter,fallback_used,projected,full,10,17,0.0001
18,OG Anunoby,21716137,ra,starter,fallback_used,projected,full,10,18,0.0
18,OG Anunoby,21716137,ra,starter,fallback_used,projected,full,10,19,0.0
18,OG Anunoby,21716137,ra,starter,fallback_used,projected,full,10,20,0.0
18,OG Anunoby,21716137,ra,starter,fallback_used,projected,full,10,21,0.0
18,OG Anunoby,21716137,ra,starter,fallback_used,projected,full,10,22,0.0
18,OG Anunoby,21716137,ra,starter,fallback_used,projected,full,10,23,0.0
18,OG Anunoby,21716137,ra,starter,fallback_used,projected,full,10,24,0.0
18,OG Anunoby,21716137,ra,starter,fallback_used,projected,full,10,25,0.0
18,OG Anunoby,21716137,ra,starter,fallback_used,projected,full,10,26,0.0
18,OG Anunoby,21716137,ra,starter,fallback_used,projected,full,10,27,0.0
18,OG Anunoby,21716137,ra,starter,fallback_used,projected,full,10,28,0.0
18,OG Anunoby,21716137,ra,starter,fallback_used,projected,full,10,29,0.0
18,OG Anunoby,21716137,ra,starter,fallback_used,projected,full,10,30,0.0
18,OG Anunoby,21716137,ra,starter,fallback_used,projected,full,10,31,0.0
18,OG Anunoby,21716137,pra,starter,fallback_used,projected,full,11,0,0.0
18,OG Anunoby,21716137,pra,starter,fallback_used,projected,full,11,1,0.0
18,OG Anunoby,21716137,pra,starter,fallback_used,projected,full,11,2,0.0
18,OG Anunoby,21716137,pra,starter,fallback_used,projected,full,11,3,0.0
18,OG Anunoby,21716137,pra,starter,fallback_used,projected,full,11,4,0.0001
18,OG Anunoby,21716137,pra,starter,fallback_used,projected,full,11,5,0.0002
18,OG Anunoby,21716137,pra,starter,fallback_used,projected,full,11,6,0.0004
18,OG Anunoby,21716137,pra,starter,fallback_used,projected,full,11,7,0.0007
18,OG Anunoby,21716137,pra,starter,fallback_used,projected,full,11,8,0.0013
18,OG Anunoby,21716137,pra,starter,fallback_used,projected,full,11,9,0.002
18,OG Anunoby,21716137,pra,starter,fallback_used,projected,full,11,10,0.0032
18,OG Anunoby,21716137,pra,starter,fallback_used,projected,full,11,11,0.005
18,OG Anunoby,21716137,pra,starter,fallback_used,projected,full,11,12,0.0075
18,OG Anunoby,21716137,pra,starter,fallback_used,projected,full,11,13,0.0108
18,OG Anunoby,21716137,pra,starter,fallback_used,projected,full,11,14,0.0149
18,OG Anunoby,21716137,pra,starter,fallback_used,projected,full,11,15,0.0197
18,OG Anunoby,21716137,pra,starter,fallback_used,projected,full,11,16,0.0251
18,OG Anunoby,21716137,pra,starter,fallback_used,projected,full,11,17,0.0309
18,OG Anunoby,21716137,pra,starter,fallback_used,projected,full,11,18,0.0372
18,OG Anunoby,21716137,pra,starter,fallback_used,projected,full,11,19,0.0442
18,OG Anunoby,21716137,pra,starter,fallback_used,projected,full,11,20,0.0516
18,OG Anunoby,21716137,pra,starter,fallback_used,projected,full,11,21,0.0587
18,OG Anunoby,21716137,pra,starter,fallback_used,projected,full,11,22,0.0646
18,OG Anunoby,21716137,pra,starter,fallback_used,projected,full,11,23,0.0686
18,OG Anunoby,21716137,pra,starter,fallback_used,projected,full,11,24,0.07
18,OG Anunoby,21716137,pra,starter,fallback_used,projected,full,11,25,0.0683
18,OG Anunoby,21716137,pra,starter,fallback_used,projected,full,11,26,0.0643
18,OG Anunoby,21716137,pra,starter,fallback_used,projected,full,11,27,0.0587
18,OG Anunoby,21716137,pra,starter,fallback_used,projected,full,11,28,0.0526
18,OG Anunoby,21716137,pra,starter,fallback_used,projected,full,11,29,0.0458
18,OG Anunoby,21716137,pra,starter,fallback_used,projected,full,11,30,0.0386
18,OG Anunoby,21716137,pra,starter,fallback_used,projected,full,11,31,0.0314
18,OG Anunoby,21716137,pra,starter,fallback_used,projected,full,11,32,0.0251
18,OG Anunoby,21716137,pra,starter,fallback_used,projected,full,11,33,0.02
18,OG Anunoby,21716137,pra,starter,fallback_used,projected,full,11,34,0.0161
18,OG Anunoby,21716137,pra,starter,fallback_used,projected,full,11,35,0.0133
18,OG Anunoby,21716137,pra,starter,fallback_used,projected,full,11,36,0.0111
18,OG Anunoby,21716137,pra,starter,fallback_used,projected,full,11,37,0.009
18,OG Anunoby,21716137,pra,starter,fallback_used,projected,full,11,38,0.0071
18,OG Anunoby,21716137,pra,starter,fallback_used,projected,full,11,39,0.0055
18,OG Anunoby,21716137,pra,starter,fallback_used,projected,full,11,40,0.0043
18,OG Anunoby,21716137,pra,starter,fallback_used,projected,full,11,41,0.0032
18,OG Anunoby,21716137,pra,starter,fallback_used,projected,full,11,42,0.0023
18,OG Anunoby,21716137,pra,starter,fallback_used,projected,full,11,43,0.0017
18,OG Anunoby,21716137,pra,starter,fallback_used,projected,full,11,44,0.0012
18,OG Anunoby,21716137,pra,starter,fallback_used,projected,full,11,45,0.0008
18,OG Anunoby,21716137,pra,starter,fallback_used,projected,full,11,46,0.0006
18,OG Anunoby,21716137,pra,starter,fallback_used,projected,full,11,47,0.0005
18,OG Anunoby,21716137,pra,starter,fallback_used,projected,full,11,48,0.0003
18,OG Anunoby,21716137,pra,starter,fallback_used,projected,full,11,49,0.0003
18,OG Anunoby,21716137,pra,starter,fallback_used,projected,full,11,50,0.0002
18,OG Anunoby,21716137,pra,starter,fallback_used,projected,full,11,51,0.0002
18,OG Anunoby,21716137,pra,starter,fallback_used,projected,full,11,52,0.0001
18,OG Anunoby,21716137,pra,starter,fallback_used,projected,full,11,53,0.0001
18,OG Anunoby,21716137,pra,starter,fallback_used,projected,full,11,54,0.0001
18,OG Anunoby,21716137,pra,starter,fallback_used,projected,full,11,55,0.0001
18,OG Anunoby,21716137,pra,starter,fallback_used,projected,full,11,56,0.0
18,OG Anunoby,21716137,pra,starter,fallback_used,projected,full,11,57,0.0
18,OG Anunoby,21716137,pra,starter,fallback_used,projected,full,11,58,0.0
18,OG Anunoby,21716137,pra,starter,fallback_used,projected,full,11,59,0.0
18,OG Anunoby,21716137,pra,starter,fallback_used,projected,full,11,60,0.0
18,OG Anunoby,21716137,pra,starter,fallback_used,projected,full,11,61,0.0
18,OG Anunoby,21716137,pra,starter,fallback_used,projected,full,11,62,0.0
18,OG Anunoby,21716137,pra,starter,fallback_used,projected,full,11,63,0.0
18,OG Anunoby,21716137,pra,starter,fallback_used,projected,full,11,64,0.0
18,OG Anunoby,21716137,pra,starter,fallback_used,projected,full,11,65,0.0
18,OG Anunoby,21716137,pra,starter,fallback_used,projected,full,11,66,0.0
18,OG Anunoby,21716137,pra,starter,fallback_used,projected,full,11,67,0.0
18,OG Anunoby,21716137,pra,starter,fallback_used,projected,full,11,68,0.0
18,OG Anunoby,21716137,pra,starter,fallback_used,projected,full,11,69,0.0
18,OG Anunoby,21716137,pra,starter,fallback_used,projected,full,11,70,0.0
18,OG Anunoby,21716137,pra,starter,fallback_used,projected,full,11,71,0.0
18,OG Anunoby,21716137,pra,starter,fallback_used,projected,full,11,72,0.0
18,OG Anunoby,21716137,pra,starter,fallback_used,projected,full,11,73,0.0
18,OG Anunoby,21716137,pra,starter,fallback_used,projected,full,11,74,0.0
18,OG Anunoby,21716137,pra,starter,fallback_used,projected,full,11,75,0.0
18,OG Anunoby,21716137,pra,starter,fallback_used,projected,full,11,76,0.0
18,OG Anunoby,21716137,pra,starter,fallback_used,projected,full,11,77,0.0
18,OG Anunoby,21716137,pra,starter,fallback_used,projected,full,11,78,0.0
18,OG Anunoby,21716137,pra,starter,fallback_used,projected,full,11,79,0.0
18,OG Anunoby,21716137,pra,starter,fallback_used,projected,full,11,80,0.0
18,OG Anunoby,21716137,pra,starter,fallback_used,projected,full,11,81,0.0
18,OG Anunoby,21716137,pra,starter,fallback_used,projected,full,11,82,0.0
18,OG Anunoby,21716137,pra,starter,fallback_used,projected,full,11,83,0.0
18,OG Anunoby,21716137,pra,starter,fallback_used,projected,full,11,84,0.0
18,OG Anunoby,21716137,pra,starter,fallback_used,projected,full,11,85,0.0
18,OG Anunoby,21716137,pra,starter,fallback_used,projected,full,11,86,0.0
18,OG Anunoby,21716137,pra,starter,fallback_used,projected,full,11,87,0.0
18,OG Anunoby,21716137,pra,starter,fallback_used,projected,full,11,88,0.0
18,OG Anunoby,21716137,pra,starter,fallback_used,projected,full,11,89,0.0
18,OG Anunoby,21716137,pra,starter,fallback_used,projected,full,11,90,0.0
18,OG Anunoby,21716137,pra,starter,fallback_used,projected,full,11,91,0.0
18,OG Anunoby,21716137,pra,starter,fallback_used,projected,full,11,92,0.0
18,OG Anunoby,21716137,pra,starter,fallback_used,projected,full,11,93,0.0
18,OG Anunoby,21716137,pra,starter,fallback_used,projected,full,11,94,0.0
18,OG Anunoby,21716137,pra,starter,fallback_used,projected,full,11,95,0.0
18,OG Anunoby,21716137,pra,starter,fallback_used,projected,full,11,96,0.0
18,OG Anunoby,21716137,pra,starter,fallback_used,projected,full,11,97,0.0
18,OG Anunoby,21716137,pra,starter,fallback_used,projected,full,11,98,0.0
18,OG Anunoby,21716137,pra,starter,fallback_used,projected,full,11,99,0.0
18,OG Anunoby,21716137,pra,starter,fallback_used,projected,full,11,100,0.0
18,OG Anunoby,21716137,pra,starter,fallback_used,projected,full,11,101,0.0
18,OG Anunoby,21716137,pra,starter,fallback_used,projected,full,11,102,0.0
18,OG Anunoby,21716137,pra,starter,fallback_used,projected,full,11,103,0.0
18,OG Anunoby,21716137,pra,starter,fallback_used,projected,full,11,104,0.0
18,OG Anunoby,21716137,pra,starter,fallback_used,projected,full,11,105,0.0
18,OG Anunoby,21716137,pra,starter,fallback_used,projected,full,11,106,0.0
61,Mikal Bridges,21716137,pts,starter,fallback_used,projected,full,12,0,0.0025
61,Mikal Bridges,21716137,pts,starter,fallback_used,projected,full,12,1,0.0038
61,Mikal Bridges,21716137,pts,starter,fallback_used,projected,full,12,2,0.0064
61,Mikal Bridges,21716137,pts,starter,fallback_used,projected,full,12,3,0.0159
61,Mikal Bridges,21716137,pts,starter,fallback_used,projected,full,12,4,0.0209
61,Mikal Bridges,21716137,pts,starter,fallback_used,projected,full,12,5,0.0322
61,Mikal Bridges,21716137,pts,starter,fallback_used,projected,full,12,6,0.0337
61,Mikal Bridges,21716137,pts,starter,fallback_used,projected,full,12,7,0.0391
61,Mikal Bridges,21716137,pts,starter,fallback_used,projected,full,12,8,0.0431
61,Mikal Bridges,21716137,pts,starter,fallback_used,projected,full,12,9,0.0536
61,Mikal Bridges,21716137,pts,starter,fallback_used,projected,full,12,10,0.0597
61,Mikal Bridges,21716137,pts,starter,fallback_used,projected,full,12,11,0.0803
61,Mikal Bridges,21716137,pts,starter,fallback_used,projected,full,12,12,0.0642
61,Mikal Bridges,21716137,pts,starter,fallback_used,projected,full,12,13,0.0817
61,Mikal Bridges,21716137,pts,starter,fallback_used,projected,full,12,14,0.0756
61,Mikal Bridges,21716137,pts,starter,fallback_used,projected,full,12,15,0.061
61,Mikal Bridges,21716137,pts,starter,fallback_used,projected,full,12,16,0.0483
61,Mikal Bridges,21716137,pts,starter,fallback_used,projected,full,12,17,0.0564
61,Mikal Bridges,21716137,pts,starter,fallback_used,projected,full,12,18,0.0504
61,Mikal Bridges,21716137,pts,starter,fallback_used,projected,full,12,19,0.0424
61,Mikal Bridges,21716137,pts,starter,fallback_used,projected,full,12,20,0.0226
61,Mikal Bridges,21716137,pts,starter,fallback_used,projected,full,12,21,0.021
61,Mikal Bridges,21716137,pts,starter,fallback_used,projected,full,12,22,0.0216
61,Mikal Bridges,21716137,pts,starter,fallback_used,projected,full,12,23,0.0065
61,Mikal Bridges,21716137,pts,starter,fallback_used,projected,full,12,24,0.0103
61,Mikal Bridges,21716137,pts,starter,fallback_used,projected,full,12,25,0.0108
61,Mikal Bridges,21716137,pts,starter,fallback_used,projected,full,12,26,0.0139
61,Mikal Bridges,21716137,pts,starter,fallback_used,projected,full,12,27,0.0053
61,Mikal Bridges,21716137,pts,starter,fallback_used,projected,full,12,28,0.0034
61,Mikal Bridges,21716137,pts,starter,fallback_used,projected,full,12,29,0.0048
61,Mikal Bridges,21716137,pts,starter,fallback_used,projected,full,12,30,0.0036
61,Mikal Bridges,21716137,pts,starter,fallback_used,projected,full,12,31,0.0006
61,Mikal Bridges,21716137,pts,starter,fallback_used,projected,full,12,32,0.0018
61,Mikal Bridges,21716137,pts,starter,fallback_used,projected,full,12,33,0.0004
61,Mikal Bridges,21716137,pts,starter,fallback_used,projected,full,12,34,0.0004
61,Mikal Bridges,21716137,pts,starter,fallback_used,projected,full,12,35,0.0004
61,Mikal Bridges,21716137,pts,starter,fallback_used,projected,full,12,36,0.0006
61,Mikal Bridges,21716137,pts,starter,fallback_used,projected,full,12,37,0.0002
61,Mikal Bridges,21716137,pts,starter,fallback_used,projected,full,12,38,0.0001
61,Mikal Bridges,21716137,pts,starter,fallback_used,projected,full,12,39,0.0001
61,Mikal Bridges,21716137,pts,starter,fallback_used,projected,full,12,40,0.0001
61,Mikal Bridges,21716137,pts,starter,fallback_used,projected,full,12,41,0.0001
61,Mikal Bridges,21716137,pts,starter,fallback_used,projected,full,12,42,0.0002
61,Mikal Bridges,21716137,pts,starter,fallback_used,projected,full,12,43,0.0
61,Mikal Bridges,21716137,pts,starter,fallback_used,projected,full,12,45,0.0
61,Mikal Bridges,21716137,pts,starter,fallback_used,projected,full,12,57,0.0
61,Mikal Bridges,21716137,pts,starter,fallback_used,projected,full,12,80,0.0
61,Mikal Bridges,21716137,reb,starter,fallback_used,projected,full,13,0,0.0062
61,Mikal Bridges,21716137,reb,starter,fallback_used,projected,full,13,1,0.0238
61,Mikal Bridges,21716137,reb,starter,fallback_used,projected,full,13,2,0.0864
61,Mikal Bridges,21716137,reb,starter,fallback_used,projected,full,13,3,0.2042
61,Mikal Bridges,21716137,reb,starter,fallback_used,projected,full,13,4,0.3003
61,Mikal Bridges,21716137,reb,starter,fallback_used,projected,full,13,5,0.2024
61,Mikal Bridges,21716137,reb,starter,fallback_used,projected,full,13,6,0.1144
61,Mikal Bridges,21716137,reb,starter,fallback_used,projected,full,13,7,0.0442
61,Mikal Bridges,21716137,reb,starter,fallback_used,projected,full,13,8,0.0129
61,Mikal Bridges,21716137,reb,starter,fallback_used,projected,full,13,9,0.0038
61,Mikal Bridges,21716137,reb,starter,fallback_used,projected,full,13,10,0.0012
61,Mikal Bridges,21716137,reb,starter,fallback_used,projected,full,13,11,0.0
61,Mikal Bridges,21716137,reb,starter,fallback_used,projected,full,13,12,0.0
61,Mikal Bridges,21716137,reb,starter,fallback_used,projected,full,13,13,0.0
61,Mikal Bridges,21716137,reb,starter,fallback_used,projected,full,13,14,0.0
61,Mikal Bridges,21716137,reb,starter,fallback_used,projected,full,13,15,0.0
61,Mikal Bridges,21716137,reb,starter,fallback_used,projected,full,13,16,0.0
61,Mikal Bridges,21716137,reb,starter,fallback_used,projected,full,13,17,0.0
61,Mikal Bridges,21716137,reb,starter,fallback_used,projected,full,13,18,0.0
61,Mikal Bridges,21716137,reb,starter,fallback_used,projected,full,13,20,0.0
61,Mikal Bridges,21716137,reb,starter,fallback_used,projected,full,13,21,0.0
61,Mikal Bridges,21716137,ast,starter,fallback_used,projected,full,14,0,0.0151
61,Mikal Bridges,21716137,ast,starter,fallback_used,projected,full,14,1,0.1061
61,Mikal Bridges,21716137,ast,starter,fallback_used,projected,full,14,2,0.3068
61,Mikal Bridges,21716137,ast,starter,fallback_used,projected,full,14,3,0.2813
61,Mikal Bridges,21716137,ast,starter,fallback_used,projected,full,14,4,0.2251
61,Mikal Bridges,21716137,ast,starter,fallback_used,projected,full,14,5,0.0557
61,Mikal Bridges,21716137,ast,starter,fallback_used,projected,full,14,6,0.0085
61,Mikal Bridges,21716137,ast,starter,fallback_used,projected,full,14,7,0.0012
61,Mikal Bridges,21716137,ast,starter,fallback_used,projected,full,14,8,0.0001
61,Mikal Bridges,21716137,ast,starter,fallback_used,projected,full,14,9,0.0
61,Mikal Bridges,21716137,ast,starter,fallback_used,projected,full,14,10,0.0
61,Mikal Bridges,21716137,ast,starter,fallback_used,projected,full,14,11,0.0
61,Mikal Bridges,21716137,ast,starter,fallback_used,projected,full,14,12,0.0
61,Mikal Bridges,21716137,ast,starter,fallback_used,projected,full,14,13,0.0
61,Mikal Bridges,21716137,ast,starter,fallback_used,projected,full,14,14,0.0
61,Mikal Bridges,21716137,ast,starter,fallback_used,projected,full,14,15,0.0
61,Mikal Bridges,21716137,fg3m,starter,fallback_used,projected,full,15,0,0.4049
61,Mikal Bridges,21716137,fg3m,starter,fallback_used,projected,full,15,1,0.2404
61,Mikal Bridges,21716137,fg3m,starter,fallback_used,projected,full,15,2,0.1661
61,Mikal Bridges,21716137,fg3m,starter,fallback_used,projected,full,15,3,0.1886
61,Mikal Bridges,21716137,tov,starter,fallback_used,projected,full,16,0,0.1251
61,Mikal Bridges,21716137,tov,starter,fallback_used,projected,full,16,1,0.6421
61,Mikal Bridges,21716137,tov,starter,fallback_used,projected,full,16,2,0.2054
61,Mikal Bridges,21716137,tov,starter,fallback_used,projected,full,16,3,0.026
61,Mikal Bridges,21716137,tov,starter,fallback_used,projected,full,16,4,0.0013
61,Mikal Bridges,21716137,tov,starter,fallback_used,projected,full,16,5,0.0
61,Mikal Bridges,21716137,tov,starter,fallback_used,projected,full,16,6,0.0
61,Mikal Bridges,21716137,tov,starter,fallback_used,projected,full,16,7,0.0
61,Mikal Bridges,21716137,tov,starter,fallback_used,projected,full,16,8,0.0
61,Mikal Bridges,21716137,tov,starter,fallback_used,projected,full,16,9,0.0
61,Mikal Bridges,21716137,tov,starter,fallback_used,projected,full,16,10,0.0
61,Mikal Bridges,21716137,stl,starter,fallback_used,projected,full,17,0,0.5667
61,Mikal Bridges,21716137,stl,starter,fallback_used,projected,full,17,1,0.3141
61,Mikal Bridges,21716137,stl,starter,fallback_used,projected,full,17,2,0.0805
61,Mikal Bridges,21716137,stl,starter,fallback_used,projected,full,17,3,0.0285
61,Mikal Bridges,21716137,stl,starter,fallback_used,projected,full,17,4,0.0102
61,Mikal Bridges,21716137,blk,starter,fallback_used,projected,full,18,0,0.7621
61,Mikal Bridges,21716137,blk,starter,fallback_used,projected,full,18,1,0.1545
61,Mikal Bridges,21716137,blk,starter,fallback_used,projected,full,18,2,0.0775
61,Mikal Bridges,21716137,blk,starter,fallback_used,projected,full,18,3,0.003
61,Mikal Bridges,21716137,blk,starter,fallback_used,projected,full,18,4,0.0029
61,Mikal Bridges,21716137,stocks,starter,fallback_used,projected,full,19,0,0.4319
61,Mikal Bridges,21716137,stocks,starter,fallback_used,projected,full,19,1,0.3269
61,Mikal Bridges,21716137,stocks,starter,fallback_used,projected,full,19,2,0.1517
61,Mikal Bridges,21716137,stocks,starter,fallback_used,projected,full,19,3,0.059
61,Mikal Bridges,21716137,stocks,starter,fallback_used,projected,full,19,4,0.0228
61,Mikal Bridges,21716137,stocks,starter,fallback_used,projected,full,19,5,0.006
61,Mikal Bridges,21716137,stocks,starter,fallback_used,projected,full,19,6,0.0014
61,Mikal Bridges,21716137,stocks,starter,fallback_used,projected,full,19,7,0.0002
61,Mikal Bridges,21716137,stocks,starter,fallback_used,projected,full,19,8,0.0001
61,Mikal Bridges,21716137,pa,starter,fallback_used,projected,full,20,0,0.0
61,Mikal Bridges,21716137,pa,starter,fallback_used,projected,full,20,1,0.0003
61,Mikal Bridges,21716137,pa,starter,fallback_used,projected,full,20,2,0.0013
61,Mikal Bridges,21716137,pa,starter,fallback_used,projected,full,20,3,0.0028
61,Mikal Bridges,21716137,pa,starter,fallback_used,projected,full,20,4,0.0056
61,Mikal Bridges,21716137,pa,starter,fallback_used,projected,full,20,5,0.0104
61,Mikal Bridges,21716137,pa,starter,fallback_used,projected,full,20,6,0.0165
61,Mikal Bridges,21716137,pa,starter,fallback_used,projected,full,20,7,0.0239
61,Mikal Bridges,21716137,pa,starter,fallback_used,projected,full,20,8,0.0298
61,Mikal Bridges,21716137,pa,starter,fallback_used,projected,full,20,9,0.0354
61,Mikal Bridges,21716137,pa,starter,fallback_used,projected,full,20,10,0.0404
61,Mikal Bridges,21716137,pa,starter,fallback_used,projected,full,20,11,0.0471
61,Mikal Bridges,21716137,pa,starter,fallback_used,projected,full,20,12,0.0551
61,Mikal Bridges,21716137,pa,starter,fallback_used,projected,full,20,13,0.0643
61,Mikal Bridges,21716137,pa,starter,fallback_used,projected,full,20,14,0.0689
61,Mikal Bridges,21716137,pa,starter,fallback_used,projected,full,20,15,0.074
61,Mikal Bridges,21716137,pa,starter,fallback_used,projected,full,20,16,0.0729
61,Mikal Bridges,21716137,pa,starter,fallback_used,projected,full,20,17,0.0687
61,Mikal Bridges,21716137,pa,starter,fallback_used,projected,full,20,18,0.0609
61,Mikal Bridges,21716137,pa,starter,fallback_used,projected,full,20,19,0.0556
61,Mikal Bridges,21716137,pa,starter,fallback_used,projected,full,20,20,0.0512
61,Mikal Bridges,21716137,pa,starter,fallback_used,projected,full,20,21,0.0459
61,Mikal Bridges,21716137,pa,starter,fallback_used,projected,full,20,22,0.0364
61,Mikal Bridges,21716137,pa,starter,fallback_used,projected,full,20,23,0.0281
61,Mikal Bridges,21716137,pa,starter,fallback_used,projected,full,20,24,0.0213
61,Mikal Bridges,21716137,pa,starter,fallback_used,projected,full,20,25,0.0157
61,Mikal Bridges,21716137,pa,starter,fallback_used,projected,full,20,26,0.0126
61,Mikal Bridges,21716137,pa,starter,fallback_used,projected,full,20,27,0.0106
61,Mikal Bridges,21716137,pa,starter,fallback_used,projected,full,20,28,0.0108
61,Mikal Bridges,21716137,pa,starter,fallback_used,projected,full,20,29,0.0091
61,Mikal Bridges,21716137,pa,starter,fallback_used,projected,full,20,30,0.0069
61,Mikal Bridges,21716137,pa,starter,fallback_used,projected,full,20,31,0.0049
61,Mikal Bridges,21716137,pa,starter,fallback_used,projected,full,20,32,0.0037
61,Mikal Bridges,21716137,pa,starter,fallback_used,projected,full,20,33,0.0027
61,Mikal Bridges,21716137,pa,starter,fallback_used,projected,full,20,34,0.0019
61,Mikal Bridges,21716137,pa,starter,fallback_used,projected,full,20,35,0.001
61,Mikal Bridges,21716137,pa,starter,fallback_used,projected,full,20,36,0.0007
61,Mikal Bridges,21716137,pa,starter,fallback_used,projected,full,20,37,0.0005
61,Mikal Bridges,21716137,pa,starter,fallback_used,projected,full,20,38,0.0004
61,Mikal Bridges,21716137,pa,starter,fallback_used,projected,full,20,39,0.0004
61,Mikal Bridges,21716137,pa,starter,fallback_used,projected,full,20,40,0.0003
61,Mikal Bridges,21716137,pa,starter,fallback_used,projected,full,20,41,0.0002
61,Mikal Bridges,21716137,pa,starter,fallback_used,projected,full,20,42,0.0001
61,Mikal Bridges,21716137,pa,starter,fallback_used,projected,full,20,43,0.0001
61,Mikal Bridges,21716137,pa,starter,fallback_used,projected,full,20,44,0.0001
61,Mikal Bridges,21716137,pa,starter,fallback_used,projected,full,20,45,0.0001
61,Mikal Bridges,21716137,pa,starter,fallback_used,projected,full,20,46,0.0001
61,Mikal Bridges,21716137,pa,starter,fallback_used,projected,full,20,47,0.0
61,Mikal Bridges,21716137,pa,starter,fallback_used,projected,full,20,48,0.0
61,Mikal Bridges,21716137,pa,starter,fallback_used,projected,full,20,49,0.0
61,Mikal Bridges,21716137,pa,starter,fallback_used,projected,full,20,50,0.0
61,Mikal Bridges,21716137,pa,starter,fallback_used,projected,full,20,51,0.0
61,Mikal Bridges,21716137,pa,starter,fallback_used,projected,full,20,52,0.0
61,Mikal Bridges,21716137,pa,starter,fallback_used,projected,full,20,53,0.0
61,Mikal Bridges,21716137,pa,starter,fallback_used,projected,full,20,54,0.0
61,Mikal Bridges,21716137,pa,starter,fallback_used,projected,full,20,55,0.0
61,Mikal Bridges,21716137,pa,starter,fallback_used,projected,full,20,56,0.0
61,Mikal Bridges,21716137,pa,starter,fallback_used,projected,full,20,57,0.0
61,Mikal Bridges,21716137,pa,starter,fallback_used,projected,full,20,58,0.0
61,Mikal Bridges,21716137,pa,starter,fallback_used,projected,full,20,59,0.0
61,Mikal Bridges,21716137,pa,starter,fallback_used,projected,full,20,60,0.0
61,Mikal Bridges,21716137,pa,starter,fallback_used,projected,full,20,61,0.0
61,Mikal Bridges,21716137,pa,starter,fallback_used,projected,full,20,62,0.0
61,Mikal Bridges,21716137,pa,starter,fallback_used,projected,full,20,63,0.0
61,Mikal Bridges,21716137,pa,starter,fallback_used,projected,full,20,64,0.0
61,Mikal Bridges,21716137,pa,starter,fallback_used,projected,full,20,65,0.0
61,Mikal Bridges,21716137,pa,starter,fallback_used,projected,full,20,66,0.0
61,Mikal Bridges,21716137,pa,starter,fallback_used,projected,full,20,67,0.0
61,Mikal Bridges,21716137,pa,starter,fallback_used,projected,full,20,68,0.0
61,Mikal Bridges,21716137,pa,starter,fallback_used,projected,full,20,69,0.0
61,Mikal Bridges,21716137,pa,starter,fallback_used,projected,full,20,80,0.0
61,Mikal Bridges,21716137,pa,starter,fallback_used,projected,full,20,81,0.0
61,Mikal Bridges,21716137,pa,starter,fallback_used,projected,full,20,82,0.0
61,Mikal Bridges,21716137,pa,starter,fallback_used,projected,full,20,83,0.0
61,Mikal Bridges,21716137,pa,starter,fallback_used,projected,full,20,84,0.0
61,Mikal Bridges,21716137,pa,starter,fallback_used,projected,full,20,85,0.0
61,Mikal Bridges,21716137,pa,starter,fallback_used,projected,full,20,86,0.0
61,Mikal Bridges,21716137,pa,starter,fallback_used,projected,full,20,87,0.0
61,Mikal Bridges,21716137,pa,starter,fallback_used,projected,full,20,88,0.0
61,Mikal Bridges,21716137,pa,starter,fallback_used,projected,full,20,89,0.0
61,Mikal Bridges,21716137,pa,starter,fallback_used,projected,full,20,90,0.0
61,Mikal Bridges,21716137,pa,starter,fallback_used,projected,full,20,91,0.0
61,Mikal Bridges,21716137,pa,starter,fallback_used,projected,full,20,92,0.0
61,Mikal Bridges,21716137,pr,starter,fallback_used,projected,full,21,0,0.0
61,Mikal Bridges,21716137,pr,starter,fallback_used,projected,full,21,1,0.0001
61,Mikal Bridges,21716137,pr,starter,fallback_used,projected,full,21,2,0.0003
61,Mikal Bridges,21716137,pr,starter,fallback_used,projected,full,21,3,0.0011
61,Mikal Bridges,21716137,pr,starter,fallback_used,projected,full,21,4,0.0026
61,Mikal Bridges,21716137,pr,starter,fallback_used,projected,full,21,5,0.005
61,Mikal Bridges,21716137,pr,starter,fallback_used,projected,full,21,6,0.009
61,Mikal Bridges,21716137,pr,starter,fallback_used,projected,full,21,7,0.0147
61,Mikal Bridges,21716137,pr,starter,fallback_used,projected,full,21,8,0.0211
61,Mikal Bridges,21716137,pr,starter,fallback_used,projected,full,21,9,0.0277
61,Mikal Bridges,21716137,pr,starter,fallback_used,projected,full,21,10,0.0332
61,Mikal Bridges,21716137,pr,starter,fallback_used,projected,full,21,11,0.0387
61,Mikal Bridges,21716137,pr,starter,fallback_used,projected,full,21,12,0.0449
61,Mikal Bridges,21716137,pr,starter,fallback_used,projected,full,21,13,0.0525
61,Mikal Bridges,21716137,pr,starter,fallback_used,projected,full,21,14,0.0604
61,Mikal Bridges,21716137,pr,starter,fallback_used,projected,full,21,15,0.0673
61,Mikal Bridges,21716137,pr,starter,fallback_used,projected,full,21,16,0.0705
61,Mikal Bridges,21716137,pr,starter,fallback_used,projected,full,21,17,0.0725
61,Mikal Bridges,21716137,pr,starter,fallback_used,projected,full,21,18,0.0695
61,Mikal Bridges,21716137,pr,starter,fallback_used,projected,full,21,19,0.0633
61,Mikal Bridges,21716137,pr,starter,fallback_used,projected,full,21,20,0.0573
61,Mikal Bridges,21716137,pr,starter,fallback_used,projected,full,21,21,0.0531
61,Mikal Bridges,21716137,pr,starter,fallback_used,projected,full,21,22,0.0474
61,Mikal Bridges,21716137,pr,starter,fallback_used,projected,full,21,23,0.0397
61,Mikal Bridges,21716137,pr,starter,fallback_used,projected,full,21,24,0.031
61,Mikal Bridges,21716137,pr,starter,fallback_used,projected,full,21,25,0.0242
61,Mikal Bridges,21716137,pr,starter,fallback_used,projected,full,21,26,0.0187
61,Mikal Bridges,21716137,pr,starter,fallback_used,projected,full,21,27,0.0139
61,Mikal Bridges,21716137,pr,starter,fallback_used,projected,full,21,28,0.0119
61,Mikal Bridges,21716137,pr,starter,fallback_used,projected,full,21,29,0.0109
61,Mikal Bridges,21716137,pr,starter,fallback_used,projected,full,21,30,0.0097
61,Mikal Bridges,21716137,pr,starter,fallback_used,projected,full,21,31,0.0075
61,Mikal Bridges,21716137,pr,starter,fallback_used,projected,full,21,32,0.0057
61,Mikal Bridges,21716137,pr,starter,fallback_used,projected,full,21,33,0.0044
61,Mikal Bridges,21716137,pr,starter,fallback_used,projected,full,21,34,0.0032
61,Mikal Bridges,21716137,pr,starter,fallback_used,projected,full,21,35,0.0021
61,Mikal Bridges,21716137,pr,starter,fallback_used,projected,full,21,36,0.0015
61,Mikal Bridges,21716137,pr,starter,fallback_used,projected,full,21,37,0.0009
61,Mikal Bridges,21716137,pr,starter,fallback_used,projected,full,21,38,0.0006
61,Mikal Bridges,21716137,pr,starter,fallback_used,projected,full,21,39,0.0005
61,Mikal Bridges,21716137,pr,starter,fallback_used,projected,full,21,40,0.0004
61,Mikal Bridges,21716137,pr,starter,fallback_used,projected,full,21,41,0.0003
61,Mikal Bridges,21716137,pr,starter,fallback_used,projected,full,21,42,0.0002
61,Mikal Bridges,21716137,pr,starter,fallback_used,projected,full,21,43,0.0002
61,Mikal Bridges,21716137,pr,starter,fallback_used,projected,full,21,44,0.0001
61,Mikal Bridges,21716137,pr,starter,fallback_used,projected,full,21,45,0.0001
61,Mikal Bridges,21716137,pr,starter,fallback_used,projected,full,21,46,0.0001
61,Mikal Bridges,21716137,pr,starter,fallback_used,projected,full,21,47,0.0001
61,Mikal Bridges,21716137,pr,starter,fallback_used,projected,full,21,48,0.0
61,Mikal Bridges,21716137,pr,starter,fallback_used,projected,full,21,49,0.0
61,Mikal Bridges,21716137,pr,starter,fallback_used,projected,full,21,50,0.0
61,Mikal Bridges,21716137,pr,starter,fallback_used,projected,full,21,51,0.0
61,Mikal Bridges,21716137,pr,starter,fallback_used,projected,full,21,52,0.0
61,Mikal Bridges,21716137,pr,starter,fallback_used,projected,full,21,53,0.0
61,Mikal Bridges,21716137,pr,starter,fallback_used,projected,full,21,54,0.0
61,Mikal Bridges,21716137,pr,starter,fallback_used,projected,full,21,55,0.0
61,Mikal Bridges,21716137,pr,starter,fallback_used,projected,full,21,56,0.0
61,Mikal Bridges,21716137,pr,starter,fallback_used,projected,full,21,57,0.0
61,Mikal Bridges,21716137,pr,starter,fallback_used,projected,full,21,58,0.0
61,Mikal Bridges,21716137,pr,starter,fallback_used,projected,full,21,59,0.0
61,Mikal Bridges,21716137,pr,starter,fallback_used,projected,full,21,60,0.0
61,Mikal Bridges,21716137,pr,starter,fallback_used,projected,full,21,61,0.0
61,Mikal Bridges,21716137,pr,starter,fallback_used,projected,full,21,62,0.0
61,Mikal Bridges,21716137,pr,starter,fallback_used,projected,full,21,63,0.0
61,Mikal Bridges,21716137,pr,starter,fallback_used,projected,full,21,64,0.0
61,Mikal Bridges,21716137,pr,starter,fallback_used,projected,full,21,65,0.0
61,Mikal Bridges,21716137,pr,starter,fallback_used,projected,full,21,66,0.0
61,Mikal Bridges,21716137,pr,starter,fallback_used,projected,full,21,67,0.0
61,Mikal Bridges,21716137,pr,starter,fallback_used,projected,full,21,68,0.0
61,Mikal Bridges,21716137,pr,starter,fallback_used,projected,full,21,69,0.0
61,Mikal Bridges,21716137,pr,starter,fallback_used,projected,full,21,70,0.0
61,Mikal Bridges,21716137,pr,starter,fallback_used,projected,full,21,71,0.0
61,Mikal Bridges,21716137,pr,starter,fallback_used,projected,full,21,72,0.0
61,Mikal Bridges,21716137,pr,starter,fallback_used,projected,full,21,73,0.0
61,Mikal Bridges,21716137,pr,starter,fallback_used,projected,full,21,74,0.0
61,Mikal Bridges,21716137,pr,starter,fallback_used,projected,full,21,80,0.0
61,Mikal Bridges,21716137,pr,starter,fallback_used,projected,full,21,81,0.0
61,Mikal Bridges,21716137,pr,starter,fallback_used,projected,full,21,82,0.0
61,Mikal Bridges,21716137,pr,starter,fallback_used,projected,full,21,83,0.0
61,Mikal Bridges,21716137,pr,starter,fallback_used,projected,full,21,84,0.0
61,Mikal Bridges,21716137,pr,starter,fallback_used,projected,full,21,85,0.0
61,Mikal Bridges,21716137,pr,starter,fallback_used,projected,full,21,86,0.0
61,Mikal Bridges,21716137,pr,starter,fallback_used,projected,full,21,87,0.0
61,Mikal Bridges,21716137,pr,starter,fallback_used,projected,full,21,88,0.0
61,Mikal Bridges,21716137,pr,starter,fallback_used,projected,full,21,89,0.0
61,Mikal Bridges,21716137,pr,starter,fallback_used,projected,full,21,90,0.0
61,Mikal Bridges,21716137,pr,starter,fallback_used,projected,full,21,91,0.0
61,Mikal Bridges,21716137,pr,starter,fallback_used,projected,full,21,92,0.0
61,Mikal Bridges,21716137,pr,starter,fallback_used,projected,full,21,93,0.0
61,Mikal Bridges,21716137,pr,starter,fallback_used,projected,full,21,94,0.0
61,Mikal Bridges,21716137,pr,starter,fallback_used,projected,full,21,95,0.0
61,Mikal Bridges,21716137,pr,starter,fallback_used,projected,full,21,96,0.0
61,Mikal Bridges,21716137,pr,starter,fallback_used,projected,full,21,97,0.0
61,Mikal Bridges,21716137,ra,starter,fallback_used,projected,full,22,0,0.0001
61,Mikal Bridges,21716137,ra,starter,fallback_used,projected,full,22,1,0.001
61,Mikal Bridges,21716137,ra,starter,fallback_used,projected,full,22,2,0.0057
61,Mikal Bridges,21716137,ra,starter,fallback_used,projected,full,22,3,0.0213
61,Mikal Bridges,21716137,ra,starter,fallback_used,projected,full,22,4,0.0608
61,Mikal Bridges,21716137,ra,starter,fallback_used,projected,full,22,5,0.1276
61,Mikal Bridges,21716137,ra,starter,fallback_used,projected,full,22,6,0.1936
61,Mikal Bridges,21716137,ra,starter,fallback_used,projected,full,22,7,0.2104
61,Mikal Bridges,21716137,ra,starter,fallback_used,projected,full,22,8,0.1767
61,Mikal Bridges,21716137,ra,starter,fallback_used,projected,full,22,9,0.1114
61,Mikal Bridges,21716137,ra,starter,fallback_used,projected,full,22,10,0.0567
61,Mikal Bridges,21716137,ra,starter,fallback_used,projected,full,22,11,0.0234
61,Mikal Bridges,21716137,ra,starter,fallback_used,projected,full,22,12,0.0081
61,Mikal Bridges,21716137,ra,starter,fallback_used,projected,full,22,13,0.0025
61,Mikal Bridges,21716137,ra,starter,fallback_used,projected,full,22,14,0.0007
61,Mikal Bridges,21716137,ra,starter,fallback_used,projected,full,22,15,0.0001
61,Mikal Bridges,21716137,ra,starter,fallback_used,projected,full,22,16,0.0
61,Mikal Bridges,21716137,ra,starter,fallback_used,projected,full,22,17,0.0
61,Mikal Bridges,21716137,ra,starter,fallback_used,projected,full,22,18,0.0
61,Mikal Bridges,21716137,ra,starter,fallback_used,projected,full,22,19,0.0
61,Mikal Bridges,21716137,ra,starter,fallback_used,projected,full,22,20,0.0
61,Mikal Bridges,21716137,ra,starter,fallback_used,projected,full,22,21,0.0
61,Mikal Bridges,21716137,ra,starter,fallback_used,projected,full,22,22,0.0
61,Mikal Bridges,21716137,ra,starter,fallback_used,projected,full,22,23,0.0
61,Mikal Bridges,21716137,ra,starter,fallback_used,projected,full,22,24,0.0
61,Mikal Bridges,21716137,ra,starter,fallback_used,projected,full,22,25,0.0
61,Mikal Bridges,21716137,ra,starter,fallback_used,projected,full,22,26,0.0
61,Mikal Bridges,21716137,ra,starter,fallback_used,projected,full,22,27,0.0
61,Mikal Bridges,21716137,pra,starter,fallback_used,projected,full,23,0,0.0
61,Mikal Bridges,21716137,pra,starter,fallback_used,projected,full,23,1,0.0
61,Mikal Bridges,21716137,pra,starter,fallback_used,projected,full,23,2,0.0
61,Mikal Bridges,21716137,pra,starter,fallback_used,projected,full,23,3,0.0001
61,Mikal Bridges,21716137,pra,starter,fallback_used,projected,full,23,4,0.0003
61,Mikal Bridges,21716137,pra,starter,fallback_used,projected,full,23,5,0.0008
61,Mikal Bridges,21716137,pra,starter,fallback_used,projected,full,23,6,0.0019
61,Mikal Bridges,21716137,pra,starter,fallback_used,projected,full,23,7,0.0037
61,Mikal Bridges,21716137,pra,starter,fallback_used,projected,full,23,8,0.0067
61,Mikal Bridges,21716137,pra,starter,fallback_used,projected,full,23,9,0.011
61,Mikal Bridges,21716137,pra,starter,fallback_used,projected,full,23,10,0.0164
61,Mikal Bridges,21716137,pra,starter,fallback_used,projected,full,23,11,0.0224
61,Mikal Bridges,21716137,pra,starter,fallback_used,projected,full,23,12,0.0284
61,Mikal Bridges,21716137,pra,starter,fallback_used,projected,full,23,13,0.0343
61,Mikal Bridges,21716137,pra,starter,fallback_used,projected,full,23,14,0.0403
61,Mikal Bridges,21716137,pra,starter,fallback_used,projected,full,23,15,0.047
61,Mikal Bridges,21716137,pra,starter,fallback_used,projected,full,23,16,0.0541
61,Mikal Bridges,21716137,pra,starter,fallback_used,projected,full,23,17,0.0609
61,Mikal Bridges,21716137,pra,starter,fallback_used,projected,full,23,18,0.0662
61,Mikal Bridges,21716137,pra,starter,fallback_used,projected,full,23,19,0.0694
61,Mikal Bridges,21716137,pra,starter,fallback_used,projected,full,23,20,0.0695
61,Mikal Bridges,21716137,pra,starter,fallback_used,projected,full,23,21,0.0668
61,Mikal Bridges,21716137,pra,starter,fallback_used,projected,full,23,22,0.0621
61,Mikal Bridges,21716137,pra,starter,fallback_used,projected,full,23,23,0.0569
61,Mikal Bridges,21716137,pra,starter,fallback_used,projected,full,23,24,0.0513
61,Mikal Bridges,21716137,pra,starter,fallback_used,projected,full,23,25,0.0449
61,Mikal Bridges,21716137,pra,starter,fallback_used,projected,full,23,26,0.0377
61,Mikal Bridges,21716137,pra,starter,fallback_used,projected,full,23,27,0.0304
61,Mikal Bridges,21716137,pra,starter,fallback_used,projected,full,23,28,0.0239
61,Mikal Bridges,21716137,pra,starter,fallback_used,projected,full,23,29,0.0185
61,Mikal Bridges,21716137,pra,starter,fallback_used,projected,full,23,30,0.0147
61,Mikal Bridges,21716137,pra,starter,fallback_used,projected,full,23,31,0.0122
61,Mikal Bridges,21716137,pra,starter,fallback_used,projected,full,23,32,0.0106
61,Mikal Bridges,21716137,pra,starter,fallback_used,projected,full,23,33,0.009
61,Mikal Bridges,21716137,pra,starter,fallback_used,projected,full,23,34,0.0073
61,Mikal Bridges,21716137,pra,starter,fallback_used,projected,full,23,35,0.0056
61,Mikal Bridges,21716137,pra,starter,fallback_used,projected,full,23,36,0.0042
61,Mikal Bridges,21716137,pra,starter,fallback_used,projected,full,23,37,0.0031
61,Mikal Bridges,21716137,pra,starter,fallback_used,projected,full,23,38,0.0022
61,Mikal Bridges,21716137,pra,starter,fallback_used,projected,full,23,39,0.0015
61,Mikal Bridges,21716137,pra,starter,fallback_used,projected,full,23,40,0.001
61,Mikal Bridges,21716137,pra,starter,fallback_used,projected,full,23,41,0.0007
61,Mikal Bridges,21716137,pra,starter,fallback_used,projected,full,23,42,0.0005
61,Mikal Bridges,21716137,pra,starter,fallback_used,projected,full,23,43,0.0004
61,Mikal Bridges,21716137,pra,starter,fallback_used,projected,full,23,44,0.0003
61,Mikal Bridges,21716137,pra,starter,fallback_used,projected,full,23,45,0.0002
61,Mikal Bridges,21716137,pra,starter,fallback_used,projected,full,23,46,0.0002
61,Mikal Bridges,21716137,pra,starter,fallback_used,projected,full,23,47,0.0001
61,Mikal Bridges,21716137,pra,starter,fallback_used,projected,full,23,48,0.0001
61,Mikal Bridges,21716137,pra,starter,fallback_used,projected,full,23,49,0.0001
61,Mikal Bridges,21716137,pra,starter,fallback_used,projected,full,23,50,0.0001
61,Mikal Bridges,21716137,pra,starter,fallback_used,projected,full,23,51,0.0
61,Mikal Bridges,21716137,pra,starter,fallback_used,projected,full,23,52,0.0
61,Mikal Bridges,21716137,pra,starter,fallback_used,projected,full,23,53,0.0
61,Mikal Bridges,21716137,pra,starter,fallback_used,projected,full,23,54,0.0
61,Mikal Bridges,21716137,pra,starter,fallback_used,projected,full,23,55,0.0
61,Mikal Bridges,21716137,pra,starter,fallback_used,projected,full,23,56,0.0
61,Mikal Bridges,21716137,pra,starter,fallback_used,projected,full,23,57,0.0
61,Mikal Bridges,21716137,pra,starter,fallback_used,projected,full,23,58,0.0
61,Mikal Bridges,21716137,pra,starter,fallback_used,projected,full,23,59,0.0
61,Mikal Bridges,21716137,pra,starter,fallback_used,projected,full,23,60,0.0
61,Mikal Bridges,21716137,pra,starter,fallback_used,projected,full,23,61,0.0
61,Mikal Bridges,21716137,pra,starter,fallback_used,projected,full,23,62,0.0
61,Mikal Bridges,21716137,pra,starter,fallback_used,projected,full,23,63,0.0
61,Mikal Bridges,21716137,pra,starter,fallback_used,projected,full,23,64,0.0
61,Mikal Bridges,21716137,pra,starter,fallback_used,projected,full,23,65,0.0
61,Mikal Bridges,21716137,pra,starter,fallback_used,projected,full,23,66,0.0
61,Mikal Bridges,21716137,pra,starter,fallback_used,projected,full,23,67,0.0
61,Mikal Bridges,21716137,pra,starter,fallback_used,projected,full,23,68,0.0
61,Mikal Bridges,21716137,pra,starter,fallback_used,projected,full,23,69,0.0
61,Mikal Bridges,21716137,pra,starter,fallback_used,projected,full,23,70,0.0
61,Mikal Bridges,21716137,pra,starter,fallback_used,projected,full,23,71,0.0
61,Mikal Bridges,21716137,pra,starter,fallback_used,projected,full,23,72,0.0
61,Mikal Bridges,21716137,pra,starter,fallback_used,projected,full,23,73,0.0
61,Mikal Bridges,21716137,pra,starter,fallback_used,projected,full,23,74,0.0
61,Mikal Bridges,21716137,pra,starter,fallback_used,projected,full,23,75,0.0
61,Mikal Bridges,21716137,pra,starter,fallback_used,projected,full,23,76,0.0
61,Mikal Bridges,21716137,pra,starter,fallback_used,projected,full,23,77,0.0
61,Mikal Bridges,21716137,pra,starter,fallback_used,projected,full,23,78,0.0
61,Mikal Bridges,21716137,pra,starter,fallback_used,projected,full,23,79,0.0
61,Mikal Bridges,21716137,pra,starter,fallback_used,projected,full,23,80,0.0
61,Mikal Bridges,21716137,pra,starter,fallback_used,projected,full,23,81,0.0
61,Mikal Bridges,21716137,pra,starter,fallback_used,projected,full,23,82,0.0
61,Mikal Bridges,21716137,pra,starter,fallback_used,projected,full,23,83,0.0
61,Mikal Bridges,21716137,pra,starter,fallback_used,projected,full,23,84,0.0
61,Mikal Bridges,21716137,pra,starter,fallback_used,projected,full,23,85,0.0
61,Mikal Bridges,21716137,pra,starter,fallback_used,projected,full,23,86,0.0
61,Mikal Bridges,21716137,pra,starter,fallback_used,projected,full,23,87,0.0
61,Mikal Bridges,21716137,pra,starter,fallback_used,projected,full,23,88,0.0
61,Mikal Bridges,21716137,pra,starter,fallback_used,projected,full,23,89,0.0
61,Mikal Bridges,21716137,pra,starter,fallback_used,projected,full,23,90,0.0
61,Mikal Bridges,21716137,pra,starter,fallback_used,projected,full,23,91,0.0
61,Mikal Bridges,21716137,pra,starter,fallback_used,projected,full,23,92,0.0
61,Mikal Bridges,21716137,pra,starter,fallback_used,projected,full,23,93,0.0
61,Mikal Bridges,21716137,pra,starter,fallback_used,projected,full,23,94,0.0
61,Mikal Bridges,21716137,pra,starter,fallback_used,projected,full,23,95,0.0
61,Mikal Bridges,21716137,pra,starter,fallback_used,projected,full,23,96,0.0
61,Mikal Bridges,21716137,pra,starter,fallback_used,projected,full,23,97,0.0
61,Mikal Bridges,21716137,pra,starter,fallback_used,projected,full,23,98,0.0
61,Mikal Bridges,21716137,pra,starter,fallback_used,projected,full,23,99,0.0
61,Mikal Bridges,21716137,pra,starter,fallback_used,projected,full,23,100,0.0
61,Mikal Bridges,21716137,pra,starter,fallback_used,projected,full,23,101,0.0
61,Mikal Bridges,21716137,pra,starter,fallback_used,projected,full,23,102,0.0
73,Jalen Brunson,21716137,pts,starter,fallback_used,projected,full,24,0,0.0001
73,Jalen Brunson,21716137,pts,starter,fallback_used,projected,full,24,1,0.0007
73,Jalen Brunson,21716137,pts,starter,fallback_used,projected,full,24,2,0.0001
73,Jalen Brunson,21716137,pts,starter,fallback_used,projected,full,24,3,0.0003
73,Jalen Brunson,21716137,pts,starter,fallback_used,projected,full,24,4,0.0006
73,Jalen Brunson,21716137,pts,starter,fallback_used,projected,full,24,5,0.0008
73,Jalen Brunson,21716137,pts,starter,fallback_used,projected,full,24,6,0.0009
73,Jalen Brunson,21716137,pts,starter,fallback_used,projected,full,24,7,0.0011
73,Jalen Brunson,21716137,pts,starter,fallback_used,projected,full,24,8,0.0017
73,Jalen Brunson,21716137,pts,starter,fallback_used,projected,full,24,9,0.0022
73,Jalen Brunson,21716137,pts,starter,fallback_used,projected,full,24,10,0.0031
73,Jalen Brunson,21716137,pts,starter,fallback_used,projected,full,24,11,0.0056
73,Jalen Brunson,21716137,pts,starter,fallback_used,projected,full,24,12,0.0072
73,Jalen Brunson,21716137,pts,starter,fallback_used,projected,full,24,13,0.005
73,Jalen Brunson,21716137,pts,starter,fallback_used,projected,full,24,14,0.0103
73,Jalen Brunson,21716137,pts,starter,fallback_used,projected,full,24,15,0.0124
73,Jalen Brunson,21716137,pts,starter,fallback_used,projected,full,24,16,0.0201
73,Jalen Brunson,21716137,pts,starter,fallback_used,projected,full,24,17,0.0169
73,Jalen Brunson,21716137,pts,starter,fallback_used,projected,full,24,18,0.0242
73,Jalen Brunson,21716137,pts,starter,fallback_used,projected,full,24,19,0.0181
73,Jalen Brunson,21716137,pts,starter,fallback_used,projected,full,24,20,0.0325
73,Jalen Brunson,21716137,pts,starter,fallback_used,projected,full,24,21,0.0375
73,Jalen Brunson,21716137,pts,starter,fallback_used,projected,full,24,22,0.0449
73,Jalen Brunson,21716137,pts,starter,fallback_used,projected,full,24,23,0.0385
73,Jalen Brunson,21716137,pts,starter,fallback_used,projected,full,24,24,0.0554
73,Jalen Brunson,21716137,pts,starter,fallback_used,projected,full,24,25,0.0594
73,Jalen Brunson,21716137,pts,starter,fallback_used,projected,full,24,26,0.0493
73,Jalen Brunson,21716137,pts,starter,fallback_used,projected,full,24,27,0.0747
73,Jalen Brunson,21716137,pts,starter,fallback_used,projected,full,24,28,0.0599
73,Jalen Brunson,21716137,pts,starter,fallback_used,projected,full,24,29,0.0666
73,Jalen Brunson,21716137,pts,starter,fallback_used,projected,full,24,30,0.0491
73,Jalen Brunson,21716137,pts,starter,fallback_used,projected,full,24,31,0.0485
73,Jalen Brunson,21716137,pts,starter,fallback_used,projected,full,24,32,0.0384
73,Jalen Brunson,21716137,pts,starter,fallback_used,projected,full,24,33,0.0451
73,Jalen Brunson,21716137,pts,starter,fallback_used,projected,full,24,34,0.0388
73,Jalen Brunson,21716137,pts,starter,fallback_used,projected,full,24,35,0.02
73,Jalen Brunson,21716137,pts,starter,fallback_used,projected,full,24,36,0.0179
73,Jalen Brunson,21716137,pts,starter,fallback_used,projected,full,24,37,0.0217
73,Jalen Brunson,21716137,pts,starter,fallback_used,projected,full,24,38,0.012
73,Jalen Brunson,21716137,pts,starter,fallback_used,projected,full,24,39,0.0052
73,Jalen Brunson,21716137,pts,starter,fallback_used,projected,full,24,40,0.0098
73,Jalen Brunson,21716137,pts,starter,fallback_used,projected,full,24,41,0.0099
73,Jalen Brunson,21716137,pts,starter,fallback_used,projected,full,24,42,0.0113
73,Jalen Brunson,21716137,pts,starter,fallback_used,projected,full,24,43,0.0053
73,Jalen Brunson,21716137,pts,starter,fallback_used,projected,full,24,44,0.0037
73,Jalen Brunson,21716137,pts,starter,fallback_used,projected,full,24,45,0.0029
73,Jalen Brunson,21716137,pts,starter,fallback_used,projected,full,24,46,0.0033
73,Jalen Brunson,21716137,pts,starter,fallback_used,projected,full,24,47,0.0027
73,Jalen Brunson,21716137,pts,starter,fallback_used,projected,full,24,48,0.0009
73,Jalen Brunson,21716137,pts,starter,fallback_used,projected,full,24,49,0.001
73,Jalen Brunson,21716137,pts,starter,fallback_used,projected,full,24,50,0.0008
73,Jalen Brunson,21716137,pts,starter,fallback_used,projected,full,24,51,0.0002
73,Jalen Brunson,21716137,pts,starter,fallback_used,projected,full,24,52,0.0002
73,Jalen Brunson,21716137,pts,starter,fallback_used,projected,full,24,53,0.0003
73,Jalen Brunson,21716137,pts,starter,fallback_used,projected,full,24,54,0.0003
73,Jalen Brunson,21716137,pts,starter,fallback_used,projected,full,24,55,0.0003
73,Jalen Brunson,21716137,pts,starter,fallback_used,projected,full,24,56,0.0001
73,Jalen Brunson,21716137,pts,starter,fallback_used,projected,full,24,57,0.0001
73,Jalen Brunson,21716137,pts,starter,fallback_used,projected,full,24,58,0.0001
73,Jalen Brunson,21716137,pts,starter,fallback_used,projected,full,24,59,0.0
73,Jalen Brunson,21716137,pts,starter,fallback_used,projected,full,24,60,0.0001
73,Jalen Brunson,21716137,pts,starter,fallback_used,projected,full,24,61,0.0001
73,Jalen Brunson,21716137,pts,starter,fallback_used,projected,full,24,62,0.0
73,Jalen Brunson,21716137,pts,starter,fallback_used,projected,full,24,63,0.0
73,Jalen Brunson,21716137,pts,starter,fallback_used,projected,full,24,65,0.0
73,Jalen Brunson,21716137,pts,starter,fallback_used,projected,full,24,66,0.0
73,Jalen Brunson,21716137,pts,starter,fallback_used,projected,full,24,80,0.0
73,Jalen Brunson,21716137,reb,starter,fallback_used,projected,full,25,0,0.0068
73,Jalen Brunson,21716137,reb,starter,fallback_used,projected,full,25,1,0.0334
73,Jalen Brunson,21716137,reb,starter,fallback_used,projected,full,25,2,0.0985
73,Jalen Brunson,21716137,reb,starter,fallback_used,projected,full,25,3,0.2346
73,Jalen Brunson,21716137,reb,starter,fallback_used,projected,full,25,4,0.3417
73,Jalen Brunson,21716137,reb,starter,fallback_used,projected,full,25,5,0.1637
73,Jalen Brunson,21716137,reb,starter,fallback_used,projected,full,25,6,0.0893
73,Jalen Brunson,21716137,reb,starter,fallback_used,projected,full,25,7,0.0232
73,Jalen Brunson,21716137,reb,starter,fallback_used,projected,full,25,8,0.0069
73,Jalen Brunson,21716137,reb,starter,fallback_used,projected,full,25,9,0.0018
73,Jalen Brunson,21716137,reb,starter,fallback_used,projected,full,25,10,0.0001
73,Jalen Brunson,21716137,reb,starter,fallback_used,projected,full,25,11,0.0
73,Jalen Brunson,21716137,reb,starter,fallback_used,projected,full,25,12,0.0
73,Jalen Brunson,21716137,reb,starter,fallback_used,projected,full,25,13,0.0
73,Jalen Brunson,21716137,reb,starter,fallback_used,projected,full,25,14,0.0
73,Jalen Brunson,21716137,reb,starter,fallback_used,projected,full,25,15,0.0
73,Jalen Brunson,21716137,reb,starter,fallback_used,projected,full,25,16,0.0
73,Jalen Brunson,21716137,reb,starter,fallback_used,projected,full,25,17,0.0
73,Jalen Brunson,21716137,reb,starter,fallback_used,projected,full,25,18,0.0
73,Jalen Brunson,21716137,ast,starter,fallback_used,projected,full,26,0,0.0046
73,Jalen Brunson,21716137,ast,starter,fallback_used,projected,full,26,1,0.0024
73,Jalen Brunson,21716137,ast,starter,fallback_used,projected,full,26,2,0.0111
73,Jalen Brunson,21716137,ast,starter,fallback_used,projected,full,26,3,0.0386
73,Jalen Brunson,21716137,ast,starter,fallback_used,projected,full,26,4,0.0705
73,Jalen Brunson,21716137,ast,starter,fallback_used,projected,full,26,5,0.1983
73,Jalen Brunson,21716137,ast,starter,fallback_used,projected,full,26,6,0.1854
73,Jalen Brunson,21716137,ast,starter,fallback_used,projected,full,26,7,0.2117
73,Jalen Brunson,21716137,ast,starter,fallback_used,projected,full,26,8,0.1607
73,Jalen Brunson,21716137,ast,starter,fallback_used,projected,full,26,9,0.0809
73,Jalen Brunson,21716137,ast,starter,fallback_used,projected,full,26,10,0.0251
73,Jalen Brunson,21716137,ast,starter,fallback_used,projected,full,26,11,0.0071
73,Jalen Brunson,21716137,ast,starter,fallback_used,projected,full,26,12,0.0029
73,Jalen Brunson,21716137,ast,starter,fallback_used,projected,full,26,13,0.0006
73,Jalen Brunson,21716137,ast,starter,fallback_used,projected,full,26,14,0.0001
73,Jalen Brunson,21716137,ast,starter,fallback_used,projected,full,26,15,0.0
73,Jalen Brunson,21716137,ast,starter,fallback_used,projected,full,26,16,0.0
73,Jalen Brunson,21716137,ast,starter,fallback_used,projected,full,26,17,0.0
73,Jalen Brunson,21716137,ast,starter,fallback_used,projected,full,26,18,0.0
73,Jalen Brunson,21716137,ast,starter,fallback_used,projected,full,26,19,0.0
73,Jalen Brunson,21716137,ast,starter,fallback_used,projected,full,26,20,0.0
73,Jalen Brunson,21716137,ast,starter,fallback_used,projected,full,26,21,0.0
73,Jalen Brunson,21716137,ast,starter,fallback_used,projected,full,26,22,0.0
73,Jalen Brunson,21716137,ast,starter,fallback_used,projected,full,26,25,0.0
73,Jalen Brunson,21716137,fg3m,starter,fallback_used,projected,full,27,0,0.4074
73,Jalen Brunson,21716137,fg3m,starter,fallback_used,projected,full,27,1,0.1111
73,Jalen Brunson,21716137,fg3m,starter,fallback_used,projected,full,27,2,0.1643
73,Jalen Brunson,21716137,fg3m,starter,fallback_used,projected,full,27,3,0.1198
73,Jalen Brunson,21716137,fg3m,starter,fallback_used,projected,full,27,4,0.0577
73,Jalen Brunson,21716137,fg3m,starter,fallback_used,projected,full,27,5,0.1398
73,Jalen Brunson,21716137,tov,starter,fallback_used,projected,full,28,0,0.1198
73,Jalen Brunson,21716137,tov,starter,fallback_used,projected,full,28,1,0.3911
73,Jalen Brunson,21716137,tov,starter,fallback_used,projected,full,28,2,0.3479
73,Jalen Brunson,21716137,tov,starter,fallback_used,projected,full,28,3,0.118
73,Jalen Brunson,21716137,tov,starter,fallback_used,projected,full,28,4,0.0215
73,Jalen Brunson,21716137,tov,starter,fallback_used,projected,full,28,5,0.0016
73,Jalen Brunson,21716137,tov,starter,fallback_used,projected,full,28,6,0.0001
73,Jalen Brunson,21716137,tov,starter,fallback_used,projected,full,28,7,0.0
73,Jalen Brunson,21716137,tov,starter,fallback_used,projected,full,28,8,0.0
73,Jalen Brunson,21716137,tov,starter,fallback_used,projected,full,28,9,0.0
73,Jalen Brunson,21716137,tov,starter,fallback_used,projected,full,28,10,0.0
73,Jalen Brunson,21716137,tov,starter,fallback_used,projected,full,28,11,0.0
73,Jalen Brunson,21716137,tov,starter,fallback_used,projected,full,28,12,0.0
73,Jalen Brunson,21716137,stl,starter,fallback_used,projected,full,29,0,0.537
73,Jalen Brunson,21716137,stl,starter,fallback_used,projected,full,29,1,0.2907
73,Jalen Brunson,21716137,stl,starter,fallback_used,projected,full,29,2,0.1035
73,Jalen Brunson,21716137,stl,starter,fallback_used,projected,full,29,3,0.0576
73,Jalen Brunson,21716137,stl,starter,fallback_used,projected,full,29,4,0.0057
73,Jalen Brunson,21716137,stl,starter,fallback_used,projected,full,29,10,0.0055
73,Jalen Brunson,21716137,blk,starter,fallback_used,projected,full,30,0,0.7758
73,Jalen Brunson,21716137,blk,starter,fallback_used,projected,full,30,1,0.2126
73,Jalen Brunson,21716137,blk,starter,fallback_used,projected,full,30,2,0.0066
73,Jalen Brunson,21716137,blk,starter,fallback_used,projected,full,30,3,0.005
73,Jalen Brunson,21716137,stocks,starter,fallback_used,projected,full,31,0,0.4166
73,Jalen Brunson,21716137,stocks,starter,fallback_used,projected,full,31,1,0.3397
73,Jalen Brunson,21716137,stocks,starter,fallback_used,projected,full,31,2,0.1416
73,Jalen Brunson,21716137,stocks,starter,fallback_used,projected,full,31,3,0.0782
73,Jalen Brunson,21716137,stocks,starter,fallback_used,projected,full,31,4,0.0209
73,Jalen Brunson,21716137,stocks,starter,fallback_used,projected,full,31,5,0.0024
73,Jalen Brunson,21716137,stocks,starter,fallback_used,projected,full,31,6,0.0004
73,Jalen Brunson,21716137,stocks,starter,fallback_used,projected,full,31,7,0.0
73,Jalen Brunson,21716137,stocks,starter,fallback_used,projected,full,31,10,0.0
73,Jalen Brunson,21716137,stocks,starter,fallback_used,projected,full,31,11,0.0
73,Jalen Brunson,21716137,stocks,starter,fallback_used,projected,full,31,12,0.0
73,Jalen Brunson,21716137,stocks,starter,fallback_used,projected,full,31,13,0.0
73,Jalen Brunson,21716137,pa,starter,fallback_used,projected,full,32,0,0.0
73,Jalen Brunson,21716137,pa,starter,fallback_used,projected,full,32,1,0.0
73,Jalen Brunson,21716137,pa,starter,fallback_used,projected,full,32,2,0.0
73,Jalen Brunson,21716137,pa,starter,fallback_used,projected,full,32,3,0.0
73,Jalen Brunson,21716137,pa,starter,fallback_used,projected,full,32,4,0.0
73,Jalen Brunson,21716137,pa,starter,fallback_used,projected,full,32,5,0.0001
73,Jalen Brunson,21716137,pa,starter,fallback_used,projected,full,32,6,0.0002
73,Jalen Brunson,21716137,pa,starter,fallback_used,projected,full,32,7,0.0002
73,Jalen Brunson,21716137,pa,starter,fallback_used,projected,full,32,8,0.0003
73,Jalen Brunson,21716137,pa,starter,fallback_used,projected,full,32,9,0.0004
73,Jalen Brunson,21716137,pa,starter,fallback_used,projected,full,32,10,0.0005
73,Jalen Brunson,21716137,pa,starter,fallback_used,projected,full,32,11,0.0007
73,Jalen Brunson,21716137,pa,starter,fallback_used,projected,full,32,12,0.0009
73,Jalen Brunson,21716137,pa,starter,fallback_used,projected,full,32,13,0.0013
73,Jalen Brunson,21716137,pa,starter,fallback_used,projected,full,32,14,0.0018
73,Jalen Brunson,21716137,pa,starter,fallback_used,projected,full,32,15,0.0025
73,Jalen Brunson,21716137,pa,starter,fallback_used,projected,full,32,16,0.0035
73,Jalen Brunson,21716137,pa,starter,fallback_used,projected,full,32,17,0.0047
73,Jalen Brunson,21716137,pa,starter,fallback_used,projected,full,32,18,0.0058
73,Jalen Brunson,21716137,pa,starter,fallback_used,projected,full,32,19,0.0077
73,Jalen Brunson,21716137,pa,starter,fallback_used,projected,full,32,20,0.0097
73,Jalen Brunson,21716137,pa,starter,fallback_used,projected,full,32,21,0.0126
73,Jalen Brunson,21716137,pa,starter,fallback_used,projected,full,32,22,0.0151
73,Jalen Brunson,21716137,pa,starter,fallback_used,projected,full,32,23,0.0184
73,Jalen Brunson,21716137,pa,starter,fallback_used,projected,full,32,24,0.0208
73,Jalen Brunson,21716137,pa,starter,fallback_used,projected,full,32,25,0.0249
73,Jalen Brunson,21716137,pa,starter,fallback_used,projected,full,32,26,0.0288
73,Jalen Brunson,21716137,pa,starter,fallback_used,projected,full,32,27,0.0342
73,Jalen Brunson,21716137,pa,starter,fallback_used,projected,full,32,28,0.0386
73,Jalen Brunson,21716137,pa,starter,fallback_used,projected,full,32,29,0.0443
73,Jalen Brunson,21716137,pa,starter,fallback_used,projected,full,32,30,0.0489
73,Jalen Brunson,21716137,pa,starter,fallback_used,projected,full,32,31,0.0522
73,Jalen Brunson,21716137,pa,starter,fallback_used,projected,full,32,32,0.0577
73,Jalen Brunson,21716137,pa,starter,fallback_used,projected,full,32,33,0.059
73,Jalen Brunson,21716137,pa,starter,fallback_used,projected,full,32,34,0.0607
73,Jalen Brunson,21716137,pa,starter,fallback_used,projected,full,32,35,0.0584
73,Jalen Brunson,21716137,pa,starter,fallback_used,projected,full,32,36,0.0553
73,Jalen Brunson,21716137,pa,starter,fallback_used,projected,full,32,37,0.05
73,Jalen Brunson,21716137,pa,starter,fallback_used,projected,full,32,38,0.0456
73,Jalen Brunson,21716137,pa,starter,fallback_used,projected,full,32,39,0.0407
73,Jalen Brunson,21716137,pa,starter,fallback_used,projected,full,32,40,0.035
73,Jalen Brunson,21716137,pa,starter,fallback_used,projected,full,32,41,0.0297
73,Jalen Brunson,21716137,pa,starter,fallback_used,projected,full,32,42,0.0245
73,Jalen Brunson,21716137,pa,starter,fallback_used,projected,full,32,43,0.019
73,Jalen Brunson,21716137,pa,starter,fallback_used,projected,full,32,44,0.015
73,Jalen Brunson,21716137,pa,starter,fallback_used,projected,full,32,45,0.0125
73,Jalen Brunson,21716137,pa,starter,fallback_used,projected,full,32,46,0.0104
73,Jalen Brunson,21716137,pa,starter,fallback_used,projected,full,32,47,0.0093
73,Jalen Brunson,21716137,pa,starter,fallback_used,projected,full,32,48,0.0082
73,Jalen Brunson,21716137,pa,starter,fallback_used,projected,full,32,49,0.0072
73,Jalen Brunson,21716137,pa,starter,fallback_used,projected,full,32,50,0.0057
73,Jalen Brunson,21716137,pa,starter,fallback_used,projected,full,32,51,0.0043
73,Jalen Brunson,21716137,pa,starter,fallback_used,projected,full,32,52,0.0033
73,Jalen Brunson,21716137,pa,starter,fallback_used,projected,full,32,53,0.0025
73,Jalen Brunson,21716137,pa,starter,fallback_used,projected,full,32,54,0.0019
73,Jalen Brunson,21716137,pa,starter,fallback_used,projected,full,32,55,0.0014
73,Jalen Brunson,21716137,pa,starter,fallback_used,projected,full,32,56,0.0009
73,Jalen Brunson,21716137,pa,starter,fallback_used,projected,full,32,57,0.0006
73,Jalen Brunson,21716137,pa,starter,fallback_used,projected,full,32,58,0.0004
73,Jalen Brunson,21716137,pa,starter,fallback_used,projected,full,32,59,0.0003
73,Jalen Brunson,21716137,pa,starter,fallback_used,projected,full,32,60,0.0003
73,Jalen Brunson,21716137,pa,starter,fallback_used,projected,full,32,61,0.0002
73,Jalen Brunson,21716137,pa,starter,fallback_used,projected,full,32,62,0.0002
73,Jalen Brunson,21716137,pa,starter,fallback_used,projected,full,32,63,0.0001
73,Jalen Brunson,21716137,pa,starter,fallback_used,projected,full,32,64,0.0001
73,Jalen Brunson,21716137,pa,starter,fallback_used,projected,full,32,65,0.0001
73,Jalen Brunson,21716137,pa,starter,fallback_used,projected,full,32,66,0.0001
73,Jalen Brunson,21716137,pa,starter,fallback_used,projected,full,32,67,0.0001
73,Jalen Brunson,21716137,pa,starter,fallback_used,projected,full,32,68,0.0
73,Jalen Brunson,21716137,pa,starter,fallback_used,projected,full,32,69,0.0
73,Jalen Brunson,21716137,pa,starter,fallback_used,projected,full,32,70,0.0
73,Jalen Brunson,21716137,pa,starter,fallback_used,projected,full,32,71,0.0
73,Jalen Brunson,21716137,pa,starter,fallback_used,projected,full,32,72,0.0
73,Jalen Brunson,21716137,pa,starter,fallback_used,projected,full,32,73,0.0
73,Jalen Brunson,21716137,pa,starter,fallback_used,projected,full,32,74,0.0
73,Jalen Brunson,21716137,pa,starter,fallback_used,projected,full,32,75,0.0
73,Jalen Brunson,21716137,pa,starter,fallback_used,projected,full,32,76,0.0
73,Jalen Brunson,21716137,pa,starter,fallback_used,projected,full,32,77,0.0
73,Jalen Brunson,21716137,pa,starter,fallback_used,projected,full,32,78,0.0
73,Jalen Brunson,21716137,pa,starter,fallback_used,projected,full,32,79,0.0
73,Jalen Brunson,21716137,pa,starter,fallback_used,projected,full,32,80,0.0
73,Jalen Brunson,21716137,pa,starter,fallback_used,projected,full,32,81,0.0
73,Jalen Brunson,21716137,pa,starter,fallback_used,projected,full,32,82,0.0
73,Jalen Brunson,21716137,pa,starter,fallback_used,projected,full,32,83,0.0
73,Jalen Brunson,21716137,pa,starter,fallback_used,projected,full,32,84,0.0
73,Jalen Brunson,21716137,pa,starter,fallback_used,projected,full,32,85,0.0
73,Jalen Brunson,21716137,pa,starter,fallback_used,projected,full,32,86,0.0
73,Jalen Brunson,21716137,pa,starter,fallback_used,projected,full,32,87,0.0
73,Jalen Brunson,21716137,pa,starter,fallback_used,projected,full,32,88,0.0
73,Jalen Brunson,21716137,pa,starter,fallback_used,projected,full,32,89,0.0
73,Jalen Brunson,21716137,pa,starter,fallback_used,projected,full,32,90,0.0
73,Jalen Brunson,21716137,pa,starter,fallback_used,projected,full,32,91,0.0
73,Jalen Brunson,21716137,pa,starter,fallback_used,projected,full,32,92,0.0
73,Jalen Brunson,21716137,pa,starter,fallback_used,projected,full,32,93,0.0
73,Jalen Brunson,21716137,pa,starter,fallback_used,projected,full,32,94,0.0
73,Jalen Brunson,21716137,pa,starter,fallback_used,projected,full,32,95,0.0
73,Jalen Brunson,21716137,pa,starter,fallback_used,projected,full,32,96,0.0
73,Jalen Brunson,21716137,pa,starter,fallback_used,projected,full,32,97,0.0
73,Jalen Brunson,21716137,pa,starter,fallback_used,projected,full,32,98,0.0
73,Jalen Brunson,21716137,pa,starter,fallback_used,projected,full,32,99,0.0
73,Jalen Brunson,21716137,pa,starter,fallback_used,projected,full,32,100,0.0
73,Jalen Brunson,21716137,pa,starter,fallback_used,projected,full,32,101,0.0
73,Jalen Brunson,21716137,pa,starter,fallback_used,projected,full,32,102,0.0
73,Jalen Brunson,21716137,pr,starter,fallback_used,projected,full,33,0,0.0
73,Jalen Brunson,21716137,pr,starter,fallback_used,projected,full,33,1,0.0
73,Jalen Brunson,21716137,pr,starter,fallback_used,projected,full,33,2,0.0
73,Jalen Brunson,21716137,pr,starter,fallback_used,projected,full,33,3,0.0001
73,Jalen Brunson,21716137,pr,starter,fallback_used,projected,full,33,4,0.0002
73,Jalen Brunson,21716137,pr,starter,fallback_used,projected,full,33,5,0.0003
73,Jalen Brunson,21716137,pr,starter,fallback_used,projected,full,33,6,0.0003
73,Jalen Brunson,21716137,pr,starter,fallback_used,projected,full,33,7,0.0004
73,Jalen Brunson,21716137,pr,starter,fallback_used,projected,full,33,8,0.0006
73,Jalen Brunson,21716137,pr,starter,fallback_used,projected,full,33,9,0.0008
73,Jalen Brunson,21716137,pr,starter,fallback_used,projected,full,33,10,0.001
73,Jalen Brunson,21716137,pr,starter,fallback_used,projected,full,33,11,0.0013
73,Jalen Brunson,21716137,pr,starter,fallback_used,projected,full,33,12,0.0019
73,Jalen Brunson,21716137,pr,starter,fallback_used,projected,full,33,13,0.0027
73,Jalen Brunson,21716137,pr,starter,fallback_used,projected,full,33,14,0.0039
73,Jalen Brunson,21716137,pr,starter,fallback_used,projected,full,33,15,0.0053
73,Jalen Brunson,21716137,pr,starter,fallback_used,projected,full,33,16,0.0065
73,Jalen Brunson,21716137,pr,starter,fallback_used,projected,full,33,17,0.0079
73,Jalen Brunson,21716137,pr,starter,fallback_used,projected,full,33,18,0.0107
73,Jalen Brunson,21716137,pr,starter,fallback_used,projected,full,33,19,0.0139
73,Jalen Brunson,21716137,pr,starter,fallback_used,projected,full,33,20,0.0172
73,Jalen Brunson,21716137,pr,starter,fallback_used,projected,full,33,21,0.0193
73,Jalen Brunson,21716137,pr,starter,fallback_used,projected,full,33,22,0.0222
73,Jalen Brunson,21716137,pr,starter,fallback_used,projected,full,33,23,0.0253
73,Jalen Brunson,21716137,pr,starter,fallback_used,projected,full,33,24,0.0316
73,Jalen Brunson,21716137,pr,starter,fallback_used,projected,full,33,25,0.037
73,Jalen Brunson,21716137,pr,starter,fallback_used,projected,full,33,26,0.0418
73,Jalen Brunson,21716137,pr,starter,fallback_used,projected,full,33,27,0.0458
73,Jalen Brunson,21716137,pr,starter,fallback_used,projected,full,33,28,0.0521
73,Jalen Brunson,21716137,pr,starter,fallback_used,projected,full,33,29,0.0556
73,Jalen Brunson,21716137,pr,starter,fallback_used,projected,full,33,30,0.0588
73,Jalen Brunson,21716137,pr,starter,fallback_used,projected,full,33,31,0.0631
73,Jalen Brunson,21716137,pr,starter,fallback_used,projected,full,33,32,0.0613
73,Jalen Brunson,21716137,pr,starter,fallback_used,projected,full,33,33,0.0588
73,Jalen Brunson,21716137,pr,starter,fallback_used,projected,full,33,34,0.0522
73,Jalen Brunson,21716137,pr,starter,fallback_used,projected,full,33,35,0.0474
73,Jalen Brunson,21716137,pr,starter,fallback_used,projected,full,33,36,0.0427
73,Jalen Brunson,21716137,pr,starter,fallback_used,projected,full,33,37,0.0395
73,Jalen Brunson,21716137,pr,starter,fallback_used,projected,full,33,38,0.0329
73,Jalen Brunson,21716137,pr,starter,fallback_used,projected,full,33,39,0.0253
73,Jalen Brunson,21716137,pr,starter,fallback_used,projected,full,33,40,0.0207
73,Jalen Brunson,21716137,pr,starter,fallback_used,projected,full,33,41,0.0171
73,Jalen Brunson,21716137,pr,starter,fallback_used,projected,full,33,42,0.0126
73,Jalen Brunson,21716137,pr,starter,fallback_used,projected,full,33,43,0.01
73,Jalen Brunson,21716137,pr,starter,fallback_used,projected,full,33,44,0.0096
73,Jalen Brunson,21716137,pr,starter,fallback_used,projected,full,33,45,0.0092
73,Jalen Brunson,21716137,pr,starter,fallback_used,projected,full,33,46,0.0083
73,Jalen Brunson,21716137,pr,starter,fallback_used,projected,full,33,47,0.0061
73,Jalen Brunson,21716137,pr,starter,fallback_used,projected,full,33,48,0.0045
73,Jalen Brunson,21716137,pr,starter,fallback_used,projected,full,33,49,0.0035
73,Jalen Brunson,21716137,pr,starter,fallback_used,projected,full,33,50,0.0029
73,Jalen Brunson,21716137,pr,starter,fallback_used,projected,full,33,51,0.0022
73,Jalen Brunson,21716137,pr,starter,fallback_used,projected,full,33,52,0.0014
73,Jalen Brunson,21716137,pr,starter,fallback_used,projected,full,33,53,0.001
73,Jalen Brunson,21716137,pr,starter,fallback_used,projected,full,33,54,0.0007
73,Jalen Brunson,21716137,pr,starter,fallback_used,projected,full,33,55,0.0004
73,Jalen Brunson,21716137,pr,starter,fallback_used,projected,full,33,56,0.0003
73,Jalen Brunson,21716137,pr,starter,fallback_used,projected,full,33,57,0.0003
73,Jalen Brunson,21716137,pr,starter,fallback_used,projected,full,33,58,0.0003
73,Jalen Brunson,21716137,pr,starter,fallback_used,projected,full,33,59,0.0002
73,Jalen Brunson,21716137,pr,starter,fallback_used,projected,full,33,60,0.0002
73,Jalen Brunson,21716137,pr,starter,fallback_used,projected,full,33,61,0.0001
73,Jalen Brunson,21716137,pr,starter,fallback_used,projected,full,33,62,0.0001
73,Jalen Brunson,21716137,pr,starter,fallback_used,projected,full,33,63,0.0001
73,Jalen Brunson,21716137,pr,starter,fallback_used,projected,full,33,64,0.0001
73,Jalen Brunson,21716137,pr,starter,fallback_used,projected,full,33,65,0.0001
73,Jalen Brunson,21716137,pr,starter,fallback_used,projected,full,33,66,0.0
73,Jalen Brunson,21716137,pr,starter,fallback_used,projected,full,33,67,0.0
73,Jalen Brunson,21716137,pr,starter,fallback_used,projected,full,33,68,0.0
73,Jalen Brunson,21716137,pr,starter,fallback_used,projected,full,33,69,0.0
73,Jalen Brunson,21716137,pr,starter,fallback_used,projected,full,33,70,0.0
73,Jalen Brunson,21716137,pr,starter,fallback_used,projected,full,33,71,0.0
73,Jalen Brunson,21716137,pr,starter,fallback_used,projected,full,33,72,0.0
73,Jalen Brunson,21716137,pr,starter,fallback_used,projected,full,33,73,0.0
73,Jalen Brunson,21716137,pr,starter,fallback_used,projected,full,33,74,0.0
73,Jalen Brunson,21716137,pr,starter,fallback_used,projected,full,33,75,0.0
73,Jalen Brunson,21716137,pr,starter,fallback_used,projected,full,33,76,0.0
73,Jalen Brunson,21716137,pr,starter,fallback_used,projected,full,33,77,0.0
73,Jalen Brunson,21716137,pr,starter,fallback_used,projected,full,33,78,0.0
73,Jalen Brunson,21716137,pr,starter,fallback_used,projected,full,33,79,0.0
73,Jalen Brunson,21716137,pr,starter,fallback_used,projected,full,33,80,0.0
73,Jalen Brunson,21716137,pr,starter,fallback_used,projected,full,33,81,0.0
73,Jalen Brunson,21716137,pr,starter,fallback_used,projected,full,33,82,0.0
73,Jalen Brunson,21716137,pr,starter,fallback_used,projected,full,33,83,0.0
73,Jalen Brunson,21716137,pr,starter,fallback_used,projected,full,33,84,0.0
73,Jalen Brunson,21716137,pr,starter,fallback_used,projected,full,33,85,0.0
73,Jalen Brunson,21716137,pr,starter,fallback_used,projected,full,33,86,0.0
73,Jalen Brunson,21716137,pr,starter,fallback_used,projected,full,33,87,0.0
73,Jalen Brunson,21716137,pr,starter,fallback_used,projected,full,33,88,0.0
73,Jalen Brunson,21716137,pr,starter,fallback_used,projected,full,33,89,0.0
73,Jalen Brunson,21716137,pr,starter,fallback_used,projected,full,33,90,0.0
73,Jalen Brunson,21716137,pr,starter,fallback_used,projected,full,33,91,0.0
73,Jalen Brunson,21716137,pr,starter,fallback_used,projected,full,33,92,0.0
73,Jalen Brunson,21716137,pr,starter,fallback_used,projected,full,33,93,0.0
73,Jalen Brunson,21716137,pr,starter,fallback_used,projected,full,33,94,0.0
73,Jalen Brunson,21716137,pr,starter,fallback_used,projected,full,33,95,0.0
73,Jalen Brunson,21716137,pr,starter,fallback_used,projected,full,33,96,0.0
73,Jalen Brunson,21716137,ra,starter,fallback_used,projected,full,34,0,0.0
73,Jalen Brunson,21716137,ra,starter,fallback_used,projected,full,34,1,0.0002
73,Jalen Brunson,21716137,ra,starter,fallback_used,projected,full,34,2,0.0006
73,Jalen Brunson,21716137,ra,starter,fallback_used,projected,full,34,3,0.0019
73,Jalen Brunson,21716137,ra,starter,fallback_used,projected,full,34,4,0.005
73,Jalen Brunson,21716137,ra,starter,fallback_used,projected,full,34,5,0.0117
73,Jalen Brunson,21716137,ra,starter,fallback_used,projected,full,34,6,0.0285
73,Jalen Brunson,21716137,ra,starter,fallback_used,projected,full,34,7,0.059
73,Jalen Brunson,21716137,ra,starter,fallback_used,projected,full,34,8,0.1044
73,Jalen Brunson,21716137,ra,starter,fallback_used,projected,full,34,9,0.1533
73,Jalen Brunson,21716137,ra,starter,fallback_used,projected,full,34,10,0.1715
73,Jalen Brunson,21716137,ra,starter,fallback_used,projected,full,34,11,0.1689
73,Jalen Brunson,21716137,ra,starter,fallback_used,projected,full,34,12,0.133
73,Jalen Brunson,21716137,ra,starter,fallback_used,projected,full,34,13,0.0853
73,Jalen Brunson,21716137,ra,starter,fallback_used,projected,full,34,14,0.0447
73,Jalen Brunson,21716137,ra,starter,fallback_used,projected,full,34,15,0.02
73,Jalen Brunson,21716137,ra,starter,fallback_used,projected,full,34,16,0.0079
73,Jalen Brunson,21716137,ra,starter,fallback_used,projected,full,34,17,0.0028
73,Jalen Brunson,21716137,ra,starter,fallback_used,projected,full,34,18,0.0009
73,Jalen Brunson,21716137,ra,starter,fallback_used,projected,full,34,19,0.0002
73,Jalen Brunson,21716137,ra,starter,fallback_used,projected,full,34,20,0.0001
73,Jalen Brunson,21716137,ra,starter,fallback_used,projected,full,34,21,0.0
73,Jalen Brunson,21716137,ra,starter,fallback_used,projected,full,34,22,0.0
73,Jalen Brunson,21716137,ra,starter,fallback_used,projected,full,34,23,0.0
73,Jalen Brunson,21716137,ra,starter,fallback_used,projected,full,34,24,0.0
73,Jalen Brunson,21716137,ra,starter,fallback_used,projected,full,34,25,0.0
73,Jalen Brunson,21716137,ra,starter,fallback_used,projected,full,34,26,0.0
73,Jalen Brunson,21716137,ra,starter,fallback_used,projected,full,34,27,0.0
73,Jalen Brunson,21716137,ra,starter,fallback_used,projected,full,34,28,0.0
73,Jalen Brunson,21716137,ra,starter,fallback_used,projected,full,34,29,0.0
73,Jalen Brunson,21716137,ra,starter,fallback_used,projected,full,34,30,0.0
73,Jalen Brunson,21716137,ra,starter,fallback_used,projected,full,34,31,0.0
73,Jalen Brunson,21716137,ra,starter,fallback_used,projected,full,34,32,0.0
73,Jalen Brunson,21716137,ra,starter,fallback_used,projected,full,34,33,0.0
73,Jalen Brunson,21716137,ra,starter,fallback_used,projected,full,34,34,0.0
73,Jalen Brunson,21716137,pra,starter,fallback_used,projected,full,35,0,0.0
73,Jalen Brunson,21716137,pra,starter,fallback_used,projected,full,35,1,0.0
73,Jalen Brunson,21716137,pra,starter,fallback_used,projected,full,35,2,0.0
73,Jalen Brunson,21716137,pra,starter,fallback_used,projected,full,35,3,0.0
73,Jalen Brunson,21716137,pra,starter,fallback_used,projected,full,35,4,0.0
73,Jalen Brunson,21716137,pra,starter,fallback_used,projected,full,35,5,0.0
73,Jalen Brunson,21716137,pra,starter,fallback_used,projected,full,35,6,0.0
73,Jalen Brunson,21716137,pra,starter,fallback_used,projected,full,35,7,0.0
73,Jalen Brunson,21716137,pra,starter,fallback_used,projected,full,35,8,0.0001
73,Jalen Brunson,21716137,pra,starter,fallback_used,projected,full,35,9,0.0001
73,Jalen Brunson,21716137,pra,starter,fallback_used,projected,full,35,10,0.0002
73,Jalen Brunson,21716137,pra,starter,fallback_used,projected,full,35,11,0.0003
73,Jalen Brunson,21716137,pra,starter,fallback_used,projected,full,35,12,0.0003
73,Jalen Brunson,21716137,pra,starter,fallback_used,projected,full,35,13,0.0005
73,Jalen Brunson,21716137,pra,starter,fallback_used,projected,full,35,14,0.0006
73,Jalen Brunson,21716137,pra,starter,fallback_used,projected,full,35,15,0.0008
73,Jalen Brunson,21716137,pra,starter,fallback_used,projected,full,35,16,0.0011
73,Jalen Brunson,21716137,pra,starter,fallback_used,projected,full,35,17,0.0015
73,Jalen Brunson,21716137,pra,starter,fallback_used,projected,full,35,18,0.002
73,Jalen Brunson,21716137,pra,starter,fallback_used,projected,full,35,19,0.0028
73,Jalen Brunson,21716137,pra,starter,fallback_used,projected,full,35,20,0.0038
73,Jalen Brunson,21716137,pra,starter,fallback_used,projected,full,35,21,0.005
73,Jalen Brunson,21716137,pra,starter,fallback_used,projected,full,35,22,0.0064
73,Jalen Brunson,21716137,pra,starter,fallback_used,projected,full,35,23,0.0082
73,Jalen Brunson,21716137,pra,starter,fallback_used,projected,full,35,24,0.0104
73,Jalen Brunson,21716137,pra,starter,fallback_used,projected,full,35,25,0.013
73,Jalen Brunson,21716137,pra,starter,fallback_used,projected,full,35,26,0.0157
73,Jalen Brunson,21716137,pra,starter,fallback_used,projected,full,35,27,0.0187
73,Jalen Brunson,21716137,pra,starter,fallback_used,projected,full,35,28,0.0219
73,Jalen Brunson,21716137,pra,starter,fallback_used,projected,full,35,29,0.0257
73,Jalen Brunson,21716137,pra,starter,fallback_used,projected,full,35,30,0.03
73,Jalen Brunson,21716137,pra,starter,fallback_used,projected,full,35,31,0.0347
73,Jalen Brunson,21716137,pra,starter,fallback_used,projected,full,35,32,0.0395
73,Jalen Brunson,21716137,pra,starter,fallback_used,projected,full,35,33,0.0443
73,Jalen Brunson,21716137,pra,starter,fallback_used,projected,full,35,34,0.0488
73,Jalen Brunson,21716137,pra,starter,fallback_used,projected,full,35,35,0.0528
73,Jalen Brunson,21716137,pra,starter,fallback_used,projected,full,35,36,0.0561
73,Jalen Brunson,21716137,pra,starter,fallback_used,projected,full,35,37,0.058
73,Jalen Brunson,21716137,pra,starter,fallback_used,projected,full,35,38,0.0583
73,Jalen Brunson,21716137,pra,starter,fallback_used,projected,full,35,39,0.0567
73,Jalen Brunson,21716137,pra,starter,fallback_used,projected,full,35,40,0.0536
73,Jalen Brunson,21716137,pra,starter,fallback_used,projected,full,35,41,0.0494
73,Jalen Brunson,21716137,pra,starter,fallback_used,projected,full,35,42,0.0448
73,Jalen Brunson,21716137,pra,starter,fallback_used,projected,full,35,43,0.0397
73,Jalen Brunson,21716137,pra,starter,fallback_used,projected,full,35,44,0.0345
73,Jalen Brunson,21716137,pra,starter,fallback_used,projected,full,35,45,0.0292
73,Jalen Brunson,21716137,pra,starter,fallback_used,projected,full,35,46,0.0241
73,Jalen Brunson,21716137,pra,starter,fallback_used,projected,full,35,47,0.0195
73,Jalen Brunson,21716137,pra,starter,fallback_used,projected,full,35,48,0.0158
73,Jalen Brunson,21716137,pra,starter,fallback_used,projected,full,35,49,0.0129
73,Jalen Brunson,21716137,pra,starter,fallback_used,projected,full,35,50,0.0109
73,Jalen Brunson,21716137,pra,starter,fallback_used,projected,full,35,51,0.0094
73,Jalen Brunson,21716137,pra,starter,fallback_used,projected,full,35,52,0.0081
73,Jalen Brunson,21716137,pra,starter,fallback_used,projected,full,35,53,0.0069
73,Jalen Brunson,21716137,pra,starter,fallback_used,projected,full,35,54,0.0056
73,Jalen Brunson,21716137,pra,starter,fallback_used,projected,full,35,55,0.0044
73,Jalen Brunson,21716137,pra,starter,fallback_used,projected,full,35,56,0.0034
73,Jalen Brunson,21716137,pra,starter,fallback_used,projected,full,35,57,0.0026
73,Jalen Brunson,21716137,pra,starter,fallback_used,projected,full,35,58,0.0019
73,Jalen Brunson,21716137,pra,starter,fallback_used,projected,full,35,59,0.0014
73,Jalen Brunson,21716137,pra,starter,fallback_used,projected,full,35,60,0.001
73,Jalen Brunson,21716137,pra,starter,fallback_used,projected,full,35,61,0.0007
73,Jalen Brunson,21716137,pra,starter,fallback_used,projected,full,35,62,0.0005
73,Jalen Brunson,21716137,pra,starter,fallback_used,projected,full,35,63,0.0004
73,Jalen Brunson,21716137,pra,starter,fallback_used,projected,full,35,64,0.0003
73,Jalen Brunson,21716137,pra,starter,fallback_used,projected,full,35,65,0.0002
73,Jalen Brunson,21716137,pra,starter,fallback_used,projected,full,35,66,0.0002
73,Jalen Brunson,21716137,pra,starter,fallback_used,projected,full,35,67,0.0001
73,Jalen Brunson,21716137,pra,starter,fallback_used,projected,full,35,68,0.0001
73,Jalen Brunson,21716137,pra,starter,fallback_used,projected,full,35,69,0.0001
73,Jalen Brunson,21716137,pra,starter,fallback_used,projected,full,35,70,0.0001
73,Jalen Brunson,21716137,pra,starter,fallback_used,projected,full,35,71,0.0001
73,Jalen Brunson,21716137,pra,starter,fallback_used,projected,full,35,72,0.0
73,Jalen Brunson,21716137,pra,starter,fallback_used,projected,full,35,73,0.0
73,Jalen Brunson,21716137,pra,starter,fallback_used,projected,full,35,74,0.0
73,Jalen Brunson,21716137,pra,starter,fallback_used,projected,full,35,75,0.0
73,Jalen Brunson,21716137,pra,starter,fallback_used,projected,full,35,76,0.0
73,Jalen Brunson,21716137,pra,starter,fallback_used,projected,full,35,77,0.0
73,Jalen Brunson,21716137,pra,starter,fallback_used,projected,full,35,78,0.0
73,Jalen Brunson,21716137,pra,starter,fallback_used,projected,full,35,79,0.0
73,Jalen Brunson,21716137,pra,starter,fallback_used,projected,full,35,80,0.0
73,Jalen Brunson,21716137,pra,starter,fallback_used,projected,full,35,81,0.0
73,Jalen Brunson,21716137,pra,starter,fallback_used,projected,full,35,82,0.0
73,Jalen Brunson,21716137,pra,starter,fallback_used,projected,full,35,83,0.0
73,Jalen Brunson,21716137,pra,starter,fallback_used,projected,full,35,84,0.0
73,Jalen Brunson,21716137,pra,starter,fallback_used,projected,full,35,85,0.0
73,Jalen Brunson,21716137,pra,starter,fallback_used,projected,full,35,86,0.0
73,Jalen Brunson,21716137,pra,starter,fallback_used,projected,full,35,87,0.0
73,Jalen Brunson,21716137,pra,starter,fallback_used,projected,full,35,88,0.0
73,Jalen Brunson,21716137,pra,starter,fallback_used,projected,full,35,89,0.0
73,Jalen Brunson,21716137,pra,starter,fallback_used,projected,full,35,90,0.0
73,Jalen Brunson,21716137,pra,starter,fallback_used,projected,full,35,91,0.0
73,Jalen Brunson,21716137,pra,starter,fallback_used,projected,full,35,92,0.0
73,Jalen Brunson,21716137,pra,starter,fallback_used,projected,full,35,93,0.0
73,Jalen Brunson,21716137,pra,starter,fallback_used,projected,full,35,94,0.0
73,Jalen Brunson,21716137,pra,starter,fallback_used,projected,full,35,95,0.0
73,Jalen Brunson,21716137,pra,starter,fallback_used,projected,full,35,96,0.0
73,Jalen Brunson,21716137,pra,starter,fallback_used,projected,full,35,97,0.0
73,Jalen Brunson,21716137,pra,starter,fallback_used,projected,full,35,98,0.0
73,Jalen Brunson,21716137,pra,starter,fallback_used,projected,full,35,99,0.0
73,Jalen Brunson,21716137,pra,starter,fallback_used,projected,full,35,100,0.0
73,Jalen Brunson,21716137,pra,starter,fallback_used,projected,full,35,101,0.0
73,Jalen Brunson,21716137,pra,starter,fallback_used,projected,full,35,102,0.0
73,Jalen Brunson,21716137,pra,starter,fallback_used,projected,full,35,103,0.0
73,Jalen Brunson,21716137,pra,starter,fallback_used,projected,full,35,104,0.0
73,Jalen Brunson,21716137,pra,starter,fallback_used,projected,full,35,105,0.0
73,Jalen Brunson,21716137,pra,starter,fallback_used,projected,full,35,106,0.0
73,Jalen Brunson,21716137,pra,starter,fallback_used,projected,full,35,107,0.0
73,Jalen Brunson,21716137,pra,starter,fallback_used,projected,full,35,108,0.0
73,Jalen Brunson,21716137,pra,starter,fallback_used,projected,full,35,109,0.0
161,De'Aaron Fox,21716137,pts,starter,fallback_used,projected,full,36,0,0.0012
161,De'Aaron Fox,21716137,pts,starter,fallback_used,projected,full,36,1,0.0007
161,De'Aaron Fox,21716137,pts,starter,fallback_used,projected,full,36,2,0.0024
161,De'Aaron Fox,21716137,pts,starter,fallback_used,projected,full,36,3,0.0027
161,De'Aaron Fox,21716137,pts,starter,fallback_used,projected,full,36,4,0.0051
161,De'Aaron Fox,21716137,pts,starter,fallback_used,projected,full,36,5,0.0122
161,De'Aaron Fox,21716137,pts,starter,fallback_used,projected,full,36,6,0.0114
161,De'Aaron Fox,21716137,pts,starter,fallback_used,projected,full,36,7,0.0184
161,De'Aaron Fox,21716137,pts,starter,fallback_used,projected,full,36,8,0.0287
161,De'Aaron Fox,21716137,pts,starter,fallback_used,projected,full,36,9,0.0233
161,De'Aaron Fox,21716137,pts,starter,fallback_used,projected,full,36,10,0.0298
161,De'Aaron Fox,21716137,pts,starter,fallback_used,projected,full,36,11,0.0421
161,De'Aaron Fox,21716137,pts,starter,fallback_used,projected,full,36,12,0.0486
161,De'Aaron Fox,21716137,pts,starter,fallback_used,projected,full,36,13,0.0557
161,De'Aaron Fox,21716137,pts,starter,fallback_used,projected,full,36,14,0.0622
161,De'Aaron Fox,21716137,pts,starter,fallback_used,projected,full,36,15,0.0704
161,De'Aaron Fox,21716137,pts,starter,fallback_used,projected,full,36,16,0.0709
161,De'Aaron Fox,21716137,pts,starter,fallback_used,projected,full,36,17,0.0897
161,De'Aaron Fox,21716137,pts,starter,fallback_used,projected,full,36,18,0.0702
161,De'Aaron Fox,21716137,pts,starter,fallback_used,projected,full,36,19,0.0613
161,De'Aaron Fox,21716137,pts,starter,fallback_used,projected,full,36,20,0.0537
161,De'Aaron Fox,21716137,pts,starter,fallback_used,projected,full,36,21,0.0435
161,De'Aaron Fox,21716137,pts,starter,fallback_used,projected,full,36,22,0.055
161,De'Aaron Fox,21716137,pts,starter,fallback_used,projected,full,36,23,0.0329
161,De'Aaron Fox,21716137,pts,starter,fallback_used,projected,full,36,24,0.0206
161,De'Aaron Fox,21716137,pts,starter,fallback_used,projected,full,36,25,0.0206
161,De'Aaron Fox,21716137,pts,starter,fallback_used,projected,full,36,26,0.0184
161,De'Aaron Fox,21716137,pts,starter,fallback_used,projected,full,36,27,0.0049
161,De'Aaron Fox,21716137,pts,starter,fallback_used,projected,full,36,28,0.0095
161,De'Aaron Fox,21716137,pts,starter,fallback_used,projected,full,36,29,0.0105
161,De'Aaron Fox,21716137,pts,starter,fallback_used,projected,full,36,30,0.01
161,De'Aaron Fox,21716137,pts,starter,fallback_used,projected,full,36,31,0.0036
161,De'Aaron Fox,21716137,pts,starter,fallback_used,projected,full,36,32,0.0026
161,De'Aaron Fox,21716137,pts,starter,fallback_used,projected,full,36,33,0.0027
161,De'Aaron Fox,21716137,pts,starter,fallback_used,projected,full,36,34,0.0021
161,De'Aaron Fox,21716137,pts,starter,fallback_used,projected,full,36,35,0.0003
161,De'Aaron Fox,21716137,pts,starter,fallback_used,projected,full,36,36,0.0011
161,De'Aaron Fox,21716137,pts,starter,fallback_used,projected,full,36,37,0.0002
161,De'Aaron Fox,21716137,pts,starter,fallback_used,projected,full,36,38,0.0002
161,De'Aaron Fox,21716137,pts,starter,fallback_used,projected,full,36,39,0.0002
161,De'Aaron Fox,21716137,pts,starter,fallback_used,projected,full,36,40,0.0003
161,De'Aaron Fox,21716137,pts,starter,fallback_used,projected,full,36,41,0.0001
161,De'Aaron Fox,21716137,pts,starter,fallback_used,projected,full,36,42,0.0
161,De'Aaron Fox,21716137,pts,starter,fallback_used,projected,full,36,43,0.0
161,De'Aaron Fox,21716137,pts,starter,fallback_used,projected,full,36,44,0.0
161,De'Aaron Fox,21716137,pts,starter,fallback_used,projected,full,36,45,0.0
161,De'Aaron Fox,21716137,pts,starter,fallback_used,projected,full,36,46,0.0
161,De'Aaron Fox,21716137,pts,starter,fallback_used,projected,full,36,47,0.0
161,De'Aaron Fox,21716137,pts,starter,fallback_used,projected,full,36,48,0.0
161,De'Aaron Fox,21716137,pts,starter,fallback_used,projected,full,36,49,0.0
161,De'Aaron Fox,21716137,pts,starter,fallback_used,projected,full,36,51,0.0
161,De'Aaron Fox,21716137,reb,starter,fallback_used,projected,full,37,0,0.007
161,De'Aaron Fox,21716137,reb,starter,fallback_used,projected,full,37,1,0.0283
161,De'Aaron Fox,21716137,reb,starter,fallback_used,projected,full,37,2,0.0778
161,De'Aaron Fox,21716137,reb,starter,fallback_used,projected,full,37,3,0.1515
161,De'Aaron Fox,21716137,reb,starter,fallback_used,projected,full,37,4,0.28
161,De'Aaron Fox,21716137,reb,starter,fallback_used,projected,full,37,5,0.229
161,De'Aaron Fox,21716137,reb,starter,fallback_used,projected,full,37,6,0.1258
161,De'Aaron Fox,21716137,reb,starter,fallback_used,projected,full,37,7,0.07
161,De'Aaron Fox,21716137,reb,starter,fallback_used,projected,full,37,8,0.0206
161,De'Aaron Fox,21716137,reb,starter,fallback_used,projected,full,37,9,0.0073
161,De'Aaron Fox,21716137,reb,starter,fallback_used,projected,full,37,10,0.0022
161,De'Aaron Fox,21716137,reb,starter,fallback_used,projected,full,37,11,0.0004
161,De'Aaron Fox,21716137,reb,starter,fallback_used,projected,full,37,12,0.0
161,De'Aaron Fox,21716137,reb,starter,fallback_used,projected,full,37,13,0.0
161,De'Aaron Fox,21716137,reb,starter,fallback_used,projected,full,37,14,0.0
161,De'Aaron Fox,21716137,reb,starter,fallback_used,projected,full,37,15,0.0
161,De'Aaron Fox,21716137,reb,starter,fallback_used,projected,full,37,16,0.0
161,De'Aaron Fox,21716137,reb,starter,fallback_used,projected,full,37,17,0.0
161,De'Aaron Fox,21716137,reb,starter,fallback_used,projected,full,37,18,0.0
161,De'Aaron Fox,21716137,reb,starter,fallback_used,projected,full,37,19,0.0
161,De'Aaron Fox,21716137,reb,starter,fallback_used,projected,full,37,20,0.0
161,De'Aaron Fox,21716137,reb,starter,fallback_used,projected,full,37,21,0.0
161,De'Aaron Fox,21716137,reb,starter,fallback_used,projected,full,37,23,0.0
161,De'Aaron Fox,21716137,ast,starter,fallback_used,projected,full,38,0,0.005
161,De'Aaron Fox,21716137,ast,starter,fallback_used,projected,full,38,1,0.0051
161,De'Aaron Fox,21716137,ast,starter,fallback_used,projected,full,38,2,0.0273
161,De'Aaron Fox,21716137,ast,starter,fallback_used,projected,full,38,3,0.0747
161,De'Aaron Fox,21716137,ast,starter,fallback_used,projected,full,38,4,0.1712
161,De'Aaron Fox,21716137,ast,starter,fallback_used,projected,full,38,5,0.1542
161,De'Aaron Fox,21716137,ast,starter,fallback_used,projected,full,38,6,0.2307
161,De'Aaron Fox,21716137,ast,starter,fallback_used,projected,full,38,7,0.1875
161,De'Aaron Fox,21716137,ast,starter,fallback_used,projected,full,38,8,0.097
161,De'Aaron Fox,21716137,ast,starter,fallback_used,projected,full,38,9,0.0339
161,De'Aaron Fox,21716137,ast,starter,fallback_used,projected,full,38,10,0.01
161,De'Aaron Fox,21716137,ast,starter,fallback_used,projected,full,38,11,0.0028
161,De'Aaron Fox,21716137,ast,starter,fallback_used,projected,full,38,12,0.0005
161,De'Aaron Fox,21716137,ast,starter,fallback_used,projected,full,38,13,0.0
161,De'Aaron Fox,21716137,ast,starter,fallback_used,projected,full,38,14,0.0
161,De'Aaron Fox,21716137,ast,starter,fallback_used,projected,full,38,15,0.0
161,De'Aaron Fox,21716137,ast,starter,fallback_used,projected,full,38,16,0.0
161,De'Aaron Fox,21716137,ast,starter,fallback_used,projected,full,38,17,0.0
161,De'Aaron Fox,21716137,ast,starter,fallback_used,projected,full,38,18,0.0
161,De'Aaron Fox,21716137,ast,starter,fallback_used,projected,full,38,19,0.0
161,De'Aaron Fox,21716137,ast,starter,fallback_used,projected,full,38,20,0.0
161,De'Aaron Fox,21716137,ast,starter,fallback_used,projected,full,38,21,0.0
161,De'Aaron Fox,21716137,ast,starter,fallback_used,projected,full,38,22,0.0
161,De'Aaron Fox,21716137,ast,starter,fallback_used,projected,full,38,24,0.0
161,De'Aaron Fox,21716137,fg3m,starter,fallback_used,projected,full,39,0,0.4041
161,De'Aaron Fox,21716137,fg3m,starter,fallback_used,projected,full,39,1,0.1761
161,De'Aaron Fox,21716137,fg3m,starter,fallback_used,projected,full,39,2,0.188
161,De'Aaron Fox,21716137,fg3m,starter,fallback_used,projected,full,39,3,0.0859
161,De'Aaron Fox,21716137,fg3m,starter,fallback_used,projected,full,39,4,0.146
161,De'Aaron Fox,21716137,tov,starter,fallback_used,projected,full,40,0,0.122
161,De'Aaron Fox,21716137,tov,starter,fallback_used,projected,full,40,1,0.3792
161,De'Aaron Fox,21716137,tov,starter,fallback_used,projected,full,40,2,0.3507
161,De'Aaron Fox,21716137,tov,starter,fallback_used,projected,full,40,3,0.1174
161,De'Aaron Fox,21716137,tov,starter,fallback_used,projected,full,40,4,0.0286
161,De'Aaron Fox,21716137,tov,starter,fallback_used,projected,full,40,5,0.002
161,De'Aaron Fox,21716137,tov,starter,fallback_used,projected,full,40,6,0.0002
161,De'Aaron Fox,21716137,tov,starter,fallback_used,projected,full,40,7,0.0
161,De'Aaron Fox,21716137,tov,starter,fallback_used,projected,full,40,8,0.0
161,De'Aaron Fox,21716137,tov,starter,fallback_used,projected,full,40,9,0.0
161,De'Aaron Fox,21716137,tov,starter,fallback_used,projected,full,40,10,0.0
161,De'Aaron Fox,21716137,tov,starter,fallback_used,projected,full,40,11,0.0
161,De'Aaron Fox,21716137,tov,starter,fallback_used,projected,full,40,12,0.0
161,De'Aaron Fox,21716137,stl,starter,fallback_used,projected,full,41,0,0.5631
161,De'Aaron Fox,21716137,stl,starter,fallback_used,projected,full,41,1,0.3161
161,De'Aaron Fox,21716137,stl,starter,fallback_used,projected,full,41,2,0.0912
161,De'Aaron Fox,21716137,stl,starter,fallback_used,projected,full,41,3,0.0226
161,De'Aaron Fox,21716137,stl,starter,fallback_used,projected,full,41,4,0.007
161,De'Aaron Fox,21716137,blk,starter,fallback_used,projected,full,42,0,0.7611
161,De'Aaron Fox,21716137,blk,starter,fallback_used,projected,full,42,1,0.1523
161,De'Aaron Fox,21716137,blk,starter,fallback_used,projected,full,42,2,0.0796
161,De'Aaron Fox,21716137,blk,starter,fallback_used,projected,full,42,3,0.0036
161,De'Aaron Fox,21716137,blk,starter,fallback_used,projected,full,42,4,0.0034
161,De'Aaron Fox,21716137,stocks,starter,fallback_used,projected,full,43,0,0.4286
161,De'Aaron Fox,21716137,stocks,starter,fallback_used,projected,full,43,1,0.3263
161,De'Aaron Fox,21716137,stocks,starter,fallback_used,projected,full,43,2,0.1607
161,De'Aaron Fox,21716137,stocks,starter,fallback_used,projected,full,43,3,0.0572
161,De'Aaron Fox,21716137,stocks,starter,fallback_used,projected,full,43,4,0.0205
161,De'Aaron Fox,21716137,stocks,starter,fallback_used,projected,full,43,5,0.0052
161,De'Aaron Fox,21716137,stocks,starter,fallback_used,projected,full,43,6,0.0012
161,De'Aaron Fox,21716137,stocks,starter,fallback_used,projected,full,43,7,0.0002
161,De'Aaron Fox,21716137,stocks,starter,fallback_used,projected,full,43,8,0.0
161,De'Aaron Fox,21716137,pa,starter,fallback_used,projected,full,44,0,0.0
161,De'Aaron Fox,21716137,pa,starter,fallback_used,projected,full,44,1,0.0
161,De'Aaron Fox,21716137,pa,starter,fallback_used,projected,full,44,2,0.0
161,De'Aaron Fox,21716137,pa,starter,fallback_used,projected,full,44,3,0.0001
161,De'Aaron Fox,21716137,pa,starter,fallback_used,projected,full,44,4,0.0004
161,De'Aaron Fox,21716137,pa,starter,fallback_used,projected,full,44,5,0.0006
161,De'Aaron Fox,21716137,pa,starter,fallback_used,projected,full,44,6,0.0013
161,De'Aaron Fox,21716137,pa,starter,fallback_used,projected,full,44,7,0.0021
161,De'Aaron Fox,21716137,pa,starter,fallback_used,projected,full,44,8,0.0035
161,De'Aaron Fox,21716137,pa,starter,fallback_used,projected,full,44,9,0.0057
161,De'Aaron Fox,21716137,pa,starter,fallback_used,projected,full,44,10,0.0082
161,De'Aaron Fox,21716137,pa,starter,fallback_used,projected,full,44,11,0.0122
161,De'Aaron Fox,21716137,pa,starter,fallback_used,projected,full,44,12,0.0163
161,De'Aaron Fox,21716137,pa,starter,fallback_used,projected,full,44,13,0.0201
161,De'Aaron Fox,21716137,pa,starter,fallback_used,projected,full,44,14,0.0254
161,De'Aaron Fox,21716137,pa,starter,fallback_used,projected,full,44,15,0.0307
161,De'Aaron Fox,21716137,pa,starter,fallback_used,projected,full,44,16,0.0362
161,De'Aaron Fox,21716137,pa,starter,fallback_used,projected,full,44,17,0.0432
161,De'Aaron Fox,21716137,pa,starter,fallback_used,projected,full,44,18,0.0504
161,De'Aaron Fox,21716137,pa,starter,fallback_used,projected,full,44,19,0.0574
161,De'Aaron Fox,21716137,pa,starter,fallback_used,projected,full,44,20,0.0635
161,De'Aaron Fox,21716137,pa,starter,fallback_used,projected,full,44,21,0.0692
161,De'Aaron Fox,21716137,pa,starter,fallback_used,projected,full,44,22,0.0705
161,De'Aaron Fox,21716137,pa,starter,fallback_used,projected,full,44,23,0.0706
161,De'Aaron Fox,21716137,pa,starter,fallback_used,projected,full,44,24,0.0668
161,De'Aaron Fox,21716137,pa,starter,fallback_used,projected,full,44,25,0.0603
161,De'Aaron Fox,21716137,pa,starter,fallback_used,projected,full,44,26,0.054
161,De'Aaron Fox,21716137,pa,starter,fallback_used,projected,full,44,27,0.0459
161,De'Aaron Fox,21716137,pa,starter,fallback_used,projected,full,44,28,0.0398
161,De'Aaron Fox,21716137,pa,starter,fallback_used,projected,full,44,29,0.0331
161,De'Aaron Fox,21716137,pa,starter,fallback_used,projected,full,44,30,0.0255
161,De'Aaron Fox,21716137,pa,starter,fallback_used,projected,full,44,31,0.019
161,De'Aaron Fox,21716137,pa,starter,fallback_used,projected,full,44,32,0.0154
161,De'Aaron Fox,21716137,pa,starter,fallback_used,projected,full,44,33,0.0119
161,De'Aaron Fox,21716137,pa,starter,fallback_used,projected,full,44,34,0.0096
161,De'Aaron Fox,21716137,pa,starter,fallback_used,projected,full,44,35,0.008
161,De'Aaron Fox,21716137,pa,starter,fallback_used,projected,full,44,36,0.0069
161,De'Aaron Fox,21716137,pa,starter,fallback_used,projected,full,44,37,0.0052
161,De'Aaron Fox,21716137,pa,starter,fallback_used,projected,full,44,38,0.0035
161,De'Aaron Fox,21716137,pa,starter,fallback_used,projected,full,44,39,0.0024
161,De'Aaron Fox,21716137,pa,starter,fallback_used,projected,full,44,40,0.0017
161,De'Aaron Fox,21716137,pa,starter,fallback_used,projected,full,44,41,0.0011
161,De'Aaron Fox,21716137,pa,starter,fallback_used,projected,full,44,42,0.0007
161,De'Aaron Fox,21716137,pa,starter,fallback_used,projected,full,44,43,0.0005
161,De'Aaron Fox,21716137,pa,starter,fallback_used,projected,full,44,44,0.0003
161,De'Aaron Fox,21716137,pa,starter,fallback_used,projected,full,44,45,0.0002
161,De'Aaron Fox,21716137,pa,starter,fallback_used,projected,full,44,46,0.0002
161,De'Aaron Fox,21716137,pa,starter,fallback_used,projected,full,44,47,0.0001
161,De'Aaron Fox,21716137,pa,starter,fallback_used,projected,full,44,48,0.0001
161,De'Aaron Fox,21716137,pa,starter,fallback_used,projected,full,44,49,0.0001
161,De'Aaron Fox,21716137,pa,starter,fallback_used,projected,full,44,50,0.0
161,De'Aaron Fox,21716137,pa,starter,fallback_used,projected,full,44,51,0.0
161,De'Aaron Fox,21716137,pa,starter,fallback_used,projected,full,44,52,0.0
161,De'Aaron Fox,21716137,pa,starter,fallback_used,projected,full,44,53,0.0
161,De'Aaron Fox,21716137,pa,starter,fallback_used,projected,full,44,54,0.0
161,De'Aaron Fox,21716137,pa,starter,fallback_used,projected,full,44,55,0.0
161,De'Aaron Fox,21716137,pa,starter,fallback_used,projected,full,44,56,0.0
161,De'Aaron Fox,21716137,pa,starter,fallback_used,projected,full,44,57,0.0
161,De'Aaron Fox,21716137,pa,starter,fallback_used,projected,full,44,58,0.0
161,De'Aaron Fox,21716137,pa,starter,fallback_used,projected,full,44,59,0.0
161,De'Aaron Fox,21716137,pa,starter,fallback_used,projected,full,44,60,0.0
161,De'Aaron Fox,21716137,pa,starter,fallback_used,projected,full,44,61,0.0
161,De'Aaron Fox,21716137,pa,starter,fallback_used,projected,full,44,62,0.0
161,De'Aaron Fox,21716137,pa,starter,fallback_used,projected,full,44,63,0.0
161,De'Aaron Fox,21716137,pa,starter,fallback_used,projected,full,44,64,0.0
161,De'Aaron Fox,21716137,pa,starter,fallback_used,projected,full,44,65,0.0
161,De'Aaron Fox,21716137,pa,starter,fallback_used,projected,full,44,66,0.0
161,De'Aaron Fox,21716137,pa,starter,fallback_used,projected,full,44,67,0.0
161,De'Aaron Fox,21716137,pa,starter,fallback_used,projected,full,44,68,0.0
161,De'Aaron Fox,21716137,pa,starter,fallback_used,projected,full,44,69,0.0
161,De'Aaron Fox,21716137,pa,starter,fallback_used,projected,full,44,70,0.0
161,De'Aaron Fox,21716137,pa,starter,fallback_used,projected,full,44,71,0.0
161,De'Aaron Fox,21716137,pa,starter,fallback_used,projected,full,44,72,0.0
161,De'Aaron Fox,21716137,pr,starter,fallback_used,projected,full,45,0,0.0
161,De'Aaron Fox,21716137,pr,starter,fallback_used,projected,full,45,1,0.0
161,De'Aaron Fox,21716137,pr,starter,fallback_used,projected,full,45,2,0.0001
161,De'Aaron Fox,21716137,pr,starter,fallback_used,projected,full,45,3,0.0003
161,De'Aaron Fox,21716137,pr,starter,fallback_used,projected,full,45,4,0.0007
161,De'Aaron Fox,21716137,pr,starter,fallback_used,projected,full,45,5,0.0013
161,De'Aaron Fox,21716137,pr,starter,fallback_used,projected,full,45,6,0.0022
161,De'Aaron Fox,21716137,pr,starter,fallback_used,projected,full,45,7,0.0036
161,De'Aaron Fox,21716137,pr,starter,fallback_used,projected,full,45,8,0.0059
161,De'Aaron Fox,21716137,pr,starter,fallback_used,projected,full,45,9,0.0092
161,De'Aaron Fox,21716137,pr,starter,fallback_used,projected,full,45,10,0.0128
161,De'Aaron Fox,21716137,pr,starter,fallback_used,projected,full,45,11,0.017
161,De'Aaron Fox,21716137,pr,starter,fallback_used,projected,full,45,12,0.022
161,De'Aaron Fox,21716137,pr,starter,fallback_used,projected,full,45,13,0.026
161,De'Aaron Fox,21716137,pr,starter,fallback_used,projected,full,45,14,0.0311
161,De'Aaron Fox,21716137,pr,starter,fallback_used,projected,full,45,15,0.038
161,De'Aaron Fox,21716137,pr,starter,fallback_used,projected,full,45,16,0.0451
161,De'Aaron Fox,21716137,pr,starter,fallback_used,projected,full,45,17,0.0524
161,De'Aaron Fox,21716137,pr,starter,fallback_used,projected,full,45,18,0.0593
161,De'Aaron Fox,21716137,pr,starter,fallback_used,projected,full,45,19,0.0657
161,De'Aaron Fox,21716137,pr,starter,fallback_used,projected,full,45,20,0.0703
161,De'Aaron Fox,21716137,pr,starter,fallback_used,projected,full,45,21,0.0734
161,De'Aaron Fox,21716137,pr,starter,fallback_used,projected,full,45,22,0.0709
161,De'Aaron Fox,21716137,pr,starter,fallback_used,projected,full,45,23,0.0648
161,De'Aaron Fox,21716137,pr,starter,fallback_used,projected,full,45,24,0.0583
161,De'Aaron Fox,21716137,pr,starter,fallback_used,projected,full,45,25,0.0513
161,De'Aaron Fox,21716137,pr,starter,fallback_used,projected,full,45,26,0.046
161,De'Aaron Fox,21716137,pr,starter,fallback_used,projected,full,45,27,0.0383
161,De'Aaron Fox,21716137,pr,starter,fallback_used,projected,full,45,28,0.0298
161,De'Aaron Fox,21716137,pr,starter,fallback_used,projected,full,45,29,0.0234
161,De'Aaron Fox,21716137,pr,starter,fallback_used,projected,full,45,30,0.0182
161,De'Aaron Fox,21716137,pr,starter,fallback_used,projected,full,45,31,0.0134
161,De'Aaron Fox,21716137,pr,starter,fallback_used,projected,full,45,32,0.0108
161,De'Aaron Fox,21716137,pr,starter,fallback_used,projected,full,45,33,0.0096
161,De'Aaron Fox,21716137,pr,starter,fallback_used,projected,full,45,34,0.0082
161,De'Aaron Fox,21716137,pr,starter,fallback_used,projected,full,45,35,0.0062
161,De'Aaron Fox,21716137,pr,starter,fallback_used,projected,full,45,36,0.0044
161,De'Aaron Fox,21716137,pr,starter,fallback_used,projected,full,45,37,0.0032
161,De'Aaron Fox,21716137,pr,starter,fallback_used,projected,full,45,38,0.0022
161,De'Aaron Fox,21716137,pr,starter,fallback_used,projected,full,45,39,0.0014
161,De'Aaron Fox,21716137,pr,starter,fallback_used,projected,full,45,40,0.001
161,De'Aaron Fox,21716137,pr,starter,fallback_used,projected,full,45,41,0.0006
161,De'Aaron Fox,21716137,pr,starter,fallback_used,projected,full,45,42,0.0004
161,De'Aaron Fox,21716137,pr,starter,fallback_used,projected,full,45,43,0.0003
161,De'Aaron Fox,21716137,pr,starter,fallback_used,projected,full,45,44,0.0002
161,De'Aaron Fox,21716137,pr,starter,fallback_used,projected,full,45,45,0.0001
161,De'Aaron Fox,21716137,pr,starter,fallback_used,projected,full,45,46,0.0001
161,De'Aaron Fox,21716137,pr,starter,fallback_used,projected,full,45,47,0.0001
161,De'Aaron Fox,21716137,pr,starter,fallback_used,projected,full,45,48,0.0
161,De'Aaron Fox,21716137,pr,starter,fallback_used,projected,full,45,49,0.0
161,De'Aaron Fox,21716137,pr,starter,fallback_used,projected,full,45,50,0.0
161,De'Aaron Fox,21716137,pr,starter,fallback_used,projected,full,45,51,0.0
161,De'Aaron Fox,21716137,pr,starter,fallback_used,projected,full,45,52,0.0
161,De'Aaron Fox,21716137,pr,starter,fallback_used,projected,full,45,53,0.0
161,De'Aaron Fox,21716137,pr,starter,fallback_used,projected,full,45,54,0.0
161,De'Aaron Fox,21716137,pr,starter,fallback_used,projected,full,45,55,0.0
161,De'Aaron Fox,21716137,pr,starter,fallback_used,projected,full,45,56,0.0
161,De'Aaron Fox,21716137,pr,starter,fallback_used,projected,full,45,57,0.0
161,De'Aaron Fox,21716137,pr,starter,fallback_used,projected,full,45,58,0.0
161,De'Aaron Fox,21716137,pr,starter,fallback_used,projected,full,45,59,0.0
161,De'Aaron Fox,21716137,pr,starter,fallback_used,projected,full,45,60,0.0
161,De'Aaron Fox,21716137,pr,starter,fallback_used,projected,full,45,61,0.0
161,De'Aaron Fox,21716137,pr,starter,fallback_used,projected,full,45,62,0.0
161,De'Aaron Fox,21716137,pr,starter,fallback_used,projected,full,45,63,0.0
161,De'Aaron Fox,21716137,pr,starter,fallback_used,projected,full,45,64,0.0
161,De'Aaron Fox,21716137,pr,starter,fallback_used,projected,full,45,65,0.0
161,De'Aaron Fox,21716137,pr,starter,fallback_used,projected,full,45,66,0.0
161,De'Aaron Fox,21716137,pr,starter,fallback_used,projected,full,45,67,0.0
161,De'Aaron Fox,21716137,pr,starter,fallback_used,projected,full,45,68,0.0
161,De'Aaron Fox,21716137,pr,starter,fallback_used,projected,full,45,69,0.0
161,De'Aaron Fox,21716137,ra,starter,fallback_used,projected,full,46,0,0.0
161,De'Aaron Fox,21716137,ra,starter,fallback_used,projected,full,46,1,0.0002
161,De'Aaron Fox,21716137,ra,starter,fallback_used,projected,full,46,2,0.0007
161,De'Aaron Fox,21716137,ra,starter,fallback_used,projected,full,46,3,0.0024
161,De'Aaron Fox,21716137,ra,starter,fallback_used,projected,full,46,4,0.0076
161,De'Aaron Fox,21716137,ra,starter,fallback_used,projected,full,46,5,0.0184
161,De'Aaron Fox,21716137,ra,starter,fallback_used,projected,full,46,6,0.0401
161,De'Aaron Fox,21716137,ra,starter,fallback_used,projected,full,46,7,0.0739
161,De'Aaron Fox,21716137,ra,starter,fallback_used,projected,full,46,8,0.1163
161,De'Aaron Fox,21716137,ra,starter,fallback_used,projected,full,46,9,0.1464
161,De'Aaron Fox,21716137,ra,starter,fallback_used,projected,full,46,10,0.1643
161,De'Aaron Fox,21716137,ra,starter,fallback_used,projected,full,46,11,0.1561
161,De'Aaron Fox,21716137,ra,starter,fallback_used,projected,full,46,12,0.1201
161,De'Aaron Fox,21716137,ra,starter,fallback_used,projected,full,46,13,0.0778
161,De'Aaron Fox,21716137,ra,starter,fallback_used,projected,full,46,14,0.0426
161,De'Aaron Fox,21716137,ra,starter,fallback_used,projected,full,46,15,0.0201
161,De'Aaron Fox,21716137,ra,starter,fallback_used,projected,full,46,16,0.0083
161,De'Aaron Fox,21716137,ra,starter,fallback_used,projected,full,46,17,0.0031
161,De'Aaron Fox,21716137,ra,starter,fallback_used,projected,full,46,18,0.001
161,De'Aaron Fox,21716137,ra,starter,fallback_used,projected,full,46,19,0.0003
161,De'Aaron Fox,21716137,ra,starter,fallback_used,projected,full,46,20,0.0001
161,De'Aaron Fox,21716137,ra,starter,fallback_used,projected,full,46,21,0.0
161,De'Aaron Fox,21716137,ra,starter,fallback_used,projected,full,46,22,0.0
161,De'Aaron Fox,21716137,ra,starter,fallback_used,projected,full,46,23,0.0
161,De'Aaron Fox,21716137,ra,starter,fallback_used,projected,full,46,24,0.0
161,De'Aaron Fox,21716137,ra,starter,fallback_used,projected,full,46,25,0.0
161,De'Aaron Fox,21716137,ra,starter,fallback_used,projected,full,46,26,0.0
161,De'Aaron Fox,21716137,ra,starter,fallback_used,projected,full,46,27,0.0
161,De'Aaron Fox,21716137,ra,starter,fallback_used,projected,full,46,28,0.0
161,De'Aaron Fox,21716137,ra,starter,fallback_used,projected,full,46,29,0.0
161,De'Aaron Fox,21716137,ra,starter,fallback_used,projected,full,46,30,0.0
161,De'Aaron Fox,21716137,ra,starter,fallback_used,projected,full,46,31,0.0
161,De'Aaron Fox,21716137,ra,starter,fallback_used,projected,full,46,32,0.0
161,De'Aaron Fox,21716137,ra,starter,fallback_used,projected,full,46,33,0.0
161,De'Aaron Fox,21716137,ra,starter,fallback_used,projected,full,46,34,0.0
161,De'Aaron Fox,21716137,pra,starter,fallback_used,projected,full,47,0,0.0
161,De'Aaron Fox,21716137,pra,starter,fallback_used,projected,full,47,1,0.0
161,De'Aaron Fox,21716137,pra,starter,fallback_used,projected,full,47,2,0.0
161,De'Aaron Fox,21716137,pra,starter,fallback_used,projected,full,47,3,0.0
161,De'Aaron Fox,21716137,pra,starter,fallback_used,projected,full,47,4,0.0
161,De'Aaron Fox,21716137,pra,starter,fallback_used,projected,full,47,5,0.0
161,De'Aaron Fox,21716137,pra,starter,fallback_used,projected,full,47,6,0.0001
161,De'Aaron Fox,21716137,pra,starter,fallback_used,projected,full,47,7,0.0002
161,De'Aaron Fox,21716137,pra,starter,fallback_used,projected,full,47,8,0.0004
161,De'Aaron Fox,21716137,pra,starter,fallback_used,projected,full,47,9,0.0008
161,De'Aaron Fox,21716137,pra,starter,fallback_used,projected,full,47,10,0.0014
161,De'Aaron Fox,21716137,pra,starter,fallback_used,projected,full,47,11,0.0023
161,De'Aaron Fox,21716137,pra,starter,fallback_used,projected,full,47,12,0.0036
161,De'Aaron Fox,21716137,pra,starter,fallback_used,projected,full,47,13,0.0056
161,De'Aaron Fox,21716137,pra,starter,fallback_used,projected,full,47,14,0.0081
161,De'Aaron Fox,21716137,pra,starter,fallback_used,projected,full,47,15,0.0113
161,De'Aaron Fox,21716137,pra,starter,fallback_used,projected,full,47,16,0.015
161,De'Aaron Fox,21716137,pra,starter,fallback_used,projected,full,47,17,0.0192
161,De'Aaron Fox,21716137,pra,starter,fallback_used,projected,full,47,18,0.0239
161,De'Aaron Fox,21716137,pra,starter,fallback_used,projected,full,47,19,0.0291
161,De'Aaron Fox,21716137,pra,starter,fallback_used,projected,full,47,20,0.0347
161,De'Aaron Fox,21716137,pra,starter,fallback_used,projected,full,47,21,0.041
161,De'Aaron Fox,21716137,pra,starter,fallback_used,projected,full,47,22,0.0475
161,De'Aaron Fox,21716137,pra,starter,fallback_used,projected,full,47,23,0.054
161,De'Aaron Fox,21716137,pra,starter,fallback_used,projected,full,47,24,0.0598
161,De'Aaron Fox,21716137,pra,starter,fallback_used,projected,full,47,25,0.0644
161,De'Aaron Fox,21716137,pra,starter,fallback_used,projected,full,47,26,0.067
161,De'Aaron Fox,21716137,pra,starter,fallback_used,projected,full,47,27,0.0674
161,De'Aaron Fox,21716137,pra,starter,fallback_used,projected,full,47,28,0.0653
161,De'Aaron Fox,21716137,pra,starter,fallback_used,projected,full,47,29,0.0611
161,De'Aaron Fox,21716137,pra,starter,fallback_used,projected,full,47,30,0.0556
161,De'Aaron Fox,21716137,pra,starter,fallback_used,projected,full,47,31,0.0491
161,De'Aaron Fox,21716137,pra,starter,fallback_used,projected,full,47,32,0.0424
161,De'Aaron Fox,21716137,pra,starter,fallback_used,projected,full,47,33,0.0357
161,De'Aaron Fox,21716137,pra,starter,fallback_used,projected,full,47,34,0.0292
161,De'Aaron Fox,21716137,pra,starter,fallback_used,projected,full,47,35,0.0232
161,De'Aaron Fox,21716137,pra,starter,fallback_used,projected,full,47,36,0.0183
161,De'Aaron Fox,21716137,pra,starter,fallback_used,projected,full,47,37,0.0145
161,De'Aaron Fox,21716137,pra,starter,fallback_used,projected,full,47,38,0.0115
161,De'Aaron Fox,21716137,pra,starter,fallback_used,projected,full,47,39,0.0093
161,De'Aaron Fox,21716137,pra,starter,fallback_used,projected,full,47,40,0.0075
161,De'Aaron Fox,21716137,pra,starter,fallback_used,projected,full,47,41,0.0059
161,De'Aaron Fox,21716137,pra,starter,fallback_used,projected,full,47,42,0.0045
161,De'Aaron Fox,21716137,pra,starter,fallback_used,projected,full,47,43,0.0033
161,De'Aaron Fox,21716137,pra,starter,fallback_used,projected,full,47,44,0.0023
161,De'Aaron Fox,21716137,pra,starter,fallback_used,projected,full,47,45,0.0016
161,De'Aaron Fox,21716137,pra,starter,fallback_used,projected,full,47,46,0.0011
161,De'Aaron Fox,21716137,pra,starter,fallback_used,projected,full,47,47,0.0007
161,De'Aaron Fox,21716137,pra,starter,fallback_used,projected,full,47,48,0.0005
161,De'Aaron Fox,21716137,pra,starter,fallback_used,projected,full,47,49,0.0003
161,De'Aaron Fox,21716137,pra,starter,fallback_used,projected,full,47,50,0.0002
161,De'Aaron Fox,21716137,pra,starter,fallback_used,projected,full,47,51,0.0001
161,De'Aaron Fox,21716137,pra,starter,fallback_used,projected,full,47,52,0.0001
161,De'Aaron Fox,21716137,pra,starter,fallback_used,projected,full,47,53,0.0001
161,De'Aaron Fox,21716137,pra,starter,fallback_used,projected,full,47,54,0.0001
161,De'Aaron Fox,21716137,pra,starter,fallback_used,projected,full,47,55,0.0
161,De'Aaron Fox,21716137,pra,starter,fallback_used,projected,full,47,56,0.0
161,De'Aaron Fox,21716137,pra,starter,fallback_used,projected,full,47,57,0.0
161,De'Aaron Fox,21716137,pra,starter,fallback_used,projected,full,47,58,0.0
161,De'Aaron Fox,21716137,pra,starter,fallback_used,projected,full,47,59,0.0
161,De'Aaron Fox,21716137,pra,starter,fallback_used,projected,full,47,60,0.0
161,De'Aaron Fox,21716137,pra,starter,fallback_used,projected,full,47,61,0.0
161,De'Aaron Fox,21716137,pra,starter,fallback_used,projected,full,47,62,0.0
161,De'Aaron Fox,21716137,pra,starter,fallback_used,projected,full,47,63,0.0
161,De'Aaron Fox,21716137,pra,starter,fallback_used,projected,full,47,64,0.0
161,De'Aaron Fox,21716137,pra,starter,fallback_used,projected,full,47,65,0.0
161,De'Aaron Fox,21716137,pra,starter,fallback_used,projected,full,47,66,0.0
161,De'Aaron Fox,21716137,pra,starter,fallback_used,projected,full,47,67,0.0
161,De'Aaron Fox,21716137,pra,starter,fallback_used,projected,full,47,68,0.0
161,De'Aaron Fox,21716137,pra,starter,fallback_used,projected,full,47,69,0.0
161,De'Aaron Fox,21716137,pra,starter,fallback_used,projected,full,47,70,0.0
161,De'Aaron Fox,21716137,pra,starter,fallback_used,projected,full,47,71,0.0
161,De'Aaron Fox,21716137,pra,starter,fallback_used,projected,full,47,72,0.0
161,De'Aaron Fox,21716137,pra,starter,fallback_used,projected,full,47,73,0.0
161,De'Aaron Fox,21716137,pra,starter,fallback_used,projected,full,47,74,0.0
161,De'Aaron Fox,21716137,pra,starter,fallback_used,projected,full,47,75,0.0
161,De'Aaron Fox,21716137,pra,starter,fallback_used,projected,full,47,76,0.0
161,De'Aaron Fox,21716137,pra,starter,fallback_used,projected,full,47,77,0.0
161,De'Aaron Fox,21716137,pra,starter,fallback_used,projected,full,47,78,0.0
161,De'Aaron Fox,21716137,pra,starter,fallback_used,projected,full,47,79,0.0
202,Josh Hart,21716137,pts,core,fallback_used,projected,full,48,0,0.0136
202,Josh Hart,21716137,pts,core,fallback_used,projected,full,48,1,0.0147
202,Josh Hart,21716137,pts,core,fallback_used,projected,full,48,2,0.0267
202,Josh Hart,21716137,pts,core,fallback_used,projected,full,48,3,0.0269
202,Josh Hart,21716137,pts,core,fallback_used,projected,full,48,4,0.0253
202,Josh Hart,21716137,pts,core,fallback_used,projected,full,48,5,0.04
202,Josh Hart,21716137,pts,core,fallback_used,projected,full,48,6,0.0531
202,Josh Hart,21716137,pts,core,fallback_used,projected,full,48,7,0.058
202,Josh Hart,21716137,pts,core,fallback_used,projected,full,48,8,0.0454
202,Josh Hart,21716137,pts,core,fallback_used,projected,full,48,9,0.0773
202,Josh Hart,21716137,pts,core,fallback_used,projected,full,48,10,0.0716
202,Josh Hart,21716137,pts,core,fallback_used,projected,full,48,11,0.0558
202,Josh Hart,21716137,pts,core,fallback_used,projected,full,48,12,0.0797
202,Josh Hart,21716137,pts,core,fallback_used,projected,full,48,13,0.0432
202,Josh Hart,21716137,pts,core,fallback_used,projected,full,48,14,0.0653
202,Josh Hart,21716137,pts,core,fallback_used,projected,full,48,15,0.039
202,Josh Hart,21716137,pts,core,fallback_used,projected,full,48,16,0.0281
202,Josh Hart,21716137,pts,core,fallback_used,projected,full,48,17,0.0415
202,Josh Hart,21716137,pts,core,fallback_used,projected,full,48,18,0.0484
202,Josh Hart,21716137,pts,core,fallback_used,projected,full,48,19,0.0274
202,Josh Hart,21716137,pts,core,fallback_used,projected,full,48,20,0.0154
202,Josh Hart,21716137,pts,core,fallback_used,projected,full,48,21,0.0351
202,Josh Hart,21716137,pts,core,fallback_used,projected,full,48,22,0.0301
202,Josh Hart,21716137,pts,core,fallback_used,projected,full,48,23,0.0082
202,Josh Hart,21716137,pts,core,fallback_used,projected,full,48,24,0.0053
202,Josh Hart,21716137,pts,core,fallback_used,projected,full,48,25,0.0063
202,Josh Hart,21716137,pts,core,fallback_used,projected,full,48,26,0.0078
202,Josh Hart,21716137,pts,core,fallback_used,projected,full,48,27,0.0037
202,Josh Hart,21716137,pts,core,fallback_used,projected,full,48,28,0.0032
202,Josh Hart,21716137,pts,core,fallback_used,projected,full,48,29,0.0011
202,Josh Hart,21716137,pts,core,fallback_used,projected,full,48,30,0.0007
202,Josh Hart,21716137,pts,core,fallback_used,projected,full,48,31,0.0001
202,Josh Hart,21716137,pts,core,fallback_used,projected,full,48,32,0.0001
202,Josh Hart,21716137,pts,core,fallback_used,projected,full,48,33,0.0002
202,Josh Hart,21716137,pts,core,fallback_used,projected,full,48,34,0.0004
202,Josh Hart,21716137,pts,core,fallback_used,projected,full,48,35,0.0001
202,Josh Hart,21716137,pts,core,fallback_used,projected,full,48,36,0.0001
202,Josh Hart,21716137,pts,core,fallback_used,projected,full,48,37,0.0001
202,Josh Hart,21716137,pts,core,fallback_used,projected,full,48,38,0.0005
202,Josh Hart,21716137,pts,core,fallback_used,projected,full,48,39,0.0
202,Josh Hart,21716137,pts,core,fallback_used,projected,full,48,41,0.0001
202,Josh Hart,21716137,pts,core,fallback_used,projected,full,48,42,0.0
202,Josh Hart,21716137,pts,core,fallback_used,projected,full,48,48,0.0
202,Josh Hart,21716137,pts,core,fallback_used,projected,full,48,80,0.0002
202,Josh Hart,21716137,reb,core,fallback_used,projected,full,49,0,0.0058
202,Josh Hart,21716137,reb,core,fallback_used,projected,full,49,1,0.0018
202,Josh Hart,21716137,reb,core,fallback_used,projected,full,49,2,0.009
202,Josh Hart,21716137,reb,core,fallback_used,projected,full,49,3,0.0154
202,Josh Hart,21716137,reb,core,fallback_used,projected,full,49,4,0.0192
202,Josh Hart,21716137,reb,core,fallback_used,projected,full,49,5,0.0653
202,Josh Hart,21716137,reb,core,fallback_used,projected,full,49,6,0.1041
202,Josh Hart,21716137,reb,core,fallback_used,projected,full,49,7,0.1383
202,Josh Hart,21716137,reb,core,fallback_used,projected,full,49,8,0.2149
202,Josh Hart,21716137,reb,core,fallback_used,projected,full,49,9,0.1334
202,Josh Hart,21716137,reb,core,fallback_used,projected,full,49,10,0.1049
202,Josh Hart,21716137,reb,core,fallback_used,projected,full,49,11,0.0796
202,Josh Hart,21716137,reb,core,fallback_used,projected,full,49,12,0.06
202,Josh Hart,21716137,reb,core,fallback_used,projected,full,49,13,0.0214
202,Josh Hart,21716137,reb,core,fallback_used,projected,full,49,14,0.0115
202,Josh Hart,21716137,reb,core,fallback_used,projected,full,49,15,0.0083
202,Josh Hart,21716137,reb,core,fallback_used,projected,full,49,16,0.0039
202,Josh Hart,21716137,reb,core,fallback_used,projected,full,49,17,0.0021
202,Josh Hart,21716137,reb,core,fallback_used,projected,full,49,18,0.0007
202,Josh Hart,21716137,reb,core,fallback_used,projected,full,49,19,0.0002
202,Josh Hart,21716137,reb,core,fallback_used,projected,full,49,20,0.0002
202,Josh Hart,21716137,reb,core,fallback_used,projected,full,49,21,0.0
202,Josh Hart,21716137,reb,core,fallback_used,projected,full,49,22,0.0
202,Josh Hart,21716137,reb,core,fallback_used,projected,full,49,23,0.0
202,Josh Hart,21716137,reb,core,fallback_used,projected,full,49,24,0.0
202,Josh Hart,21716137,reb,core,fallback_used,projected,full,49,25,0.0
202,Josh Hart,21716137,reb,core,fallback_used,projected,full,49,26,0.0
202,Josh Hart,21716137,reb,core,fallback_used,projected,full,49,27,0.0
202,Josh Hart,21716137,reb,core,fallback_used,projected,full,49,28,0.0
202,Josh Hart,21716137,reb,core,fallback_used,projected,full,49,30,0.0
202,Josh Hart,21716137,ast,core,fallback_used,projected,full,50,0,0.0297
202,Josh Hart,21716137,ast,core,fallback_used,projected,full,50,1,0.015
202,Josh Hart,21716137,ast,core,fallback_used,projected,full,50,2,0.0812
202,Josh Hart,21716137,ast,core,fallback_used,projected,full,50,3,0.1208
202,Josh Hart,21716137,ast,core,fallback_used,projected,full,50,4,0.2259
202,Josh Hart,21716137,ast,core,fallback_used,projected,full,50,5,0.24
202,Josh Hart,21716137,ast,core,fallback_used,projected,full,50,6,0.1539
202,Josh Hart,21716137,ast,core,fallback_used,projected,full,50,7,0.0956
202,Josh Hart,21716137,ast,core,fallback_used,projected,full,50,8,0.0268
202,Josh Hart,21716137,ast,core,fallback_used,projected,full,50,9,0.0083
202,Josh Hart,21716137,ast,core,fallback_used,projected,full,50,10,0.0023
202,Josh Hart,21716137,ast,core,fallback_used,projected,full,50,11,0.0004
202,Josh Hart,21716137,ast,core,fallback_used,projected,full,50,12,0.0001
202,Josh Hart,21716137,ast,core,fallback_used,projected,full,50,13,0.0
202,Josh Hart,21716137,ast,core,fallback_used,projected,full,50,14,0.0
202,Josh Hart,21716137,ast,core,fallback_used,projected,full,50,15,0.0
202,Josh Hart,21716137,ast,core,fallback_used,projected,full,50,16,0.0
202,Josh Hart,21716137,ast,core,fallback_used,projected,full,50,17,0.0
202,Josh Hart,21716137,ast,core,fallback_used,projected,full,50,18,0.0
202,Josh Hart,21716137,ast,core,fallback_used,projected,full,50,20,0.0
202,Josh Hart,21716137,ast,core,fallback_used,projected,full,50,22,0.0
202,Josh Hart,21716137,fg3m,core,fallback_used,projected,full,51,0,0.2857
202,Josh Hart,21716137,fg3m,core,fallback_used,projected,full,51,1,0.3861
202,Josh Hart,21716137,fg3m,core,fallback_used,projected,full,51,2,0.1591
202,Josh Hart,21716137,fg3m,core,fallback_used,projected,full,51,3,0.0622
202,Josh Hart,21716137,fg3m,core,fallback_used,projected,full,51,4,0.1069
202,Josh Hart,21716137,tov,core,fallback_used,projected,full,52,0,0.1749
202,Josh Hart,21716137,tov,core,fallback_used,projected,full,52,1,0.3501
202,Josh Hart,21716137,tov,core,fallback_used,projected,full,52,2,0.4354
202,Josh Hart,21716137,tov,core,fallback_used,projected,full,52,3,0.0388
202,Josh Hart,21716137,tov,core,fallback_used,projected,full,52,4,0.0008
202,Josh Hart,21716137,tov,core,fallback_used,projected,full,52,5,0.0
202,Josh Hart,21716137,tov,core,fallback_used,projected,full,52,6,0.0
202,Josh Hart,21716137,tov,core,fallback_used,projected,full,52,7,0.0
202,Josh Hart,21716137,tov,core,fallback_used,projected,full,52,8,0.0
202,Josh Hart,21716137,stl,core,fallback_used,projected,full,53,0,0.5831
202,Josh Hart,21716137,stl,core,fallback_used,projected,full,53,1,0.247
202,Josh Hart,21716137,stl,core,fallback_used,projected,full,53,2,0.1323
202,Josh Hart,21716137,stl,core,fallback_used,projected,full,53,3,0.0301
202,Josh Hart,21716137,stl,core,fallback_used,projected,full,53,4,0.0076
202,Josh Hart,21716137,blk,core,fallback_used,projected,full,54,0,0.7451
202,Josh Hart,21716137,blk,core,fallback_used,projected,full,54,1,0.2047
202,Josh Hart,21716137,blk,core,fallback_used,projected,full,54,2,0.0415
202,Josh Hart,21716137,blk,core,fallback_used,projected,full,54,3,0.0047
202,Josh Hart,21716137,blk,core,fallback_used,projected,full,54,10,0.004
202,Josh Hart,21716137,stocks,core,fallback_used,projected,full,55,0,0.4344
202,Josh Hart,21716137,stocks,core,fallback_used,projected,full,55,1,0.3034
202,Josh Hart,21716137,stocks,core,fallback_used,projected,full,55,2,0.17
202,Josh Hart,21716137,stocks,core,fallback_used,projected,full,55,3,0.0682
202,Josh Hart,21716137,stocks,core,fallback_used,projected,full,55,4,0.0197
202,Josh Hart,21716137,stocks,core,fallback_used,projected,full,55,5,0.0036
202,Josh Hart,21716137,stocks,core,fallback_used,projected,full,55,6,0.0004
202,Josh Hart,21716137,stocks,core,fallback_used,projected,full,55,7,0.0
202,Josh Hart,21716137,stocks,core,fallback_used,projected,full,55,10,0.0
202,Josh Hart,21716137,stocks,core,fallback_used,projected,full,55,11,0.0
202,Josh Hart,21716137,stocks,core,fallback_used,projected,full,55,12,0.0
202,Josh Hart,21716137,stocks,core,fallback_used,projected,full,55,13,0.0
202,Josh Hart,21716137,stocks,core,fallback_used,projected,full,55,14,0.0
202,Josh Hart,21716137,pa,core,fallback_used,projected,full,56,0,0.0004
202,Josh Hart,21716137,pa,core,fallback_used,projected,full,56,1,0.0006
202,Josh Hart,21716137,pa,core,fallback_used,projected,full,56,2,0.0021
202,Josh Hart,21716137,pa,core,fallback_used,projected,full,56,3,0.004
202,Josh Hart,21716137,pa,core,fallback_used,projected,full,56,4,0.0082
202,Josh Hart,21716137,pa,core,fallback_used,projected,full,56,5,0.0136
202,Josh Hart,21716137,pa,core,fallback_used,projected,full,56,6,0.0191
202,Josh Hart,21716137,pa,core,fallback_used,projected,full,56,7,0.0249
202,Josh Hart,21716137,pa,core,fallback_used,projected,full,56,8,0.0294
202,Josh Hart,21716137,pa,core,fallback_used,projected,full,56,9,0.0364
202,Josh Hart,21716137,pa,core,fallback_used,projected,full,56,10,0.0429
202,Josh Hart,21716137,pa,core,fallback_used,projected,full,56,11,0.0499
202,Josh Hart,21716137,pa,core,fallback_used,projected,full,56,12,0.0555
202,Josh Hart,21716137,pa,core,fallback_used,projected,full,56,13,0.0594
202,Josh Hart,21716137,pa,core,fallback_used,projected,full,56,14,0.0649
202,Josh Hart,21716137,pa,core,fallback_used,projected,full,56,15,0.0634
202,Josh Hart,21716137,pa,core,fallback_used,projected,full,56,16,0.0636
202,Josh Hart,21716137,pa,core,fallback_used,projected,full,56,17,0.0596
202,Josh Hart,21716137,pa,core,fallback_used,projected,full,56,18,0.0545
202,Josh Hart,21716137,pa,core,fallback_used,projected,full,56,19,0.0494
202,Josh Hart,21716137,pa,core,fallback_used,projected,full,56,20,0.0425
202,Josh Hart,21716137,pa,core,fallback_used,projected,full,56,21,0.0397
202,Josh Hart,21716137,pa,core,fallback_used,projected,full,56,22,0.0373
202,Josh Hart,21716137,pa,core,fallback_used,projected,full,56,23,0.034
202,Josh Hart,21716137,pa,core,fallback_used,projected,full,56,24,0.0297
202,Josh Hart,21716137,pa,core,fallback_used,projected,full,56,25,0.0265
202,Josh Hart,21716137,pa,core,fallback_used,projected,full,56,26,0.0237
202,Josh Hart,21716137,pa,core,fallback_used,projected,full,56,27,0.0186
202,Josh Hart,21716137,pa,core,fallback_used,projected,full,56,28,0.0135
202,Josh Hart,21716137,pa,core,fallback_used,projected,full,56,29,0.0093
202,Josh Hart,21716137,pa,core,fallback_used,projected,full,56,30,0.0068
202,Josh Hart,21716137,pa,core,fallback_used,projected,full,56,31,0.0052
202,Josh Hart,21716137,pa,core,fallback_used,projected,full,56,32,0.0039
202,Josh Hart,21716137,pa,core,fallback_used,projected,full,56,33,0.0027
202,Josh Hart,21716137,pa,core,fallback_used,projected,full,56,34,0.0016
202,Josh Hart,21716137,pa,core,fallback_used,projected,full,56,35,0.0009
202,Josh Hart,21716137,pa,core,fallback_used,projected,full,56,36,0.0005
202,Josh Hart,21716137,pa,core,fallback_used,projected,full,56,37,0.0003
202,Josh Hart,21716137,pa,core,fallback_used,projected,full,56,38,0.0002
202,Josh Hart,21716137,pa,core,fallback_used,projected,full,56,39,0.0002
202,Josh Hart,21716137,pa,core,fallback_used,projected,full,56,40,0.0002
202,Josh Hart,21716137,pa,core,fallback_used,projected,full,56,41,0.0002
202,Josh Hart,21716137,pa,core,fallback_used,projected,full,56,42,0.0002
202,Josh Hart,21716137,pa,core,fallback_used,projected,full,56,43,0.0002
202,Josh Hart,21716137,pa,core,fallback_used,projected,full,56,44,0.0001
202,Josh Hart,21716137,pa,core,fallback_used,projected,full,56,45,0.0001
202,Josh Hart,21716137,pa,core,fallback_used,projected,full,56,46,0.0
202,Josh Hart,21716137,pa,core,fallback_used,projected,full,56,47,0.0
202,Josh Hart,21716137,pa,core,fallback_used,projected,full,56,48,0.0
202,Josh Hart,21716137,pa,core,fallback_used,projected,full,56,49,0.0
202,Josh Hart,21716137,pa,core,fallback_used,projected,full,56,50,0.0
202,Josh Hart,21716137,pa,core,fallback_used,projected,full,56,51,0.0
202,Josh Hart,21716137,pa,core,fallback_used,projected,full,56,52,0.0
202,Josh Hart,21716137,pa,core,fallback_used,projected,full,56,53,0.0
202,Josh Hart,21716137,pa,core,fallback_used,projected,full,56,54,0.0
202,Josh Hart,21716137,pa,core,fallback_used,projected,full,56,55,0.0
202,Josh Hart,21716137,pa,core,fallback_used,projected,full,56,56,0.0
202,Josh Hart,21716137,pa,core,fallback_used,projected,full,56,57,0.0
202,Josh Hart,21716137,pa,core,fallback_used,projected,full,56,58,0.0
202,Josh Hart,21716137,pa,core,fallback_used,projected,full,56,59,0.0
202,Josh Hart,21716137,pa,core,fallback_used,projected,full,56,60,0.0
202,Josh Hart,21716137,pa,core,fallback_used,projected,full,56,61,0.0
202,Josh Hart,21716137,pa,core,fallback_used,projected,full,56,62,0.0
202,Josh Hart,21716137,pa,core,fallback_used,projected,full,56,63,0.0
202,Josh Hart,21716137,pa,core,fallback_used,projected,full,56,64,0.0
202,Josh Hart,21716137,pa,core,fallback_used,projected,full,56,65,0.0
202,Josh Hart,21716137,pa,core,fallback_used,projected,full,56,66,0.0
202,Josh Hart,21716137,pa,core,fallback_used,projected,full,56,68,0.0
202,Josh Hart,21716137,pa,core,fallback_used,projected,full,56,70,0.0
202,Josh Hart,21716137,pa,core,fallback_used,projected,full,56,80,0.0
202,Josh Hart,21716137,pa,core,fallback_used,projected,full,56,81,0.0
202,Josh Hart,21716137,pa,core,fallback_used,projected,full,56,82,0.0
202,Josh Hart,21716137,pa,core,fallback_used,projected,full,56,83,0.0
202,Josh Hart,21716137,pa,core,fallback_used,projected,full,56,84,0.0
202,Josh Hart,21716137,pa,core,fallback_used,projected,full,56,85,0.0
202,Josh Hart,21716137,pa,core,fallback_used,projected,full,56,86,0.0
202,Josh Hart,21716137,pa,core,fallback_used,projected,full,56,87,0.0
202,Josh Hart,21716137,pa,core,fallback_used,projected,full,56,88,0.0
202,Josh Hart,21716137,pa,core,fallback_used,projected,full,56,89,0.0
202,Josh Hart,21716137,pa,core,fallback_used,projected,full,56,90,0.0
202,Josh Hart,21716137,pa,core,fallback_used,projected,full,56,91,0.0
202,Josh Hart,21716137,pa,core,fallback_used,projected,full,56,92,0.0
202,Josh Hart,21716137,pa,core,fallback_used,projected,full,56,93,0.0
202,Josh Hart,21716137,pa,core,fallback_used,projected,full,56,94,0.0
202,Josh Hart,21716137,pa,core,fallback_used,projected,full,56,95,0.0
202,Josh Hart,21716137,pa,core,fallback_used,projected,full,56,96,0.0
202,Josh Hart,21716137,pa,core,fallback_used,projected,full,56,97,0.0
202,Josh Hart,21716137,pa,core,fallback_used,projected,full,56,98,0.0
202,Josh Hart,21716137,pa,core,fallback_used,projected,full,56,100,0.0
202,Josh Hart,21716137,pa,core,fallback_used,projected,full,56,102,0.0
202,Josh Hart,21716137,pr,core,fallback_used,projected,full,57,0,0.0001
202,Josh Hart,21716137,pr,core,fallback_used,projected,full,57,1,0.0001
202,Josh Hart,21716137,pr,core,fallback_used,projected,full,57,2,0.0003
202,Josh Hart,21716137,pr,core,fallback_used,projected,full,57,3,0.0005
202,Josh Hart,21716137,pr,core,fallback_used,projected,full,57,4,0.0009
202,Josh Hart,21716137,pr,core,fallback_used,projected,full,57,5,0.0021
202,Josh Hart,21716137,pr,core,fallback_used,projected,full,57,6,0.0039
202,Josh Hart,21716137,pr,core,fallback_used,projected,full,57,7,0.0069
202,Josh Hart,21716137,pr,core,fallback_used,projected,full,57,8,0.0114
202,Josh Hart,21716137,pr,core,fallback_used,projected,full,57,9,0.0158
202,Josh Hart,21716137,pr,core,fallback_used,projected,full,57,10,0.021
202,Josh Hart,21716137,pr,core,fallback_used,projected,full,57,11,0.0261
202,Josh Hart,21716137,pr,core,fallback_used,projected,full,57,12,0.0319
202,Josh Hart,21716137,pr,core,fallback_used,projected,full,57,13,0.0379
202,Josh Hart,21716137,pr,core,fallback_used,projected,full,57,14,0.0448
202,Josh Hart,21716137,pr,core,fallback_used,projected,full,57,15,0.0503
202,Josh Hart,21716137,pr,core,fallback_used,projected,full,57,16,0.0536
202,Josh Hart,21716137,pr,core,fallback_used,projected,full,57,17,0.0599
202,Josh Hart,21716137,pr,core,fallback_used,projected,full,57,18,0.0611
202,Josh Hart,21716137,pr,core,fallback_used,projected,full,57,19,0.0603
202,Josh Hart,21716137,pr,core,fallback_used,projected,full,57,20,0.0604
202,Josh Hart,21716137,pr,core,fallback_used,projected,full,57,21,0.0554
202,Josh Hart,21716137,pr,core,fallback_used,projected,full,57,22,0.0526
202,Josh Hart,21716137,pr,core,fallback_used,projected,full,57,23,0.0471
202,Josh Hart,21716137,pr,core,fallback_used,projected,full,57,24,0.0431
202,Josh Hart,21716137,pr,core,fallback_used,projected,full,57,25,0.0398
202,Josh Hart,21716137,pr,core,fallback_used,projected,full,57,26,0.0372
202,Josh Hart,21716137,pr,core,fallback_used,projected,full,57,27,0.0324
202,Josh Hart,21716137,pr,core,fallback_used,projected,full,57,28,0.0283
202,Josh Hart,21716137,pr,core,fallback_used,projected,full,57,29,0.0265
202,Josh Hart,21716137,pr,core,fallback_used,projected,full,57,30,0.0222
202,Josh Hart,21716137,pr,core,fallback_used,projected,full,57,31,0.0165
202,Josh Hart,21716137,pr,core,fallback_used,projected,full,57,32,0.0129
202,Josh Hart,21716137,pr,core,fallback_used,projected,full,57,33,0.0104
202,Josh Hart,21716137,pr,core,fallback_used,projected,full,57,34,0.0079
202,Josh Hart,21716137,pr,core,fallback_used,projected,full,57,35,0.0054
202,Josh Hart,21716137,pr,core,fallback_used,projected,full,57,36,0.004
202,Josh Hart,21716137,pr,core,fallback_used,projected,full,57,37,0.0028
202,Josh Hart,21716137,pr,core,fallback_used,projected,full,57,38,0.0019
202,Josh Hart,21716137,pr,core,fallback_used,projected,full,57,39,0.0012
202,Josh Hart,21716137,pr,core,fallback_used,projected,full,57,40,0.0008
202,Josh Hart,21716137,pr,core,fallback_used,projected,full,57,41,0.0005
202,Josh Hart,21716137,pr,core,fallback_used,projected,full,57,42,0.0004
202,Josh Hart,21716137,pr,core,fallback_used,projected,full,57,43,0.0003
202,Josh Hart,21716137,pr,core,fallback_used,projected,full,57,44,0.0002
202,Josh Hart,21716137,pr,core,fallback_used,projected,full,57,45,0.0002
202,Josh Hart,21716137,pr,core,fallback_used,projected,full,57,46,0.0002
202,Josh Hart,21716137,pr,core,fallback_used,projected,full,57,47,0.0001
202,Josh Hart,21716137,pr,core,fallback_used,projected,full,57,48,0.0001
202,Josh Hart,21716137,pr,core,fallback_used,projected,full,57,49,0.0001
202,Josh Hart,21716137,pr,core,fallback_used,projected,full,57,50,0.0001
202,Josh Hart,21716137,pr,core,fallback_used,projected,full,57,51,0.0
202,Josh Hart,21716137,pr,core,fallback_used,projected,full,57,52,0.0
202,Josh Hart,21716137,pr,core,fallback_used,projected,full,57,53,0.0
202,Josh Hart,21716137,pr,core,fallback_used,projected,full,57,54,0.0
202,Josh Hart,21716137,pr,core,fallback_used,projected,full,57,55,0.0
202,Josh Hart,21716137,pr,core,fallback_used,projected,full,57,56,0.0
202,Josh Hart,21716137,pr,core,fallback_used,projected,full,57,57,0.0
202,Josh Hart,21716137,pr,core,fallback_used,projected,full,57,58,0.0
202,Josh Hart,21716137,pr,core,fallback_used,projected,full,57,59,0.0
202,Josh Hart,21716137,pr,core,fallback_used,projected,full,57,60,0.0
202,Josh Hart,21716137,pr,core,fallback_used,projected,full,57,61,0.0
202,Josh Hart,21716137,pr,core,fallback_used,projected,full,57,62,0.0
202,Josh Hart,21716137,pr,core,fallback_used,projected,full,57,63,0.0
202,Josh Hart,21716137,pr,core,fallback_used,projected,full,57,64,0.0
202,Josh Hart,21716137,pr,core,fallback_used,projected,full,57,65,0.0
202,Josh Hart,21716137,pr,core,fallback_used,projected,full,57,66,0.0
202,Josh Hart,21716137,pr,core,fallback_used,projected,full,57,67,0.0
202,Josh Hart,21716137,pr,core,fallback_used,projected,full,57,68,0.0
202,Josh Hart,21716137,pr,core,fallback_used,projected,full,57,69,0.0
202,Josh Hart,21716137,pr,core,fallback_used,projected,full,57,70,0.0
202,Josh Hart,21716137,pr,core,fallback_used,projected,full,57,71,0.0
202,Josh Hart,21716137,pr,core,fallback_used,projected,full,57,72,0.0
202,Josh Hart,21716137,pr,core,fallback_used,projected,full,57,73,0.0
202,Josh Hart,21716137,pr,core,fallback_used,projected,full,57,74,0.0
202,Josh Hart,21716137,pr,core,fallback_used,projected,full,57,75,0.0
202,Josh Hart,21716137,pr,core,fallback_used,projected,full,57,76,0.0
202,Josh Hart,21716137,pr,core,fallback_used,projected,full,57,78,0.0
202,Josh Hart,21716137,pr,core,fallback_used,projected,full,57,80,0.0
202,Josh Hart,21716137,pr,core,fallback_used,projected,full,57,81,0.0
202,Josh Hart,21716137,pr,core,fallback_used,projected,full,57,82,0.0
202,Josh Hart,21716137,pr,core,fallback_used,projected,full,57,83,0.0
202,Josh Hart,21716137,pr,core,fallback_used,projected,full,57,84,0.0
202,Josh Hart,21716137,pr,core,fallback_used,projected,full,57,85,0.0
202,Josh Hart,21716137,pr,core,fallback_used,projected,full,57,86,0.0
202,Josh Hart,21716137,pr,core,fallback_used,projected,full,57,87,0.0
202,Josh Hart,21716137,pr,core,fallback_used,projected,full,57,88,0.0
202,Josh Hart,21716137,pr,core,fallback_used,projected,full,57,89,0.0
202,Josh Hart,21716137,pr,core,fallback_used,projected,full,57,90,0.0
202,Josh Hart,21716137,pr,core,fallback_used,projected,full,57,91,0.0
202,Josh Hart,21716137,pr,core,fallback_used,projected,full,57,92,0.0
202,Josh Hart,21716137,pr,core,fallback_used,projected,full,57,93,0.0
202,Josh Hart,21716137,pr,core,fallback_used,projected,full,57,94,0.0
202,Josh Hart,21716137,pr,core,fallback_used,projected,full,57,95,0.0
202,Josh Hart,21716137,pr,core,fallback_used,projected,full,57,96,0.0
202,Josh Hart,21716137,pr,core,fallback_used,projected,full,57,97,0.0
202,Josh Hart,21716137,pr,core,fallback_used,projected,full,57,98,0.0
202,Josh Hart,21716137,pr,core,fallback_used,projected,full,57,99,0.0
202,Josh Hart,21716137,pr,core,fallback_used,projected,full,57,100,0.0
202,Josh Hart,21716137,pr,core,fallback_used,projected,full,57,101,0.0
202,Josh Hart,21716137,pr,core,fallback_used,projected,full,57,102,0.0
202,Josh Hart,21716137,pr,core,fallback_used,projected,full,57,103,0.0
202,Josh Hart,21716137,pr,core,fallback_used,projected,full,57,104,0.0
202,Josh Hart,21716137,pr,core,fallback_used,projected,full,57,105,0.0
202,Josh Hart,21716137,pr,core,fallback_used,projected,full,57,106,0.0
202,Josh Hart,21716137,pr,core,fallback_used,projected,full,57,107,0.0
202,Josh Hart,21716137,pr,core,fallback_used,projected,full,57,108,0.0
202,Josh Hart,21716137,pr,core,fallback_used,projected,full,57,110,0.0
202,Josh Hart,21716137,ra,core,fallback_used,projected,full,58,0,0.0002
202,Josh Hart,21716137,ra,core,fallback_used,projected,full,58,1,0.0001
202,Josh Hart,21716137,ra,core,fallback_used,projected,full,58,2,0.0008
202,Josh Hart,21716137,ra,core,fallback_used,projected,full,58,3,0.0014
202,Josh Hart,21716137,ra,core,fallback_used,projected,full,58,4,0.0031
202,Josh Hart,21716137,ra,core,fallback_used,projected,full,58,5,0.0064
202,Josh Hart,21716137,ra,core,fallback_used,projected,full,58,6,0.0109
202,Josh Hart,21716137,ra,core,fallback_used,projected,full,58,7,0.0198
202,Josh Hart,21716137,ra,core,fallback_used,projected,full,58,8,0.0346
202,Josh Hart,21716137,ra,core,fallback_used,projected,full,58,9,0.0537
202,Josh Hart,21716137,ra,core,fallback_used,projected,full,58,10,0.0832
202,Josh Hart,21716137,ra,core,fallback_used,projected,full,58,11,0.1093
202,Josh Hart,21716137,ra,core,fallback_used,projected,full,58,12,0.1323
202,Josh Hart,21716137,ra,core,fallback_used,projected,full,58,13,0.1356
202,Josh Hart,21716137,ra,core,fallback_used,projected,full,58,14,0.1205
202,Josh Hart,21716137,ra,core,fallback_used,projected,full,58,15,0.0984
202,Josh Hart,21716137,ra,core,fallback_used,projected,full,58,16,0.0725
202,Josh Hart,21716137,ra,core,fallback_used,projected,full,58,17,0.0494
202,Josh Hart,21716137,ra,core,fallback_used,projected,full,58,18,0.0304
202,Josh Hart,21716137,ra,core,fallback_used,projected,full,58,19,0.0177
202,Josh Hart,21716137,ra,core,fallback_used,projected,full,58,20,0.0096
202,Josh Hart,21716137,ra,core,fallback_used,projected,full,58,21,0.0052
202,Josh Hart,21716137,ra,core,fallback_used,projected,full,58,22,0.0028
202,Josh Hart,21716137,ra,core,fallback_used,projected,full,58,23,0.0013
202,Josh Hart,21716137,ra,core,fallback_used,projected,full,58,24,0.0006
202,Josh Hart,21716137,ra,core,fallback_used,projected,full,58,25,0.0002
202,Josh Hart,21716137,ra,core,fallback_used,projected,full,58,26,0.0001
202,Josh Hart,21716137,ra,core,fallback_used,projected,full,58,27,0.0
202,Josh Hart,21716137,ra,core,fallback_used,projected,full,58,28,0.0
202,Josh Hart,21716137,ra,core,fallback_used,projected,full,58,29,0.0
202,Josh Hart,21716137,ra,core,fallback_used,projected,full,58,30,0.0
202,Josh Hart,21716137,ra,core,fallback_used,projected,full,58,31,0.0
202,Josh Hart,21716137,ra,core,fallback_used,projected,full,58,32,0.0
202,Josh Hart,21716137,ra,core,fallback_used,projected,full,58,33,0.0
202,Josh Hart,21716137,ra,core,fallback_used,projected,full,58,34,0.0
202,Josh Hart,21716137,ra,core,fallback_used,projected,full,58,35,0.0
202,Josh Hart,21716137,ra,core,fallback_used,projected,full,58,36,0.0
202,Josh Hart,21716137,ra,core,fallback_used,projected,full,58,37,0.0
202,Josh Hart,21716137,ra,core,fallback_used,projected,full,58,38,0.0
202,Josh Hart,21716137,ra,core,fallback_used,projected,full,58,39,0.0
202,Josh Hart,21716137,ra,core,fallback_used,projected,full,58,40,0.0
202,Josh Hart,21716137,ra,core,fallback_used,projected,full,58,41,0.0
202,Josh Hart,21716137,ra,core,fallback_used,projected,full,58,42,0.0
202,Josh Hart,21716137,ra,core,fallback_used,projected,full,58,43,0.0
202,Josh Hart,21716137,ra,core,fallback_used,projected,full,58,44,0.0
202,Josh Hart,21716137,ra,core,fallback_used,projected,full,58,45,0.0
202,Josh Hart,21716137,ra,core,fallback_used,projected,full,58,46,0.0
202,Josh Hart,21716137,ra,core,fallback_used,projected,full,58,47,0.0
202,Josh Hart,21716137,pra,core,fallback_used,projected,full,59,0,0.0
202,Josh Hart,21716137,pra,core,fallback_used,projected,full,59,1,0.0
202,Josh Hart,21716137,pra,core,fallback_used,projected,full,59,2,0.0
202,Josh Hart,21716137,pra,core,fallback_used,projected,full,59,3,0.0
202,Josh Hart,21716137,pra,core,fallback_used,projected,full,59,4,0.0001
202,Josh Hart,21716137,pra,core,fallback_used,projected,full,59,5,0.0002
202,Josh Hart,21716137,pra,core,fallback_used,projected,full,59,6,0.0004
202,Josh Hart,21716137,pra,core,fallback_used,projected,full,59,7,0.0008
202,Josh Hart,21716137,pra,core,fallback_used,projected,full,59,8,0.0014
202,Josh Hart,21716137,pra,core,fallback_used,projected,full,59,9,0.0025
202,Josh Hart,21716137,pra,core,fallback_used,projected,full,59,10,0.0042
202,Josh Hart,21716137,pra,core,fallback_used,projected,full,59,11,0.0067
202,Josh Hart,21716137,pra,core,fallback_used,projected,full,59,12,0.01
202,Josh Hart,21716137,pra,core,fallback_used,projected,full,59,13,0.0141
202,Josh Hart,21716137,pra,core,fallback_used,projected,full,59,14,0.0187
202,Josh Hart,21716137,pra,core,fallback_used,projected,full,59,15,0.0238
202,Josh Hart,21716137,pra,core,fallback_used,projected,full,59,16,0.0291
202,Josh Hart,21716137,pra,core,fallback_used,projected,full,59,17,0.0349
202,Josh Hart,21716137,pra,core,fallback_used,projected,full,59,18,0.0405
202,Josh Hart,21716137,pra,core,fallback_used,projected,full,59,19,0.046
202,Josh Hart,21716137,pra,core,fallback_used,projected,full,59,20,0.0507
202,Josh Hart,21716137,pra,core,fallback_used,projected,full,59,21,0.0546
202,Josh Hart,21716137,pra,core,fallback_used,projected,full,59,22,0.0574
202,Josh Hart,21716137,pra,core,fallback_used,projected,full,59,23,0.0584
202,Josh Hart,21716137,pra,core,fallback_used,projected,full,59,24,0.0582
202,Josh Hart,21716137,pra,core,fallback_used,projected,full,59,25,0.0563
202,Josh Hart,21716137,pra,core,fallback_used,projected,full,59,26,0.0534
202,Josh Hart,21716137,pra,core,fallback_used,projected,full,59,27,0.0498
202,Josh Hart,21716137,pra,core,fallback_used,projected,full,59,28,0.0459
202,Josh Hart,21716137,pra,core,fallback_used,projected,full,59,29,0.0421
202,Josh Hart,21716137,pra,core,fallback_used,projected,full,59,30,0.0384
202,Josh Hart,21716137,pra,core,fallback_used,projected,full,59,31,0.0347
202,Josh Hart,21716137,pra,core,fallback_used,projected,full,59,32,0.031
202,Josh Hart,21716137,pra,core,fallback_used,projected,full,59,33,0.0274
202,Josh Hart,21716137,pra,core,fallback_used,projected,full,59,34,0.0237
202,Josh Hart,21716137,pra,core,fallback_used,projected,full,59,35,0.0198
202,Josh Hart,21716137,pra,core,fallback_used,projected,full,59,36,0.016
202,Josh Hart,21716137,pra,core,fallback_used,projected,full,59,37,0.0127
202,Josh Hart,21716137,pra,core,fallback_used,projected,full,59,38,0.0098
202,Josh Hart,21716137,pra,core,fallback_used,projected,full,59,39,0.0075
202,Josh Hart,21716137,pra,core,fallback_used,projected,full,59,40,0.0055
202,Josh Hart,21716137,pra,core,fallback_used,projected,full,59,41,0.004
202,Josh Hart,21716137,pra,core,fallback_used,projected,full,59,42,0.0028
202,Josh Hart,21716137,pra,core,fallback_used,projected,full,59,43,0.0019
202,Josh Hart,21716137,pra,core,fallback_used,projected,full,59,44,0.0013
202,Josh Hart,21716137,pra,core,fallback_used,projected,full,59,45,0.0009
202,Josh Hart,21716137,pra,core,fallback_used,projected,full,59,46,0.0006
202,Josh Hart,21716137,pra,core,fallback_used,projected,full,59,47,0.0004
202,Josh Hart,21716137,pra,core,fallback_used,projected,full,59,48,0.0003
202,Josh Hart,21716137,pra,core,fallback_used,projected,full,59,49,0.0002
202,Josh Hart,21716137,pra,core,fallback_used,projected,full,59,50,0.0002
202,Josh Hart,21716137,pra,core,fallback_used,projected,full,59,51,0.0002
202,Josh Hart,21716137,pra,core,fallback_used,projected,full,59,52,0.0001
202,Josh Hart,21716137,pra,core,fallback_used,projected,full,59,53,0.0001
202,Josh Hart,21716137,pra,core,fallback_used,projected,full,59,54,0.0001
202,Josh Hart,21716137,pra,core,fallback_used,projected,full,59,55,0.0001
202,Josh Hart,21716137,pra,core,fallback_used,projected,full,59,56,0.0
202,Josh Hart,21716137,pra,core,fallback_used,projected,full,59,57,0.0
202,Josh Hart,21716137,pra,core,fallback_used,projected,full,59,58,0.0
202,Josh Hart,21716137,pra,core,fallback_used,projected,full,59,59,0.0
202,Josh Hart,21716137,pra,core,fallback_used,projected,full,59,60,0.0
202,Josh Hart,21716137,pra,core,fallback_used,projected,full,59,61,0.0
202,Josh Hart,21716137,pra,core,fallback_used,projected,full,59,62,0.0
202,Josh Hart,21716137,pra,core,fallback_used,projected,full,59,63,0.0
202,Josh Hart,21716137,pra,core,fallback_used,projected,full,59,64,0.0
202,Josh Hart,21716137,pra,core,fallback_used,projected,full,59,65,0.0
202,Josh Hart,21716137,pra,core,fallback_used,projected,full,59,66,0.0
202,Josh Hart,21716137,pra,core,fallback_used,projected,full,59,67,0.0
202,Josh Hart,21716137,pra,core,fallback_used,projected,full,59,68,0.0
202,Josh Hart,21716137,pra,core,fallback_used,projected,full,59,69,0.0
202,Josh Hart,21716137,pra,core,fallback_used,projected,full,59,70,0.0
202,Josh Hart,21716137,pra,core,fallback_used,projected,full,59,71,0.0
202,Josh Hart,21716137,pra,core,fallback_used,projected,full,59,72,0.0
202,Josh Hart,21716137,pra,core,fallback_used,projected,full,59,73,0.0
202,Josh Hart,21716137,pra,core,fallback_used,projected,full,59,74,0.0
202,Josh Hart,21716137,pra,core,fallback_used,projected,full,59,75,0.0
202,Josh Hart,21716137,pra,core,fallback_used,projected,full,59,76,0.0
202,Josh Hart,21716137,pra,core,fallback_used,projected,full,59,77,0.0
202,Josh Hart,21716137,pra,core,fallback_used,projected,full,59,78,0.0
202,Josh Hart,21716137,pra,core,fallback_used,projected,full,59,79,0.0
202,Josh Hart,21716137,pra,core,fallback_used,projected,full,59,80,0.0
202,Josh Hart,21716137,pra,core,fallback_used,projected,full,59,81,0.0
202,Josh Hart,21716137,pra,core,fallback_used,projected,full,59,82,0.0
202,Josh Hart,21716137,pra,core,fallback_used,projected,full,59,83,0.0
202,Josh Hart,21716137,pra,core,fallback_used,projected,full,59,84,0.0
202,Josh Hart,21716137,pra,core,fallback_used,projected,full,59,85,0.0
202,Josh Hart,21716137,pra,core,fallback_used,projected,full,59,86,0.0
202,Josh Hart,21716137,pra,core,fallback_used,projected,full,59,87,0.0
202,Josh Hart,21716137,pra,core,fallback_used,projected,full,59,88,0.0
202,Josh Hart,21716137,pra,core,fallback_used,projected,full,59,89,0.0
202,Josh Hart,21716137,pra,core,fallback_used,projected,full,59,90,0.0
202,Josh Hart,21716137,pra,core,fallback_used,projected,full,59,91,0.0
202,Josh Hart,21716137,pra,core,fallback_used,projected,full,59,92,0.0
202,Josh Hart,21716137,pra,core,fallback_used,projected,full,59,93,0.0
202,Josh Hart,21716137,pra,core,fallback_used,projected,full,59,94,0.0
202,Josh Hart,21716137,pra,core,fallback_used,projected,full,59,95,0.0
202,Josh Hart,21716137,pra,core,fallback_used,projected,full,59,96,0.0
202,Josh Hart,21716137,pra,core,fallback_used,projected,full,59,97,0.0
202,Josh Hart,21716137,pra,core,fallback_used,projected,full,59,98,0.0
202,Josh Hart,21716137,pra,core,fallback_used,projected,full,59,99,0.0
202,Josh Hart,21716137,pra,core,fallback_used,projected,full,59,100,0.0
202,Josh Hart,21716137,pra,core,fallback_used,projected,full,59,101,0.0
202,Josh Hart,21716137,pra,core,fallback_used,projected,full,59,102,0.0
202,Josh Hart,21716137,pra,core,fallback_used,projected,full,59,103,0.0
202,Josh Hart,21716137,pra,core,fallback_used,projected,full,59,104,0.0
202,Josh Hart,21716137,pra,core,fallback_used,projected,full,59,105,0.0
202,Josh Hart,21716137,pra,core,fallback_used,projected,full,59,106,0.0
202,Josh Hart,21716137,pra,core,fallback_used,projected,full,59,107,0.0
202,Josh Hart,21716137,pra,core,fallback_used,projected,full,59,108,0.0
202,Josh Hart,21716137,pra,core,fallback_used,projected,full,59,109,0.0
202,Josh Hart,21716137,pra,core,fallback_used,projected,full,59,110,0.0
202,Josh Hart,21716137,pra,core,fallback_used,projected,full,59,111,0.0
202,Josh Hart,21716137,pra,core,fallback_used,projected,full,59,112,0.0
202,Josh Hart,21716137,pra,core,fallback_used,projected,full,59,113,0.0
202,Josh Hart,21716137,pra,core,fallback_used,projected,full,59,114,0.0
202,Josh Hart,21716137,pra,core,fallback_used,projected,full,59,115,0.0
202,Josh Hart,21716137,pra,core,fallback_used,projected,full,59,116,0.0
202,Josh Hart,21716137,pra,core,fallback_used,projected,full,59,117,0.0
202,Josh Hart,21716137,pra,core,fallback_used,projected,full,59,118,0.0
202,Josh Hart,21716137,pra,core,fallback_used,projected,full,59,119,0.0
202,Josh Hart,21716137,pra,core,fallback_used,projected,full,59,120,0.0
399,Mitchell Robinson,21716137,pts,bench,fallback_used,projected,full,60,0,0.202
399,Mitchell Robinson,21716137,pts,bench,fallback_used,projected,full,60,1,0.035
399,Mitchell Robinson,21716137,pts,bench,fallback_used,projected,full,60,2,0.0882
399,Mitchell Robinson,21716137,pts,bench,fallback_used,projected,full,60,3,0.0972
399,Mitchell Robinson,21716137,pts,bench,fallback_used,projected,full,60,4,0.1097
399,Mitchell Robinson,21716137,pts,bench,fallback_used,projected,full,60,5,0.0966
399,Mitchell Robinson,21716137,pts,bench,fallback_used,projected,full,60,6,0.0775
399,Mitchell Robinson,21716137,pts,bench,fallback_used,projected,full,60,7,0.0664
399,Mitchell Robinson,21716137,pts,bench,fallback_used,projected,full,60,8,0.054
399,Mitchell Robinson,21716137,pts,bench,fallback_used,projected,full,60,9,0.0499
399,Mitchell Robinson,21716137,pts,bench,fallback_used,projected,full,60,10,0.0384
399,Mitchell Robinson,21716137,pts,bench,fallback_used,projected,full,60,11,0.0123
399,Mitchell Robinson,21716137,pts,bench,fallback_used,projected,full,60,12,0.0226
399,Mitchell Robinson,21716137,pts,bench,fallback_used,projected,full,60,13,0.0164
399,Mitchell Robinson,21716137,pts,bench,fallback_used,projected,full,60,14,0.0079
399,Mitchell Robinson,21716137,pts,bench,fallback_used,projected,full,60,15,0.005
399,Mitchell Robinson,21716137,pts,bench,fallback_used,projected,full,60,16,0.0038
399,Mitchell Robinson,21716137,pts,bench,fallback_used,projected,full,60,17,0.0058
399,Mitchell Robinson,21716137,pts,bench,fallback_used,projected,full,60,18,0.0051
399,Mitchell Robinson,21716137,pts,bench,fallback_used,projected,full,60,19,0.0022
399,Mitchell Robinson,21716137,pts,bench,fallback_used,projected,full,60,20,0.0005
399,Mitchell Robinson,21716137,pts,bench,fallback_used,projected,full,60,21,0.0002
399,Mitchell Robinson,21716137,pts,bench,fallback_used,projected,full,60,22,0.0006
399,Mitchell Robinson,21716137,pts,bench,fallback_used,projected,full,60,23,0.0003
399,Mitchell Robinson,21716137,pts,bench,fallback_used,projected,full,60,24,0.0006
399,Mitchell Robinson,21716137,pts,bench,fallback_used,projected,full,60,25,0.0001
399,Mitchell Robinson,21716137,pts,bench,fallback_used,projected,full,60,26,0.0001
399,Mitchell Robinson,21716137,pts,bench,fallback_used,projected,full,60,27,0.0001
399,Mitchell Robinson,21716137,pts,bench,fallback_used,projected,full,60,28,0.0005
399,Mitchell Robinson,21716137,pts,bench,fallback_used,projected,full,60,29,0.0001
399,Mitchell Robinson,21716137,pts,bench,fallback_used,projected,full,60,30,0.0
399,Mitchell Robinson,21716137,pts,bench,fallback_used,projected,full,60,31,0.0001
399,Mitchell Robinson,21716137,pts,bench,fallback_used,projected,full,60,32,0.0001
399,Mitchell Robinson,21716137,pts,bench,fallback_used,projected,full,60,33,0.0
399,Mitchell Robinson,21716137,pts,bench,fallback_used,projected,full,60,34,0.0
399,Mitchell Robinson,21716137,pts,bench,fallback_used,projected,full,60,36,0.0
399,Mitchell Robinson,21716137,pts,bench,fallback_used,projected,full,60,38,0.0004
399,Mitchell Robinson,21716137,reb,bench,fallback_used,projected,full,61,0,0.0893
399,Mitchell Robinson,21716137,reb,bench,fallback_used,projected,full,61,1,0.0809
399,Mitchell Robinson,21716137,reb,bench,fallback_used,projected,full,61,2,0.1062
399,Mitchell Robinson,21716137,reb,bench,fallback_used,projected,full,61,3,0.0985
399,Mitchell Robinson,21716137,reb,bench,fallback_used,projected,full,61,4,0.1548
399,Mitchell Robinson,21716137,reb,bench,fallback_used,projected,full,61,5,0.1522
399,Mitchell Robinson,21716137,reb,bench,fallback_used,projected,full,61,6,0.1048
399,Mitchell Robinson,21716137,reb,bench,fallback_used,projected,full,61,7,0.0744
399,Mitchell Robinson,21716137,reb,bench,fallback_used,projected,full,61,8,0.0683
399,Mitchell Robinson,21716137,reb,bench,fallback_used,projected,full,61,9,0.0273
399,Mitchell Robinson,21716137,reb,bench,fallback_used,projected,full,61,10,0.0173
399,Mitchell Robinson,21716137,reb,bench,fallback_used,projected,full,61,11,0.0123
399,Mitchell Robinson,21716137,reb,bench,fallback_used,projected,full,61,12,0.0071
399,Mitchell Robinson,21716137,reb,bench,fallback_used,projected,full,61,13,0.0036
399,Mitchell Robinson,21716137,reb,bench,fallback_used,projected,full,61,14,0.0017
399,Mitchell Robinson,21716137,reb,bench,fallback_used,projected,full,61,15,0.0004
399,Mitchell Robinson,21716137,reb,bench,fallback_used,projected,full,61,16,0.0006
399,Mitchell Robinson,21716137,reb,bench,fallback_used,projected,full,61,17,0.0001
399,Mitchell Robinson,21716137,reb,bench,fallback_used,projected,full,61,18,0.0
399,Mitchell Robinson,21716137,reb,bench,fallback_used,projected,full,61,19,0.0
399,Mitchell Robinson,21716137,reb,bench,fallback_used,projected,full,61,20,0.0
399,Mitchell Robinson,21716137,reb,bench,fallback_used,projected,full,61,21,0.0
399,Mitchell Robinson,21716137,reb,bench,fallback_used,projected,full,61,22,0.0
399,Mitchell Robinson,21716137,reb,bench,fallback_used,projected,full,61,23,0.0
399,Mitchell Robinson,21716137,reb,bench,fallback_used,projected,full,61,24,0.0
399,Mitchell Robinson,21716137,reb,bench,fallback_used,projected,full,61,25,0.0
399,Mitchell Robinson,21716137,reb,bench,fallback_used,projected,full,61,26,0.0
399,Mitchell Robinson,21716137,reb,bench,fallback_used,projected,full,61,27,0.0
399,Mitchell Robinson,21716137,reb,bench,fallback_used,projected,full,61,29,0.0
399,Mitchell Robinson,21716137,reb,bench,fallback_used,projected,full,61,30,0.0
399,Mitchell Robinson,21716137,ast,bench,fallback_used,projected,full,62,0,0.4872
399,Mitchell Robinson,21716137,ast,bench,fallback_used,projected,full,62,1,0.4374
399,Mitchell Robinson,21716137,ast,bench,fallback_used,projected,full,62,2,0.0692
399,Mitchell Robinson,21716137,ast,bench,fallback_used,projected,full,62,3,0.0056
399,Mitchell Robinson,21716137,ast,bench,fallback_used,projected,full,62,4,0.0005
399,Mitchell Robinson,21716137,ast,bench,fallback_used,projected,full,62,5,0.0
399,Mitchell Robinson,21716137,ast,bench,fallback_used,projected,full,62,6,0.0
399,Mitchell Robinson,21716137,ast,bench,fallback_used,projected,full,62,7,0.0
399,Mitchell Robinson,21716137,ast,bench,fallback_used,projected,full,62,8,0.0
399,Mitchell Robinson,21716137,ast,bench,fallback_used,projected,full,62,9,0.0
399,Mitchell Robinson,21716137,ast,bench,fallback_used,projected,full,62,10,0.0
399,Mitchell Robinson,21716137,ast,bench,fallback_used,projected,full,62,11,0.0
399,Mitchell Robinson,21716137,fg3m,bench,fallback_used,projected,full,63,0,0.8953
399,Mitchell Robinson,21716137,fg3m,bench,fallback_used,projected,full,63,1,0.007
399,Mitchell Robinson,21716137,fg3m,bench,fallback_used,projected,full,63,2,0.007
399,Mitchell Robinson,21716137,fg3m,bench,fallback_used,projected,full,63,3,0.007
399,Mitchell Robinson,21716137,fg3m,bench,fallback_used,projected,full,63,4,0.007
399,Mitchell Robinson,21716137,fg3m,bench,fallback_used,projected,full,63,5,0.007
399,Mitchell Robinson,21716137,fg3m,bench,fallback_used,projected,full,63,6,0.007
399,Mitchell Robinson,21716137,fg3m,bench,fallback_used,projected,full,63,7,0.007
399,Mitchell Robinson,21716137,fg3m,bench,fallback_used,projected,full,63,8,0.007
399,Mitchell Robinson,21716137,fg3m,bench,fallback_used,projected,full,63,9,0.007
399,Mitchell Robinson,21716137,fg3m,bench,fallback_used,projected,full,63,10,0.007
399,Mitchell Robinson,21716137,fg3m,bench,fallback_used,projected,full,63,11,0.007
399,Mitchell Robinson,21716137,fg3m,bench,fallback_used,projected,full,63,12,0.007
399,Mitchell Robinson,21716137,fg3m,bench,fallback_used,projected,full,63,13,0.007
399,Mitchell Robinson,21716137,fg3m,bench,fallback_used,projected,full,63,14,0.007
399,Mitchell Robinson,21716137,fg3m,bench,fallback_used,projected,full,63,15,0.007
399,Mitchell Robinson,21716137,tov,bench,fallback_used,projected,full,64,0,0.5911
399,Mitchell Robinson,21716137,tov,bench,fallback_used,projected,full,64,1,0.3506
399,Mitchell Robinson,21716137,tov,bench,fallback_used,projected,full,64,2,0.0572
399,Mitchell Robinson,21716137,tov,bench,fallback_used,projected,full,64,3,0.0011
399,Mitchell Robinson,21716137,tov,bench,fallback_used,projected,full,64,4,0.0
399,Mitchell Robinson,21716137,tov,bench,fallback_used,projected,full,64,5,0.0
399,Mitchell Robinson,21716137,tov,bench,fallback_used,projected,full,64,6,0.0
399,Mitchell Robinson,21716137,tov,bench,fallback_used,projected,full,64,7,0.0
399,Mitchell Robinson,21716137,stl,bench,fallback_used,projected,full,65,0,0.6331
399,Mitchell Robinson,21716137,stl,bench,fallback_used,projected,full,65,1,0.2451
399,Mitchell Robinson,21716137,stl,bench,fallback_used,projected,full,65,2,0.1137
399,Mitchell Robinson,21716137,stl,bench,fallback_used,projected,full,65,3,0.008
399,Mitchell Robinson,21716137,stl,bench,fallback_used,projected,full,65,4,0.0001
399,Mitchell Robinson,21716137,stl,bench,fallback_used,projected,full,65,10,0.0001
399,Mitchell Robinson,21716137,blk,bench,fallback_used,projected,full,66,0,0.7733
399,Mitchell Robinson,21716137,blk,bench,fallback_used,projected,full,66,1,0.1302
399,Mitchell Robinson,21716137,blk,bench,fallback_used,projected,full,66,2,0.0889
399,Mitchell Robinson,21716137,blk,bench,fallback_used,projected,full,66,3,0.0074
399,Mitchell Robinson,21716137,blk,bench,fallback_used,projected,full,66,4,0.0001
399,Mitchell Robinson,21716137,blk,bench,fallback_used,projected,full,66,10,0.0001
399,Mitchell Robinson,21716137,stocks,bench,fallback_used,projected,full,67,0,0.4896
399,Mitchell Robinson,21716137,stocks,bench,fallback_used,projected,full,67,1,0.272
399,Mitchell Robinson,21716137,stocks,bench,fallback_used,projected,full,67,2,0.1632
399,Mitchell Robinson,21716137,stocks,bench,fallback_used,projected,full,67,3,0.0584
399,Mitchell Robinson,21716137,stocks,bench,fallback_used,projected,full,67,4,0.015
399,Mitchell Robinson,21716137,stocks,bench,fallback_used,projected,full,67,5,0.0018
399,Mitchell Robinson,21716137,stocks,bench,fallback_used,projected,full,67,6,0.0001
399,Mitchell Robinson,21716137,stocks,bench,fallback_used,projected,full,67,7,0.0
399,Mitchell Robinson,21716137,stocks,bench,fallback_used,projected,full,67,8,0.0
399,Mitchell Robinson,21716137,stocks,bench,fallback_used,projected,full,67,10,0.0
399,Mitchell Robinson,21716137,stocks,bench,fallback_used,projected,full,67,11,0.0
399,Mitchell Robinson,21716137,stocks,bench,fallback_used,projected,full,67,12,0.0
399,Mitchell Robinson,21716137,stocks,bench,fallback_used,projected,full,67,13,0.0
399,Mitchell Robinson,21716137,stocks,bench,fallback_used,projected,full,67,14,0.0
399,Mitchell Robinson,21716137,stocks,bench,fallback_used,projected,full,67,20,0.0
399,Mitchell Robinson,21716137,pa,bench,fallback_used,projected,full,68,0,0.0984
399,Mitchell Robinson,21716137,pa,bench,fallback_used,projected,full,68,1,0.1054
399,Mitchell Robinson,21716137,pa,bench,fallback_used,projected,full,68,2,0.0723
399,Mitchell Robinson,21716137,pa,bench,fallback_used,projected,full,68,3,0.0895
399,Mitchell Robinson,21716137,pa,bench,fallback_used,projected,full,68,4,0.1024
399,Mitchell Robinson,21716137,pa,bench,fallback_used,projected,full,68,5,0.1023
399,Mitchell Robinson,21716137,pa,bench,fallback_used,projected,full,68,6,0.0882
399,Mitchell Robinson,21716137,pa,bench,fallback_used,projected,full,68,7,0.0736
399,Mitchell Robinson,21716137,pa,bench,fallback_used,projected,full,68,8,0.0613
399,Mitchell Robinson,21716137,pa,bench,fallback_used,projected,full,68,9,0.053
399,Mitchell Robinson,21716137,pa,bench,fallback_used,projected,full,68,10,0.0447
399,Mitchell Robinson,21716137,pa,bench,fallback_used,projected,full,68,11,0.0266
399,Mitchell Robinson,21716137,pa,bench,fallback_used,projected,full,68,12,0.0194
399,Mitchell Robinson,21716137,pa,bench,fallback_used,projected,full,68,13,0.019
399,Mitchell Robinson,21716137,pa,bench,fallback_used,projected,full,68,14,0.0127
399,Mitchell Robinson,21716137,pa,bench,fallback_used,projected,full,68,15,0.0072
399,Mitchell Robinson,21716137,pa,bench,fallback_used,projected,full,68,16,0.0047
399,Mitchell Robinson,21716137,pa,bench,fallback_used,projected,full,68,17,0.0049
399,Mitchell Robinson,21716137,pa,bench,fallback_used,projected,full,68,18,0.0053
399,Mitchell Robinson,21716137,pa,bench,fallback_used,projected,full,68,19,0.0037
399,Mitchell Robinson,21716137,pa,bench,fallback_used,projected,full,68,20,0.0016
399,Mitchell Robinson,21716137,pa,bench,fallback_used,projected,full,68,21,0.0005
399,Mitchell Robinson,21716137,pa,bench,fallback_used,projected,full,68,22,0.0004
399,Mitchell Robinson,21716137,pa,bench,fallback_used,projected,full,68,23,0.0004
399,Mitchell Robinson,21716137,pa,bench,fallback_used,projected,full,68,24,0.0005
399,Mitchell Robinson,21716137,pa,bench,fallback_used,projected,full,68,25,0.0003
399,Mitchell Robinson,21716137,pa,bench,fallback_used,projected,full,68,26,0.0001
399,Mitchell Robinson,21716137,pa,bench,fallback_used,projected,full,68,27,0.0001
399,Mitchell Robinson,21716137,pa,bench,fallback_used,projected,full,68,28,0.0003
399,Mitchell Robinson,21716137,pa,bench,fallback_used,projected,full,68,29,0.0003
399,Mitchell Robinson,21716137,pa,bench,fallback_used,projected,full,68,30,0.0001
399,Mitchell Robinson,21716137,pa,bench,fallback_used,projected,full,68,31,0.0001
399,Mitchell Robinson,21716137,pa,bench,fallback_used,projected,full,68,32,0.0001
399,Mitchell Robinson,21716137,pa,bench,fallback_used,projected,full,68,33,0.0
399,Mitchell Robinson,21716137,pa,bench,fallback_used,projected,full,68,34,0.0
399,Mitchell Robinson,21716137,pa,bench,fallback_used,projected,full,68,35,0.0
399,Mitchell Robinson,21716137,pa,bench,fallback_used,projected,full,68,36,0.0
399,Mitchell Robinson,21716137,pa,bench,fallback_used,projected,full,68,37,0.0
399,Mitchell Robinson,21716137,pa,bench,fallback_used,projected,full,68,38,0.0002
399,Mitchell Robinson,21716137,pa,bench,fallback_used,projected,full,68,39,0.0002
399,Mitchell Robinson,21716137,pa,bench,fallback_used,projected,full,68,40,0.0
399,Mitchell Robinson,21716137,pa,bench,fallback_used,projected,full,68,41,0.0
399,Mitchell Robinson,21716137,pa,bench,fallback_used,projected,full,68,42,0.0
399,Mitchell Robinson,21716137,pa,bench,fallback_used,projected,full,68,43,0.0
399,Mitchell Robinson,21716137,pa,bench,fallback_used,projected,full,68,44,0.0
399,Mitchell Robinson,21716137,pa,bench,fallback_used,projected,full,68,45,0.0
399,Mitchell Robinson,21716137,pa,bench,fallback_used,projected,full,68,46,0.0
399,Mitchell Robinson,21716137,pa,bench,fallback_used,projected,full,68,47,0.0
399,Mitchell Robinson,21716137,pr,bench,fallback_used,projected,full,69,0,0.018
399,Mitchell Robinson,21716137,pr,bench,fallback_used,projected,full,69,1,0.0195
399,Mitchell Robinson,21716137,pr,bench,fallback_used,projected,full,69,2,0.0322
399,Mitchell Robinson,21716137,pr,bench,fallback_used,projected,full,69,3,0.0395
399,Mitchell Robinson,21716137,pr,bench,fallback_used,projected,full,69,4,0.0618
399,Mitchell Robinson,21716137,pr,bench,fallback_used,projected,full,69,5,0.0727
399,Mitchell Robinson,21716137,pr,bench,fallback_used,projected,full,69,6,0.0761
399,Mitchell Robinson,21716137,pr,bench,fallback_used,projected,full,69,7,0.0805
399,Mitchell Robinson,21716137,pr,bench,fallback_used,projected,full,69,8,0.0854
399,Mitchell Robinson,21716137,pr,bench,fallback_used,projected,full,69,9,0.0798
399,Mitchell Robinson,21716137,pr,bench,fallback_used,projected,full,69,10,0.0757
399,Mitchell Robinson,21716137,pr,bench,fallback_used,projected,full,69,11,0.0673
399,Mitchell Robinson,21716137,pr,bench,fallback_used,projected,full,69,12,0.0593
399,Mitchell Robinson,21716137,pr,bench,fallback_used,projected,full,69,13,0.0504
399,Mitchell Robinson,21716137,pr,bench,fallback_used,projected,full,69,14,0.0419
399,Mitchell Robinson,21716137,pr,bench,fallback_used,projected,full,69,15,0.0329
399,Mitchell Robinson,21716137,pr,bench,fallback_used,projected,full,69,16,0.0258
399,Mitchell Robinson,21716137,pr,bench,fallback_used,projected,full,69,17,0.0206
399,Mitchell Robinson,21716137,pr,bench,fallback_used,projected,full,69,18,0.0158
399,Mitchell Robinson,21716137,pr,bench,fallback_used,projected,full,69,19,0.0114
399,Mitchell Robinson,21716137,pr,bench,fallback_used,projected,full,69,20,0.0088
399,Mitchell Robinson,21716137,pr,bench,fallback_used,projected,full,69,21,0.0066
399,Mitchell Robinson,21716137,pr,bench,fallback_used,projected,full,69,22,0.005
399,Mitchell Robinson,21716137,pr,bench,fallback_used,projected,full,69,23,0.0037
399,Mitchell Robinson,21716137,pr,bench,fallback_used,projected,full,69,24,0.0026
399,Mitchell Robinson,21716137,pr,bench,fallback_used,projected,full,69,25,0.0018
399,Mitchell Robinson,21716137,pr,bench,fallback_used,projected,full,69,26,0.0013
399,Mitchell Robinson,21716137,pr,bench,fallback_used,projected,full,69,27,0.0008
399,Mitchell Robinson,21716137,pr,bench,fallback_used,projected,full,69,28,0.0006
399,Mitchell Robinson,21716137,pr,bench,fallback_used,projected,full,69,29,0.0005
399,Mitchell Robinson,21716137,pr,bench,fallback_used,projected,full,69,30,0.0003
399,Mitchell Robinson,21716137,pr,bench,fallback_used,projected,full,69,31,0.0003
399,Mitchell Robinson,21716137,pr,bench,fallback_used,projected,full,69,32,0.0002
399,Mitchell Robinson,21716137,pr,bench,fallback_used,projected,full,69,33,0.0002
399,Mitchell Robinson,21716137,pr,bench,fallback_used,projected,full,69,34,0.0001
399,Mitchell Robinson,21716137,pr,bench,fallback_used,projected,full,69,35,0.0001
399,Mitchell Robinson,21716137,pr,bench,fallback_used,projected,full,69,36,0.0001
399,Mitchell Robinson,21716137,pr,bench,fallback_used,projected,full,69,37,0.0001
399,Mitchell Robinson,21716137,pr,bench,fallback_used,projected,full,69,38,0.0001
399,Mitchell Robinson,21716137,pr,bench,fallback_used,projected,full,69,39,0.0001
399,Mitchell Robinson,21716137,pr,bench,fallback_used,projected,full,69,40,0.0001
399,Mitchell Robinson,21716137,pr,bench,fallback_used,projected,full,69,41,0.0001
399,Mitchell Robinson,21716137,pr,bench,fallback_used,projected,full,69,42,0.0001
399,Mitchell Robinson,21716137,pr,bench,fallback_used,projected,full,69,43,0.0001
399,Mitchell Robinson,21716137,pr,bench,fallback_used,projected,full,69,44,0.0
399,Mitchell Robinson,21716137,pr,bench,fallback_used,projected,full,69,45,0.0
399,Mitchell Robinson,21716137,pr,bench,fallback_used,projected,full,69,46,0.0
399,Mitchell Robinson,21716137,pr,bench,fallback_used,projected,full,69,47,0.0
399,Mitchell Robinson,21716137,pr,bench,fallback_used,projected,full,69,48,0.0
399,Mitchell Robinson,21716137,pr,bench,fallback_used,projected,full,69,49,0.0
399,Mitchell Robinson,21716137,pr,bench,fallback_used,projected,full,69,50,0.0
399,Mitchell Robinson,21716137,pr,bench,fallback_used,projected,full,69,51,0.0
399,Mitchell Robinson,21716137,pr,bench,fallback_used,projected,full,69,52,0.0
399,Mitchell Robinson,21716137,pr,bench,fallback_used,projected,full,69,53,0.0
399,Mitchell Robinson,21716137,pr,bench,fallback_used,projected,full,69,54,0.0
399,Mitchell Robinson,21716137,pr,bench,fallback_used,projected,full,69,55,0.0
399,Mitchell Robinson,21716137,pr,bench,fallback_used,projected,full,69,56,0.0
399,Mitchell Robinson,21716137,pr,bench,fallback_used,projected,full,69,57,0.0
399,Mitchell Robinson,21716137,pr,bench,fallback_used,projected,full,69,58,0.0
399,Mitchell Robinson,21716137,pr,bench,fallback_used,projected,full,69,59,0.0
399,Mitchell Robinson,21716137,pr,bench,fallback_used,projected,full,69,60,0.0
399,Mitchell Robinson,21716137,pr,bench,fallback_used,projected,full,69,61,0.0
399,Mitchell Robinson,21716137,pr,bench,fallback_used,projected,full,69,62,0.0
399,Mitchell Robinson,21716137,pr,bench,fallback_used,projected,full,69,63,0.0
399,Mitchell Robinson,21716137,pr,bench,fallback_used,projected,full,69,64,0.0
399,Mitchell Robinson,21716137,pr,bench,fallback_used,projected,full,69,65,0.0
399,Mitchell Robinson,21716137,pr,bench,fallback_used,projected,full,69,66,0.0
399,Mitchell Robinson,21716137,pr,bench,fallback_used,projected,full,69,67,0.0
399,Mitchell Robinson,21716137,pr,bench,fallback_used,projected,full,69,68,0.0
399,Mitchell Robinson,21716137,ra,bench,fallback_used,projected,full,70,0,0.0435
399,Mitchell Robinson,21716137,ra,bench,fallback_used,projected,full,70,1,0.0785
399,Mitchell Robinson,21716137,ra,bench,fallback_used,projected,full,70,2,0.0933
399,Mitchell Robinson,21716137,ra,bench,fallback_used,projected,full,70,3,0.1006
399,Mitchell Robinson,21716137,ra,bench,fallback_used,projected,full,70,4,0.1264
399,Mitchell Robinson,21716137,ra,bench,fallback_used,projected,full,70,5,0.1493
399,Mitchell Robinson,21716137,ra,bench,fallback_used,projected,full,70,6,0.1289
399,Mitchell Robinson,21716137,ra,bench,fallback_used,projected,full,70,7,0.0935
399,Mitchell Robinson,21716137,ra,bench,fallback_used,projected,full,70,8,0.074
399,Mitchell Robinson,21716137,ra,bench,fallback_used,projected,full,70,9,0.049
399,Mitchell Robinson,21716137,ra,bench,fallback_used,projected,full,70,10,0.0256
399,Mitchell Robinson,21716137,ra,bench,fallback_used,projected,full,70,11,0.0159
399,Mitchell Robinson,21716137,ra,bench,fallback_used,projected,full,70,12,0.0102
399,Mitchell Robinson,21716137,ra,bench,fallback_used,projected,full,70,13,0.0058
399,Mitchell Robinson,21716137,ra,bench,fallback_used,projected,full,70,14,0.003
399,Mitchell Robinson,21716137,ra,bench,fallback_used,projected,full,70,15,0.0012
399,Mitchell Robinson,21716137,ra,bench,fallback_used,projected,full,70,16,0.0006
399,Mitchell Robinson,21716137,ra,bench,fallback_used,projected,full,70,17,0.0003
399,Mitchell Robinson,21716137,ra,bench,fallback_used,projected,full,70,18,0.0001
399,Mitchell Robinson,21716137,ra,bench,fallback_used,projected,full,70,19,0.0
399,Mitchell Robinson,21716137,ra,bench,fallback_used,projected,full,70,20,0.0
399,Mitchell Robinson,21716137,ra,bench,fallback_used,projected,full,70,21,0.0
399,Mitchell Robinson,21716137,ra,bench,fallback_used,projected,full,70,22,0.0
399,Mitchell Robinson,21716137,ra,bench,fallback_used,projected,full,70,23,0.0
399,Mitchell Robinson,21716137,ra,bench,fallback_used,projected,full,70,24,0.0
399,Mitchell Robinson,21716137,ra,bench,fallback_used,projected,full,70,25,0.0
399,Mitchell Robinson,21716137,ra,bench,fallback_used,projected,full,70,26,0.0
399,Mitchell Robinson,21716137,ra,bench,fallback_used,projected,full,70,27,0.0
399,Mitchell Robinson,21716137,ra,bench,fallback_used,projected,full,70,28,0.0
399,Mitchell Robinson,21716137,ra,bench,fallback_used,projected,full,70,29,0.0
399,Mitchell Robinson,21716137,ra,bench,fallback_used,projected,full,70,30,0.0
399,Mitchell Robinson,21716137,ra,bench,fallback_used,projected,full,70,31,0.0
399,Mitchell Robinson,21716137,ra,bench,fallback_used,projected,full,70,32,0.0
399,Mitchell Robinson,21716137,ra,bench,fallback_used,projected,full,70,33,0.0
399,Mitchell Robinson,21716137,ra,bench,fallback_used,projected,full,70,34,0.0
399,Mitchell Robinson,21716137,ra,bench,fallback_used,projected,full,70,35,0.0
399,Mitchell Robinson,21716137,ra,bench,fallback_used,projected,full,70,36,0.0
399,Mitchell Robinson,21716137,ra,bench,fallback_used,projected,full,70,37,0.0
399,Mitchell Robinson,21716137,pra,bench,fallback_used,projected,full,71,0,0.0088
399,Mitchell Robinson,21716137,pra,bench,fallback_used,projected,full,71,1,0.0174
399,Mitchell Robinson,21716137,pra,bench,fallback_used,projected,full,71,2,0.0254
399,Mitchell Robinson,21716137,pra,bench,fallback_used,projected,full,71,3,0.0347
399,Mitchell Robinson,21716137,pra,bench,fallback_used,projected,full,71,4,0.0497
399,Mitchell Robinson,21716137,pra,bench,fallback_used,projected,full,71,5,0.0654
399,Mitchell Robinson,21716137,pra,bench,fallback_used,projected,full,71,6,0.0734
399,Mitchell Robinson,21716137,pra,bench,fallback_used,projected,full,71,7,0.0779
399,Mitchell Robinson,21716137,pra,bench,fallback_used,projected,full,71,8,0.0825
399,Mitchell Robinson,21716137,pra,bench,fallback_used,projected,full,71,9,0.0823
399,Mitchell Robinson,21716137,pra,bench,fallback_used,projected,full,71,10,0.0782
399,Mitchell Robinson,21716137,pra,bench,fallback_used,projected,full,71,11,0.072
399,Mitchell Robinson,21716137,pra,bench,fallback_used,projected,full,71,12,0.0641
399,Mitchell Robinson,21716137,pra,bench,fallback_used,projected,full,71,13,0.0556
399,Mitchell Robinson,21716137,pra,bench,fallback_used,projected,full,71,14,0.047
399,Mitchell Robinson,21716137,pra,bench,fallback_used,projected,full,71,15,0.0382
399,Mitchell Robinson,21716137,pra,bench,fallback_used,projected,full,71,16,0.0301
399,Mitchell Robinson,21716137,pra,bench,fallback_used,projected,full,71,17,0.0238
399,Mitchell Robinson,21716137,pra,bench,fallback_used,projected,full,71,18,0.0187
399,Mitchell Robinson,21716137,pra,bench,fallback_used,projected,full,71,19,0.014
399,Mitchell Robinson,21716137,pra,bench,fallback_used,projected,full,71,20,0.0105
399,Mitchell Robinson,21716137,pra,bench,fallback_used,projected,full,71,21,0.0079
399,Mitchell Robinson,21716137,pra,bench,fallback_used,projected,full,71,22,0.006
399,Mitchell Robinson,21716137,pra,bench,fallback_used,projected,full,71,23,0.0045
399,Mitchell Robinson,21716137,pra,bench,fallback_used,projected,full,71,24,0.0033
399,Mitchell Robinson,21716137,pra,bench,fallback_used,projected,full,71,25,0.0023
399,Mitchell Robinson,21716137,pra,bench,fallback_used,projected,full,71,26,0.0016
399,Mitchell Robinson,21716137,pra,bench,fallback_used,projected,full,71,27,0.0011
399,Mitchell Robinson,21716137,pra,bench,fallback_used,projected,full,71,28,0.0008
399,Mitchell Robinson,21716137,pra,bench,fallback_used,projected,full,71,29,0.0006
399,Mitchell Robinson,21716137,pra,bench,fallback_used,projected,full,71,30,0.0004
399,Mitchell Robinson,21716137,pra,bench,fallback_used,projected,full,71,31,0.0003
399,Mitchell Robinson,21716137,pra,bench,fallback_used,projected,full,71,32,0.0002
399,Mitchell Robinson,21716137,pra,bench,fallback_used,projected,full,71,33,0.0002
399,Mitchell Robinson,21716137,pra,bench,fallback_used,projected,full,71,34,0.0002
399,Mitchell Robinson,21716137,pra,bench,fallback_used,projected,full,71,35,0.0001
399,Mitchell Robinson,21716137,pra,bench,fallback_used,projected,full,71,36,0.0001
399,Mitchell Robinson,21716137,pra,bench,fallback_used,projected,full,71,37,0.0001
399,Mitchell Robinson,21716137,pra,bench,fallback_used,projected,full,71,38,0.0001
399,Mitchell Robinson,21716137,pra,bench,fallback_used,projected,full,71,39,0.0001
399,Mitchell Robinson,21716137,pra,bench,fallback_used,projected,full,71,40,0.0001
399,Mitchell Robinson,21716137,pra,bench,fallback_used,projected,full,71,41,0.0001
399,Mitchell Robinson,21716137,pra,bench,fallback_used,projected,full,71,42,0.0001
399,Mitchell Robinson,21716137,pra,bench,fallback_used,projected,full,71,43,0.0001
399,Mitchell Robinson,21716137,pra,bench,fallback_used,projected,full,71,44,0.0001
399,Mitchell Robinson,21716137,pra,bench,fallback_used,projected,full,71,45,0.0
399,Mitchell Robinson,21716137,pra,bench,fallback_used,projected,full,71,46,0.0
399,Mitchell Robinson,21716137,pra,bench,fallback_used,projected,full,71,47,0.0
399,Mitchell Robinson,21716137,pra,bench,fallback_used,projected,full,71,48,0.0
399,Mitchell Robinson,21716137,pra,bench,fallback_used,projected,full,71,49,0.0
399,Mitchell Robinson,21716137,pra,bench,fallback_used,projected,full,71,50,0.0
399,Mitchell Robinson,21716137,pra,bench,fallback_used,projected,full,71,51,0.0
399,Mitchell Robinson,21716137,pra,bench,fallback_used,projected,full,71,52,0.0
399,Mitchell Robinson,21716137,pra,bench,fallback_used,projected,full,71,53,0.0
399,Mitchell Robinson,21716137,pra,bench,fallback_used,projected,full,71,54,0.0
399,Mitchell Robinson,21716137,pra,bench,fallback_used,projected,full,71,55,0.0
399,Mitchell Robinson,21716137,pra,bench,fallback_used,projected,full,71,56,0.0
399,Mitchell Robinson,21716137,pra,bench,fallback_used,projected,full,71,57,0.0
399,Mitchell Robinson,21716137,pra,bench,fallback_used,projected,full,71,58,0.0
399,Mitchell Robinson,21716137,pra,bench,fallback_used,projected,full,71,59,0.0
399,Mitchell Robinson,21716137,pra,bench,fallback_used,projected,full,71,60,0.0
399,Mitchell Robinson,21716137,pra,bench,fallback_used,projected,full,71,61,0.0
399,Mitchell Robinson,21716137,pra,bench,fallback_used,projected,full,71,62,0.0
399,Mitchell Robinson,21716137,pra,bench,fallback_used,projected,full,71,63,0.0
399,Mitchell Robinson,21716137,pra,bench,fallback_used,projected,full,71,64,0.0
399,Mitchell Robinson,21716137,pra,bench,fallback_used,projected,full,71,65,0.0
399,Mitchell Robinson,21716137,pra,bench,fallback_used,projected,full,71,66,0.0
399,Mitchell Robinson,21716137,pra,bench,fallback_used,projected,full,71,67,0.0
399,Mitchell Robinson,21716137,pra,bench,fallback_used,projected,full,71,68,0.0
399,Mitchell Robinson,21716137,pra,bench,fallback_used,projected,full,71,69,0.0
399,Mitchell Robinson,21716137,pra,bench,fallback_used,projected,full,71,70,0.0
399,Mitchell Robinson,21716137,pra,bench,fallback_used,projected,full,71,71,0.0
399,Mitchell Robinson,21716137,pra,bench,fallback_used,projected,full,71,72,0.0
414,Landry Shamet,21716137,pts,rotation,fallback_used,projected,full,72,0,0.0678
414,Landry Shamet,21716137,pts,rotation,fallback_used,projected,full,72,1,0.0305
414,Landry Shamet,21716137,pts,rotation,fallback_used,projected,full,72,2,0.0346
414,Landry Shamet,21716137,pts,rotation,fallback_used,projected,full,72,3,0.0402
414,Landry Shamet,21716137,pts,rotation,fallback_used,projected,full,72,4,0.0604
414,Landry Shamet,21716137,pts,rotation,fallback_used,projected,full,72,5,0.0639
414,Landry Shamet,21716137,pts,rotation,fallback_used,projected,full,72,6,0.0718
414,Landry Shamet,21716137,pts,rotation,fallback_used,projected,full,72,7,0.0814
414,Landry Shamet,21716137,pts,rotation,fallback_used,projected,full,72,8,0.086
414,Landry Shamet,21716137,pts,rotation,fallback_used,projected,full,72,9,0.0727
414,Landry Shamet,21716137,pts,rotation,fallback_used,projected,full,72,10,0.0709
414,Landry Shamet,21716137,pts,rotation,fallback_used,projected,full,72,11,0.0598
414,Landry Shamet,21716137,pts,rotation,fallback_used,projected,full,72,12,0.0567
414,Landry Shamet,21716137,pts,rotation,fallback_used,projected,full,72,13,0.0433
414,Landry Shamet,21716137,pts,rotation,fallback_used,projected,full,72,14,0.0471
414,Landry Shamet,21716137,pts,rotation,fallback_used,projected,full,72,15,0.0199
414,Landry Shamet,21716137,pts,rotation,fallback_used,projected,full,72,16,0.0162
414,Landry Shamet,21716137,pts,rotation,fallback_used,projected,full,72,17,0.0254
414,Landry Shamet,21716137,pts,rotation,fallback_used,projected,full,72,18,0.0193
414,Landry Shamet,21716137,pts,rotation,fallback_used,projected,full,72,19,0.0074
414,Landry Shamet,21716137,pts,rotation,fallback_used,projected,full,72,20,0.0051
414,Landry Shamet,21716137,pts,rotation,fallback_used,projected,full,72,21,0.0028
414,Landry Shamet,21716137,pts,rotation,fallback_used,projected,full,72,22,0.0078
414,Landry Shamet,21716137,pts,rotation,fallback_used,projected,full,72,23,0.0027
414,Landry Shamet,21716137,pts,rotation,fallback_used,projected,full,72,24,0.0025
414,Landry Shamet,21716137,pts,rotation,fallback_used,projected,full,72,25,0.0007
414,Landry Shamet,21716137,pts,rotation,fallback_used,projected,full,72,26,0.0002
414,Landry Shamet,21716137,pts,rotation,fallback_used,projected,full,72,27,0.0007
414,Landry Shamet,21716137,pts,rotation,fallback_used,projected,full,72,28,0.0002
414,Landry Shamet,21716137,pts,rotation,fallback_used,projected,full,72,29,0.0001
414,Landry Shamet,21716137,pts,rotation,fallback_used,projected,full,72,30,0.0001
414,Landry Shamet,21716137,pts,rotation,fallback_used,projected,full,72,31,0.0
414,Landry Shamet,21716137,pts,rotation,fallback_used,projected,full,72,32,0.0003
414,Landry Shamet,21716137,pts,rotation,fallback_used,projected,full,72,33,0.0002
414,Landry Shamet,21716137,pts,rotation,fallback_used,projected,full,72,34,0.0003
414,Landry Shamet,21716137,pts,rotation,fallback_used,projected,full,72,35,0.0005
414,Landry Shamet,21716137,pts,rotation,fallback_used,projected,full,72,36,0.0002
414,Landry Shamet,21716137,pts,rotation,fallback_used,projected,full,72,38,0.0002
414,Landry Shamet,21716137,pts,rotation,fallback_used,projected,full,72,40,0.0002
414,Landry Shamet,21716137,reb,rotation,fallback_used,projected,full,73,0,0.082
414,Landry Shamet,21716137,reb,rotation,fallback_used,projected,full,73,1,0.163
414,Landry Shamet,21716137,reb,rotation,fallback_used,projected,full,73,2,0.2666
414,Landry Shamet,21716137,reb,rotation,fallback_used,projected,full,73,3,0.2511
414,Landry Shamet,21716137,reb,rotation,fallback_used,projected,full,73,4,0.1285
414,Landry Shamet,21716137,reb,rotation,fallback_used,projected,full,73,5,0.0622
414,Landry Shamet,21716137,reb,rotation,fallback_used,projected,full,73,6,0.0342
414,Landry Shamet,21716137,reb,rotation,fallback_used,projected,full,73,7,0.0085
414,Landry Shamet,21716137,reb,rotation,fallback_used,projected,full,73,8,0.002
414,Landry Shamet,21716137,reb,rotation,fallback_used,projected,full,73,9,0.001
414,Landry Shamet,21716137,reb,rotation,fallback_used,projected,full,73,10,0.0005
414,Landry Shamet,21716137,reb,rotation,fallback_used,projected,full,73,11,0.0001
414,Landry Shamet,21716137,reb,rotation,fallback_used,projected,full,73,12,0.0001
414,Landry Shamet,21716137,reb,rotation,fallback_used,projected,full,73,13,0.0
414,Landry Shamet,21716137,reb,rotation,fallback_used,projected,full,73,14,0.0
414,Landry Shamet,21716137,reb,rotation,fallback_used,projected,full,73,15,0.0
414,Landry Shamet,21716137,reb,rotation,fallback_used,projected,full,73,16,0.0
414,Landry Shamet,21716137,reb,rotation,fallback_used,projected,full,73,19,0.0
414,Landry Shamet,21716137,reb,rotation,fallback_used,projected,full,73,30,0.0
414,Landry Shamet,21716137,ast,rotation,fallback_used,projected,full,74,0,0.2419
414,Landry Shamet,21716137,ast,rotation,fallback_used,projected,full,74,1,0.2765
414,Landry Shamet,21716137,ast,rotation,fallback_used,projected,full,74,2,0.3004
414,Landry Shamet,21716137,ast,rotation,fallback_used,projected,full,74,3,0.1196
414,Landry Shamet,21716137,ast,rotation,fallback_used,projected,full,74,4,0.048
414,Landry Shamet,21716137,ast,rotation,fallback_used,projected,full,74,5,0.0102
414,Landry Shamet,21716137,ast,rotation,fallback_used,projected,full,74,6,0.0018
414,Landry Shamet,21716137,ast,rotation,fallback_used,projected,full,74,7,0.0006
414,Landry Shamet,21716137,ast,rotation,fallback_used,projected,full,74,8,0.0005
414,Landry Shamet,21716137,ast,rotation,fallback_used,projected,full,74,9,0.0001
414,Landry Shamet,21716137,ast,rotation,fallback_used,projected,full,74,10,0.0001
414,Landry Shamet,21716137,ast,rotation,fallback_used,projected,full,74,11,0.0
414,Landry Shamet,21716137,ast,rotation,fallback_used,projected,full,74,12,0.0
414,Landry Shamet,21716137,ast,rotation,fallback_used,projected,full,74,13,0.0
414,Landry Shamet,21716137,ast,rotation,fallback_used,projected,full,74,25,0.0004
414,Landry Shamet,21716137,fg3m,rotation,fallback_used,projected,full,75,0,0.6582
414,Landry Shamet,21716137,fg3m,rotation,fallback_used,projected,full,75,1,0.0894
414,Landry Shamet,21716137,fg3m,rotation,fallback_used,projected,full,75,2,0.0737
414,Landry Shamet,21716137,fg3m,rotation,fallback_used,projected,full,75,3,0.0609
414,Landry Shamet,21716137,fg3m,rotation,fallback_used,projected,full,75,4,0.1177
414,Landry Shamet,21716137,tov,rotation,fallback_used,projected,full,76,0,0.3715
414,Landry Shamet,21716137,tov,rotation,fallback_used,projected,full,76,1,0.5266
414,Landry Shamet,21716137,tov,rotation,fallback_used,projected,full,76,2,0.1009
414,Landry Shamet,21716137,tov,rotation,fallback_used,projected,full,76,3,0.0011
414,Landry Shamet,21716137,tov,rotation,fallback_used,projected,full,76,4,0.0
414,Landry Shamet,21716137,tov,rotation,fallback_used,projected,full,76,5,0.0
414,Landry Shamet,21716137,tov,rotation,fallback_used,projected,full,76,6,0.0
414,Landry Shamet,21716137,tov,rotation,fallback_used,projected,full,76,7,0.0
414,Landry Shamet,21716137,stl,rotation,fallback_used,projected,full,77,0,0.5681
414,Landry Shamet,21716137,stl,rotation,fallback_used,projected,full,77,1,0.3589
414,Landry Shamet,21716137,stl,rotation,fallback_used,projected,full,77,2,0.0681
414,Landry Shamet,21716137,stl,rotation,fallback_used,projected,full,77,3,0.0025
414,Landry Shamet,21716137,stl,rotation,fallback_used,projected,full,77,4,0.0024
414,Landry Shamet,21716137,blk,rotation,fallback_used,projected,full,78,0,0.7537
414,Landry Shamet,21716137,blk,rotation,fallback_used,projected,full,78,1,0.1942
414,Landry Shamet,21716137,blk,rotation,fallback_used,projected,full,78,2,0.0477
414,Landry Shamet,21716137,blk,rotation,fallback_used,projected,full,78,3,0.0044
414,Landry Shamet,21716137,blk,rotation,fallback_used,projected,full,78,4,0.0
414,Landry Shamet,21716137,blk,rotation,fallback_used,projected,full,78,10,0.0
414,Landry Shamet,21716137,stocks,rotation,fallback_used,projected,full,79,0,0.4282
414,Landry Shamet,21716137,stocks,rotation,fallback_used,projected,full,79,1,0.3808
414,Landry Shamet,21716137,stocks,rotation,fallback_used,projected,full,79,2,0.1398
414,Landry Shamet,21716137,stocks,rotation,fallback_used,projected,full,79,3,0.0394
414,Landry Shamet,21716137,stocks,rotation,fallback_used,projected,full,79,4,0.01
414,Landry Shamet,21716137,stocks,rotation,fallback_used,projected,full,79,5,0.0016
414,Landry Shamet,21716137,stocks,rotation,fallback_used,projected,full,79,6,0.0002
414,Landry Shamet,21716137,stocks,rotation,fallback_used,projected,full,79,7,0.0
414,Landry Shamet,21716137,stocks,rotation,fallback_used,projected,full,79,8,0.0
414,Landry Shamet,21716137,stocks,rotation,fallback_used,projected,full,79,10,0.0
414,Landry Shamet,21716137,stocks,rotation,fallback_used,projected,full,79,11,0.0
414,Landry Shamet,21716137,stocks,rotation,fallback_used,projected,full,79,12,0.0
414,Landry Shamet,21716137,stocks,rotation,fallback_used,projected,full,79,13,0.0
414,Landry Shamet,21716137,stocks,rotation,fallback_used,projected,full,79,14,0.0
414,Landry Shamet,21716137,pa,rotation,fallback_used,projected,full,80,0,0.0164
414,Landry Shamet,21716137,pa,rotation,fallback_used,projected,full,80,1,0.0261
414,Landry Shamet,21716137,pa,rotation,fallback_used,projected,full,80,2,0.0372
414,Landry Shamet,21716137,pa,rotation,fallback_used,projected,full,80,3,0.0365
414,Landry Shamet,21716137,pa,rotation,fallback_used,projected,full,80,4,0.043
414,Landry Shamet,21716137,pa,rotation,fallback_used,projected,full,80,5,0.0505
414,Landry Shamet,21716137,pa,rotation,fallback_used,projected,full,80,6,0.0601
414,Landry Shamet,21716137,pa,rotation,fallback_used,projected,full,80,7,0.0683
414,Landry Shamet,21716137,pa,rotation,fallback_used,projected,full,80,8,0.0759
414,Landry Shamet,21716137,pa,rotation,fallback_used,projected,full,80,9,0.0782
414,Landry Shamet,21716137,pa,rotation,fallback_used,projected,full,80,10,0.0771
414,Landry Shamet,21716137,pa,rotation,fallback_used,projected,full,80,11,0.071
414,Landry Shamet,21716137,pa,rotation,fallback_used,projected,full,80,12,0.0654
414,Landry Shamet,21716137,pa,rotation,fallback_used,projected,full,80,13,0.0572
414,Landry Shamet,21716137,pa,rotation,fallback_used,projected,full,80,14,0.0519
414,Landry Shamet,21716137,pa,rotation,fallback_used,projected,full,80,15,0.0414
414,Landry Shamet,21716137,pa,rotation,fallback_used,projected,full,80,16,0.0323
414,Landry Shamet,21716137,pa,rotation,fallback_used,projected,full,80,17,0.0251
414,Landry Shamet,21716137,pa,rotation,fallback_used,projected,full,80,18,0.0218
414,Landry Shamet,21716137,pa,rotation,fallback_used,projected,full,80,19,0.0183
414,Landry Shamet,21716137,pa,rotation,fallback_used,projected,full,80,20,0.0133
414,Landry Shamet,21716137,pa,rotation,fallback_used,projected,full,80,21,0.0081
414,Landry Shamet,21716137,pa,rotation,fallback_used,projected,full,80,22,0.0063
414,Landry Shamet,21716137,pa,rotation,fallback_used,projected,full,80,23,0.0049
414,Landry Shamet,21716137,pa,rotation,fallback_used,projected,full,80,24,0.0044
414,Landry Shamet,21716137,pa,rotation,fallback_used,projected,full,80,25,0.0029
414,Landry Shamet,21716137,pa,rotation,fallback_used,projected,full,80,26,0.0018
414,Landry Shamet,21716137,pa,rotation,fallback_used,projected,full,80,27,0.001
414,Landry Shamet,21716137,pa,rotation,fallback_used,projected,full,80,28,0.0006
414,Landry Shamet,21716137,pa,rotation,fallback_used,projected,full,80,29,0.0004
414,Landry Shamet,21716137,pa,rotation,fallback_used,projected,full,80,30,0.0002
414,Landry Shamet,21716137,pa,rotation,fallback_used,projected,full,80,31,0.0001
414,Landry Shamet,21716137,pa,rotation,fallback_used,projected,full,80,32,0.0002
414,Landry Shamet,21716137,pa,rotation,fallback_used,projected,full,80,33,0.0002
414,Landry Shamet,21716137,pa,rotation,fallback_used,projected,full,80,34,0.0003
414,Landry Shamet,21716137,pa,rotation,fallback_used,projected,full,80,35,0.0003
414,Landry Shamet,21716137,pa,rotation,fallback_used,projected,full,80,36,0.0003
414,Landry Shamet,21716137,pa,rotation,fallback_used,projected,full,80,37,0.0003
414,Landry Shamet,21716137,pa,rotation,fallback_used,projected,full,80,38,0.0002
414,Landry Shamet,21716137,pa,rotation,fallback_used,projected,full,80,39,0.0001
414,Landry Shamet,21716137,pa,rotation,fallback_used,projected,full,80,40,0.0001
414,Landry Shamet,21716137,pa,rotation,fallback_used,projected,full,80,41,0.0001
414,Landry Shamet,21716137,pa,rotation,fallback_used,projected,full,80,42,0.0001
414,Landry Shamet,21716137,pa,rotation,fallback_used,projected,full,80,43,0.0
414,Landry Shamet,21716137,pa,rotation,fallback_used,projected,full,80,44,0.0
414,Landry Shamet,21716137,pa,rotation,fallback_used,projected,full,80,45,0.0
414,Landry Shamet,21716137,pa,rotation,fallback_used,projected,full,80,46,0.0
414,Landry Shamet,21716137,pa,rotation,fallback_used,projected,full,80,47,0.0
414,Landry Shamet,21716137,pa,rotation,fallback_used,projected,full,80,48,0.0
414,Landry Shamet,21716137,pa,rotation,fallback_used,projected,full,80,49,0.0
414,Landry Shamet,21716137,pa,rotation,fallback_used,projected,full,80,50,0.0
414,Landry Shamet,21716137,pa,rotation,fallback_used,projected,full,80,51,0.0
414,Landry Shamet,21716137,pa,rotation,fallback_used,projected,full,80,52,0.0
414,Landry Shamet,21716137,pa,rotation,fallback_used,projected,full,80,53,0.0
414,Landry Shamet,21716137,pa,rotation,fallback_used,projected,full,80,54,0.0
414,Landry Shamet,21716137,pa,rotation,fallback_used,projected,full,80,55,0.0
414,Landry Shamet,21716137,pa,rotation,fallback_used,projected,full,80,56,0.0
414,Landry Shamet,21716137,pa,rotation,fallback_used,projected,full,80,57,0.0
414,Landry Shamet,21716137,pa,rotation,fallback_used,projected,full,80,58,0.0
414,Landry Shamet,21716137,pa,rotation,fallback_used,projected,full,80,59,0.0
414,Landry Shamet,21716137,pa,rotation,fallback_used,projected,full,80,60,0.0
414,Landry Shamet,21716137,pa,rotation,fallback_used,projected,full,80,61,0.0
414,Landry Shamet,21716137,pa,rotation,fallback_used,projected,full,80,63,0.0
414,Landry Shamet,21716137,pa,rotation,fallback_used,projected,full,80,65,0.0
414,Landry Shamet,21716137,pr,rotation,fallback_used,projected,full,81,0,0.0056
414,Landry Shamet,21716137,pr,rotation,fallback_used,projected,full,81,1,0.0135
414,Landry Shamet,21716137,pr,rotation,fallback_used,projected,full,81,2,0.0259
414,Landry Shamet,21716137,pr,rotation,fallback_used,projected,full,81,3,0.0341
414,Landry Shamet,21716137,pr,rotation,fallback_used,projected,full,81,4,0.0371
414,Landry Shamet,21716137,pr,rotation,fallback_used,projected,full,81,5,0.0426
414,Landry Shamet,21716137,pr,rotation,fallback_used,projected,full,81,6,0.0512
414,Landry Shamet,21716137,pr,rotation,fallback_used,projected,full,81,7,0.0595
414,Landry Shamet,21716137,pr,rotation,fallback_used,projected,full,81,8,0.0674
414,Landry Shamet,21716137,pr,rotation,fallback_used,projected,full,81,9,0.0735
414,Landry Shamet,21716137,pr,rotation,fallback_used,projected,full,81,10,0.0768
414,Landry Shamet,21716137,pr,rotation,fallback_used,projected,full,81,11,0.0752
414,Landry Shamet,21716137,pr,rotation,fallback_used,projected,full,81,12,0.0709
414,Landry Shamet,21716137,pr,rotation,fallback_used,projected,full,81,13,0.0648
414,Landry Shamet,21716137,pr,rotation,fallback_used,projected,full,81,14,0.0586
414,Landry Shamet,21716137,pr,rotation,fallback_used,projected,full,81,15,0.0507
414,Landry Shamet,21716137,pr,rotation,fallback_used,projected,full,81,16,0.0423
414,Landry Shamet,21716137,pr,rotation,fallback_used,projected,full,81,17,0.0339
414,Landry Shamet,21716137,pr,rotation,fallback_used,projected,full,81,18,0.0265
414,Landry Shamet,21716137,pr,rotation,fallback_used,projected,full,81,19,0.0223
414,Landry Shamet,21716137,pr,rotation,fallback_used,projected,full,81,20,0.0187
414,Landry Shamet,21716137,pr,rotation,fallback_used,projected,full,81,21,0.0134
414,Landry Shamet,21716137,pr,rotation,fallback_used,projected,full,81,22,0.0093
414,Landry Shamet,21716137,pr,rotation,fallback_used,projected,full,81,23,0.0068
414,Landry Shamet,21716137,pr,rotation,fallback_used,projected,full,81,24,0.0055
414,Landry Shamet,21716137,pr,rotation,fallback_used,projected,full,81,25,0.0043
414,Landry Shamet,21716137,pr,rotation,fallback_used,projected,full,81,26,0.003
414,Landry Shamet,21716137,pr,rotation,fallback_used,projected,full,81,27,0.0019
414,Landry Shamet,21716137,pr,rotation,fallback_used,projected,full,81,28,0.0012
414,Landry Shamet,21716137,pr,rotation,fallback_used,projected,full,81,29,0.0007
414,Landry Shamet,21716137,pr,rotation,fallback_used,projected,full,81,30,0.0005
414,Landry Shamet,21716137,pr,rotation,fallback_used,projected,full,81,31,0.0003
414,Landry Shamet,21716137,pr,rotation,fallback_used,projected,full,81,32,0.0002
414,Landry Shamet,21716137,pr,rotation,fallback_used,projected,full,81,33,0.0001
414,Landry Shamet,21716137,pr,rotation,fallback_used,projected,full,81,34,0.0002
414,Landry Shamet,21716137,pr,rotation,fallback_used,projected,full,81,35,0.0002
414,Landry Shamet,21716137,pr,rotation,fallback_used,projected,full,81,36,0.0003
414,Landry Shamet,21716137,pr,rotation,fallback_used,projected,full,81,37,0.0003
414,Landry Shamet,21716137,pr,rotation,fallback_used,projected,full,81,38,0.0002
414,Landry Shamet,21716137,pr,rotation,fallback_used,projected,full,81,39,0.0002
414,Landry Shamet,21716137,pr,rotation,fallback_used,projected,full,81,40,0.0001
414,Landry Shamet,21716137,pr,rotation,fallback_used,projected,full,81,41,0.0001
414,Landry Shamet,21716137,pr,rotation,fallback_used,projected,full,81,42,0.0001
414,Landry Shamet,21716137,pr,rotation,fallback_used,projected,full,81,43,0.0001
414,Landry Shamet,21716137,pr,rotation,fallback_used,projected,full,81,44,0.0
414,Landry Shamet,21716137,pr,rotation,fallback_used,projected,full,81,45,0.0
414,Landry Shamet,21716137,pr,rotation,fallback_used,projected,full,81,46,0.0
414,Landry Shamet,21716137,pr,rotation,fallback_used,projected,full,81,47,0.0
414,Landry Shamet,21716137,pr,rotation,fallback_used,projected,full,81,48,0.0
414,Landry Shamet,21716137,pr,rotation,fallback_used,projected,full,81,49,0.0
414,Landry Shamet,21716137,pr,rotation,fallback_used,projected,full,81,50,0.0
414,Landry Shamet,21716137,pr,rotation,fallback_used,projected,full,81,51,0.0
414,Landry Shamet,21716137,pr,rotation,fallback_used,projected,full,81,52,0.0
414,Landry Shamet,21716137,pr,rotation,fallback_used,projected,full,81,53,0.0
414,Landry Shamet,21716137,pr,rotation,fallback_used,projected,full,81,54,0.0
414,Landry Shamet,21716137,pr,rotation,fallback_used,projected,full,81,55,0.0
414,Landry Shamet,21716137,pr,rotation,fallback_used,projected,full,81,56,0.0
414,Landry Shamet,21716137,pr,rotation,fallback_used,projected,full,81,57,0.0
414,Landry Shamet,21716137,pr,rotation,fallback_used,projected,full,81,58,0.0
414,Landry Shamet,21716137,pr,rotation,fallback_used,projected,full,81,59,0.0
414,Landry Shamet,21716137,pr,rotation,fallback_used,projected,full,81,60,0.0
414,Landry Shamet,21716137,pr,rotation,fallback_used,projected,full,81,61,0.0
414,Landry Shamet,21716137,pr,rotation,fallback_used,projected,full,81,62,0.0
414,Landry Shamet,21716137,pr,rotation,fallback_used,projected,full,81,63,0.0
414,Landry Shamet,21716137,pr,rotation,fallback_used,projected,full,81,64,0.0
414,Landry Shamet,21716137,pr,rotation,fallback_used,projected,full,81,65,0.0
414,Landry Shamet,21716137,pr,rotation,fallback_used,projected,full,81,66,0.0
414,Landry Shamet,21716137,pr,rotation,fallback_used,projected,full,81,68,0.0
414,Landry Shamet,21716137,pr,rotation,fallback_used,projected,full,81,70,0.0
414,Landry Shamet,21716137,ra,rotation,fallback_used,projected,full,82,0,0.0198
414,Landry Shamet,21716137,ra,rotation,fallback_used,projected,full,82,1,0.0621
414,Landry Shamet,21716137,ra,rotation,fallback_used,projected,full,82,2,0.1342
414,Landry Shamet,21716137,ra,rotation,fallback_used,projected,full,82,3,0.1932
414,Landry Shamet,21716137,ra,rotation,fallback_used,projected,full,82,4,0.204
414,Landry Shamet,21716137,ra,rotation,fallback_used,projected,full,82,5,0.1666
414,Landry Shamet,21716137,ra,rotation,fallback_used,projected,full,82,6,0.1087
414,Landry Shamet,21716137,ra,rotation,fallback_used,projected,full,82,7,0.0607
414,Landry Shamet,21716137,ra,rotation,fallback_used,projected,full,82,8,0.0299
414,Landry Shamet,21716137,ra,rotation,fallback_used,projected,full,82,9,0.0124
414,Landry Shamet,21716137,ra,rotation,fallback_used,projected,full,82,10,0.0048
414,Landry Shamet,21716137,ra,rotation,fallback_used,projected,full,82,11,0.0018
414,Landry Shamet,21716137,ra,rotation,fallback_used,projected,full,82,12,0.0007
414,Landry Shamet,21716137,ra,rotation,fallback_used,projected,full,82,13,0.0003
414,Landry Shamet,21716137,ra,rotation,fallback_used,projected,full,82,14,0.0001
414,Landry Shamet,21716137,ra,rotation,fallback_used,projected,full,82,15,0.0
414,Landry Shamet,21716137,ra,rotation,fallback_used,projected,full,82,16,0.0
414,Landry Shamet,21716137,ra,rotation,fallback_used,projected,full,82,17,0.0
414,Landry Shamet,21716137,ra,rotation,fallback_used,projected,full,82,18,0.0
414,Landry Shamet,21716137,ra,rotation,fallback_used,projected,full,82,19,0.0
414,Landry Shamet,21716137,ra,rotation,fallback_used,projected,full,82,20,0.0
414,Landry Shamet,21716137,ra,rotation,fallback_used,projected,full,82,21,0.0
414,Landry Shamet,21716137,ra,rotation,fallback_used,projected,full,82,22,0.0
414,Landry Shamet,21716137,ra,rotation,fallback_used,projected,full,82,23,0.0
414,Landry Shamet,21716137,ra,rotation,fallback_used,projected,full,82,24,0.0
414,Landry Shamet,21716137,ra,rotation,fallback_used,projected,full,82,25,0.0
414,Landry Shamet,21716137,ra,rotation,fallback_used,projected,full,82,26,0.0001
414,Landry Shamet,21716137,ra,rotation,fallback_used,projected,full,82,27,0.0001
414,Landry Shamet,21716137,ra,rotation,fallback_used,projected,full,82,28,0.0001
414,Landry Shamet,21716137,ra,rotation,fallback_used,projected,full,82,29,0.0
414,Landry Shamet,21716137,ra,rotation,fallback_used,projected,full,82,30,0.0
414,Landry Shamet,21716137,ra,rotation,fallback_used,projected,full,82,31,0.0
414,Landry Shamet,21716137,ra,rotation,fallback_used,projected,full,82,32,0.0
414,Landry Shamet,21716137,ra,rotation,fallback_used,projected,full,82,33,0.0
414,Landry Shamet,21716137,ra,rotation,fallback_used,projected,full,82,34,0.0
414,Landry Shamet,21716137,ra,rotation,fallback_used,projected,full,82,35,0.0
414,Landry Shamet,21716137,ra,rotation,fallback_used,projected,full,82,36,0.0
414,Landry Shamet,21716137,ra,rotation,fallback_used,projected,full,82,37,0.0
414,Landry Shamet,21716137,ra,rotation,fallback_used,projected,full,82,38,0.0
414,Landry Shamet,21716137,ra,rotation,fallback_used,projected,full,82,39,0.0
414,Landry Shamet,21716137,ra,rotation,fallback_used,projected,full,82,40,0.0
414,Landry Shamet,21716137,ra,rotation,fallback_used,projected,full,82,41,0.0
414,Landry Shamet,21716137,ra,rotation,fallback_used,projected,full,82,42,0.0
414,Landry Shamet,21716137,ra,rotation,fallback_used,projected,full,82,43,0.0
414,Landry Shamet,21716137,ra,rotation,fallback_used,projected,full,82,44,0.0
414,Landry Shamet,21716137,ra,rotation,fallback_used,projected,full,82,55,0.0
414,Landry Shamet,21716137,pra,rotation,fallback_used,projected,full,83,0,0.0013
414,Landry Shamet,21716137,pra,rotation,fallback_used,projected,full,83,1,0.0048
414,Landry Shamet,21716137,pra,rotation,fallback_used,projected,full,83,2,0.0117
414,Landry Shamet,21716137,pra,rotation,fallback_used,projected,full,83,3,0.0201
414,Landry Shamet,21716137,pra,rotation,fallback_used,projected,full,83,4,0.0281
414,Landry Shamet,21716137,pra,rotation,fallback_used,projected,full,83,5,0.0346
414,Landry Shamet,21716137,pra,rotation,fallback_used,projected,full,83,6,0.0408
414,Landry Shamet,21716137,pra,rotation,fallback_used,projected,full,83,7,0.0477
414,Landry Shamet,21716137,pra,rotation,fallback_used,projected,full,83,8,0.0554
414,Landry Shamet,21716137,pra,rotation,fallback_used,projected,full,83,9,0.0629
414,Landry Shamet,21716137,pra,rotation,fallback_used,projected,full,83,10,0.0692
414,Landry Shamet,21716137,pra,rotation,fallback_used,projected,full,83,11,0.0731
414,Landry Shamet,21716137,pra,rotation,fallback_used,projected,full,83,12,0.0738
414,Landry Shamet,21716137,pra,rotation,fallback_used,projected,full,83,13,0.0714
414,Landry Shamet,21716137,pra,rotation,fallback_used,projected,full,83,14,0.067
414,Landry Shamet,21716137,pra,rotation,fallback_used,projected,full,83,15,0.061
414,Landry Shamet,21716137,pra,rotation,fallback_used,projected,full,83,16,0.054
414,Landry Shamet,21716137,pra,rotation,fallback_used,projected,full,83,17,0.0462
414,Landry Shamet,21716137,pra,rotation,fallback_used,projected,full,83,18,0.0382
414,Landry Shamet,21716137,pra,rotation,fallback_used,projected,full,83,19,0.0312
414,Landry Shamet,21716137,pra,rotation,fallback_used,projected,full,83,20,0.0254
414,Landry Shamet,21716137,pra,rotation,fallback_used,projected,full,83,21,0.0205
414,Landry Shamet,21716137,pra,rotation,fallback_used,projected,full,83,22,0.016
414,Landry Shamet,21716137,pra,rotation,fallback_used,projected,full,83,23,0.0119
414,Landry Shamet,21716137,pra,rotation,fallback_used,projected,full,83,24,0.0088
414,Landry Shamet,21716137,pra,rotation,fallback_used,projected,full,83,25,0.0066
414,Landry Shamet,21716137,pra,rotation,fallback_used,projected,full,83,26,0.005
414,Landry Shamet,21716137,pra,rotation,fallback_used,projected,full,83,27,0.0037
414,Landry Shamet,21716137,pra,rotation,fallback_used,projected,full,83,28,0.0026
414,Landry Shamet,21716137,pra,rotation,fallback_used,projected,full,83,29,0.0018
414,Landry Shamet,21716137,pra,rotation,fallback_used,projected,full,83,30,0.0011
414,Landry Shamet,21716137,pra,rotation,fallback_used,projected,full,83,31,0.0007
414,Landry Shamet,21716137,pra,rotation,fallback_used,projected,full,83,32,0.0004
414,Landry Shamet,21716137,pra,rotation,fallback_used,projected,full,83,33,0.0003
414,Landry Shamet,21716137,pra,rotation,fallback_used,projected,full,83,34,0.0002
414,Landry Shamet,21716137,pra,rotation,fallback_used,projected,full,83,35,0.0002
414,Landry Shamet,21716137,pra,rotation,fallback_used,projected,full,83,36,0.0002
414,Landry Shamet,21716137,pra,rotation,fallback_used,projected,full,83,37,0.0003
414,Landry Shamet,21716137,pra,rotation,fallback_used,projected,full,83,38,0.0003
414,Landry Shamet,21716137,pra,rotation,fallback_used,projected,full,83,39,0.0003
414,Landry Shamet,21716137,pra,rotation,fallback_used,projected,full,83,40,0.0002
414,Landry Shamet,21716137,pra,rotation,fallback_used,projected,full,83,41,0.0002
414,Landry Shamet,21716137,pra,rotation,fallback_used,projected,full,83,42,0.0001
414,Landry Shamet,21716137,pra,rotation,fallback_used,projected,full,83,43,0.0001
414,Landry Shamet,21716137,pra,rotation,fallback_used,projected,full,83,44,0.0001
414,Landry Shamet,21716137,pra,rotation,fallback_used,projected,full,83,45,0.0001
414,Landry Shamet,21716137,pra,rotation,fallback_used,projected,full,83,46,0.0
414,Landry Shamet,21716137,pra,rotation,fallback_used,projected,full,83,47,0.0
414,Landry Shamet,21716137,pra,rotation,fallback_used,projected,full,83,48,0.0
414,Landry Shamet,21716137,pra,rotation,fallback_used,projected,full,83,49,0.0
414,Landry Shamet,21716137,pra,rotation,fallback_used,projected,full,83,50,0.0
414,Landry Shamet,21716137,pra,rotation,fallback_used,projected,full,83,51,0.0
414,Landry Shamet,21716137,pra,rotation,fallback_used,projected,full,83,52,0.0
414,Landry Shamet,21716137,pra,rotation,fallback_used,projected,full,83,53,0.0
414,Landry Shamet,21716137,pra,rotation,fallback_used,projected,full,83,54,0.0
414,Landry Shamet,21716137,pra,rotation,fallback_used,projected,full,83,55,0.0
414,Landry Shamet,21716137,pra,rotation,fallback_used,projected,full,83,56,0.0
414,Landry Shamet,21716137,pra,rotation,fallback_used,projected,full,83,57,0.0
414,Landry Shamet,21716137,pra,rotation,fallback_used,projected,full,83,58,0.0
414,Landry Shamet,21716137,pra,rotation,fallback_used,projected,full,83,59,0.0
414,Landry Shamet,21716137,pra,rotation,fallback_used,projected,full,83,60,0.0
414,Landry Shamet,21716137,pra,rotation,fallback_used,projected,full,83,61,0.0
414,Landry Shamet,21716137,pra,rotation,fallback_used,projected,full,83,62,0.0
414,Landry Shamet,21716137,pra,rotation,fallback_used,projected,full,83,63,0.0
414,Landry Shamet,21716137,pra,rotation,fallback_used,projected,full,83,64,0.0
414,Landry Shamet,21716137,pra,rotation,fallback_used,projected,full,83,65,0.0
414,Landry Shamet,21716137,pra,rotation,fallback_used,projected,full,83,66,0.0
414,Landry Shamet,21716137,pra,rotation,fallback_used,projected,full,83,67,0.0
414,Landry Shamet,21716137,pra,rotation,fallback_used,projected,full,83,68,0.0
414,Landry Shamet,21716137,pra,rotation,fallback_used,projected,full,83,69,0.0
414,Landry Shamet,21716137,pra,rotation,fallback_used,projected,full,83,70,0.0
414,Landry Shamet,21716137,pra,rotation,fallback_used,projected,full,83,71,0.0
414,Landry Shamet,21716137,pra,rotation,fallback_used,projected,full,83,72,0.0
414,Landry Shamet,21716137,pra,rotation,fallback_used,projected,full,83,73,0.0
414,Landry Shamet,21716137,pra,rotation,fallback_used,projected,full,83,74,0.0
414,Landry Shamet,21716137,pra,rotation,fallback_used,projected,full,83,75,0.0
414,Landry Shamet,21716137,pra,rotation,fallback_used,projected,full,83,76,0.0
414,Landry Shamet,21716137,pra,rotation,fallback_used,projected,full,83,77,0.0
414,Landry Shamet,21716137,pra,rotation,fallback_used,projected,full,83,78,0.0
414,Landry Shamet,21716137,pra,rotation,fallback_used,projected,full,83,79,0.0
414,Landry Shamet,21716137,pra,rotation,fallback_used,projected,full,83,80,0.0
414,Landry Shamet,21716137,pra,rotation,fallback_used,projected,full,83,81,0.0
414,Landry Shamet,21716137,pra,rotation,fallback_used,projected,full,83,82,0.0
414,Landry Shamet,21716137,pra,rotation,fallback_used,projected,full,83,83,0.0
414,Landry Shamet,21716137,pra,rotation,fallback_used,projected,full,83,84,0.0
414,Landry Shamet,21716137,pra,rotation,fallback_used,projected,full,83,85,0.0
414,Landry Shamet,21716137,pra,rotation,fallback_used,projected,full,83,86,0.0
414,Landry Shamet,21716137,pra,rotation,fallback_used,projected,full,83,87,0.0
414,Landry Shamet,21716137,pra,rotation,fallback_used,projected,full,83,88,0.0
414,Landry Shamet,21716137,pra,rotation,fallback_used,projected,full,83,89,0.0
414,Landry Shamet,21716137,pra,rotation,fallback_used,projected,full,83,90,0.0
414,Landry Shamet,21716137,pra,rotation,fallback_used,projected,full,83,91,0.0
414,Landry Shamet,21716137,pra,rotation,fallback_used,projected,full,83,93,0.0
414,Landry Shamet,21716137,pra,rotation,fallback_used,projected,full,83,95,0.0
447,Karl-Anthony Towns,21716137,pts,starter,fallback_used,projected,full,84,0,0.0021
447,Karl-Anthony Towns,21716137,pts,starter,fallback_used,projected,full,84,1,0.001
447,Karl-Anthony Towns,21716137,pts,starter,fallback_used,projected,full,84,2,0.0033
447,Karl-Anthony Towns,21716137,pts,starter,fallback_used,projected,full,84,3,0.0041
447,Karl-Anthony Towns,21716137,pts,starter,fallback_used,projected,full,84,4,0.0076
447,Karl-Anthony Towns,21716137,pts,starter,fallback_used,projected,full,84,5,0.0166
447,Karl-Anthony Towns,21716137,pts,starter,fallback_used,projected,full,84,6,0.016
447,Karl-Anthony Towns,21716137,pts,starter,fallback_used,projected,full,84,7,0.027
447,Karl-Anthony Towns,21716137,pts,starter,fallback_used,projected,full,84,8,0.0307
447,Karl-Anthony Towns,21716137,pts,starter,fallback_used,projected,full,84,9,0.0357
447,Karl-Anthony Towns,21716137,pts,starter,fallback_used,projected,full,84,10,0.0368
447,Karl-Anthony Towns,21716137,pts,starter,fallback_used,projected,full,84,11,0.0539
447,Karl-Anthony Towns,21716137,pts,starter,fallback_used,projected,full,84,12,0.0589
447,Karl-Anthony Towns,21716137,pts,starter,fallback_used,projected,full,84,13,0.0636
447,Karl-Anthony Towns,21716137,pts,starter,fallback_used,projected,full,84,14,0.0673
447,Karl-Anthony Towns,21716137,pts,starter,fallback_used,projected,full,84,15,0.079
447,Karl-Anthony Towns,21716137,pts,starter,fallback_used,projected,full,84,16,0.0826
447,Karl-Anthony Towns,21716137,pts,starter,fallback_used,projected,full,84,17,0.0739
447,Karl-Anthony Towns,21716137,pts,starter,fallback_used,projected,full,84,18,0.0492
447,Karl-Anthony Towns,21716137,pts,starter,fallback_used,projected,full,84,19,0.0575
447,Karl-Anthony Towns,21716137,pts,starter,fallback_used,projected,full,84,20,0.0535
447,Karl-Anthony Towns,21716137,pts,starter,fallback_used,projected,full,84,21,0.0455
447,Karl-Anthony Towns,21716137,pts,starter,fallback_used,projected,full,84,22,0.0218
447,Karl-Anthony Towns,21716137,pts,starter,fallback_used,projected,full,84,23,0.0236
447,Karl-Anthony Towns,21716137,pts,starter,fallback_used,projected,full,84,24,0.0224
447,Karl-Anthony Towns,21716137,pts,starter,fallback_used,projected,full,84,25,0.0072
447,Karl-Anthony Towns,21716137,pts,starter,fallback_used,projected,full,84,26,0.012
447,Karl-Anthony Towns,21716137,pts,starter,fallback_used,projected,full,84,27,0.018
447,Karl-Anthony Towns,21716137,pts,starter,fallback_used,projected,full,84,28,0.008
447,Karl-Anthony Towns,21716137,pts,starter,fallback_used,projected,full,84,29,0.0044
447,Karl-Anthony Towns,21716137,pts,starter,fallback_used,projected,full,84,30,0.006
447,Karl-Anthony Towns,21716137,pts,starter,fallback_used,projected,full,84,31,0.0037
447,Karl-Anthony Towns,21716137,pts,starter,fallback_used,projected,full,84,32,0.0014
447,Karl-Anthony Towns,21716137,pts,starter,fallback_used,projected,full,84,33,0.0019
447,Karl-Anthony Towns,21716137,pts,starter,fallback_used,projected,full,84,34,0.0007
447,Karl-Anthony Towns,21716137,pts,starter,fallback_used,projected,full,84,35,0.0004
447,Karl-Anthony Towns,21716137,pts,starter,fallback_used,projected,full,84,36,0.0005
447,Karl-Anthony Towns,21716137,pts,starter,fallback_used,projected,full,84,37,0.0007
447,Karl-Anthony Towns,21716137,pts,starter,fallback_used,projected,full,84,38,0.0002
447,Karl-Anthony Towns,21716137,pts,starter,fallback_used,projected,full,84,39,0.0002
447,Karl-Anthony Towns,21716137,pts,starter,fallback_used,projected,full,84,40,0.0001
447,Karl-Anthony Towns,21716137,pts,starter,fallback_used,projected,full,84,41,0.0001
447,Karl-Anthony Towns,21716137,pts,starter,fallback_used,projected,full,84,42,0.0003
447,Karl-Anthony Towns,21716137,pts,starter,fallback_used,projected,full,84,43,0.0
447,Karl-Anthony Towns,21716137,pts,starter,fallback_used,projected,full,84,44,0.0001
447,Karl-Anthony Towns,21716137,pts,starter,fallback_used,projected,full,84,45,0.0
447,Karl-Anthony Towns,21716137,pts,starter,fallback_used,projected,full,84,46,0.0
447,Karl-Anthony Towns,21716137,pts,starter,fallback_used,projected,full,84,47,0.0
447,Karl-Anthony Towns,21716137,pts,starter,fallback_used,projected,full,84,48,0.0
447,Karl-Anthony Towns,21716137,pts,starter,fallback_used,projected,full,84,49,0.0
447,Karl-Anthony Towns,21716137,pts,starter,fallback_used,projected,full,84,80,0.0
447,Karl-Anthony Towns,21716137,reb,starter,fallback_used,projected,full,85,0,0.0017
447,Karl-Anthony Towns,21716137,reb,starter,fallback_used,projected,full,85,1,0.0002
447,Karl-Anthony Towns,21716137,reb,starter,fallback_used,projected,full,85,2,0.002
447,Karl-Anthony Towns,21716137,reb,starter,fallback_used,projected,full,85,3,0.0031
447,Karl-Anthony Towns,21716137,reb,starter,fallback_used,projected,full,85,4,0.0055
447,Karl-Anthony Towns,21716137,reb,starter,fallback_used,projected,full,85,5,0.011
447,Karl-Anthony Towns,21716137,reb,starter,fallback_used,projected,full,85,6,0.0273
447,Karl-Anthony Towns,21716137,reb,starter,fallback_used,projected,full,85,7,0.0513
447,Karl-Anthony Towns,21716137,reb,starter,fallback_used,projected,full,85,8,0.0609
447,Karl-Anthony Towns,21716137,reb,starter,fallback_used,projected,full,85,9,0.1075
447,Karl-Anthony Towns,21716137,reb,starter,fallback_used,projected,full,85,10,0.1322
447,Karl-Anthony Towns,21716137,reb,starter,fallback_used,projected,full,85,11,0.1727
447,Karl-Anthony Towns,21716137,reb,starter,fallback_used,projected,full,85,12,0.1495
447,Karl-Anthony Towns,21716137,reb,starter,fallback_used,projected,full,85,13,0.0933
447,Karl-Anthony Towns,21716137,reb,starter,fallback_used,projected,full,85,14,0.073
447,Karl-Anthony Towns,21716137,reb,starter,fallback_used,projected,full,85,15,0.0548
447,Karl-Anthony Towns,21716137,reb,starter,fallback_used,projected,full,85,16,0.0267
447,Karl-Anthony Towns,21716137,reb,starter,fallback_used,projected,full,85,17,0.0127
447,Karl-Anthony Towns,21716137,reb,starter,fallback_used,projected,full,85,18,0.0073
447,Karl-Anthony Towns,21716137,reb,starter,fallback_used,projected,full,85,19,0.0041
447,Karl-Anthony Towns,21716137,reb,starter,fallback_used,projected,full,85,20,0.0025
447,Karl-Anthony Towns,21716137,reb,starter,fallback_used,projected,full,85,21,0.0005
447,Karl-Anthony Towns,21716137,reb,starter,fallback_used,projected,full,85,22,0.0001
447,Karl-Anthony Towns,21716137,reb,starter,fallback_used,projected,full,85,23,0.0
447,Karl-Anthony Towns,21716137,reb,starter,fallback_used,projected,full,85,24,0.0
447,Karl-Anthony Towns,21716137,reb,starter,fallback_used,projected,full,85,25,0.0
447,Karl-Anthony Towns,21716137,reb,starter,fallback_used,projected,full,85,26,0.0
447,Karl-Anthony Towns,21716137,reb,starter,fallback_used,projected,full,85,27,0.0
447,Karl-Anthony Towns,21716137,reb,starter,fallback_used,projected,full,85,28,0.0
447,Karl-Anthony Towns,21716137,reb,starter,fallback_used,projected,full,85,29,0.0
447,Karl-Anthony Towns,21716137,reb,starter,fallback_used,projected,full,85,30,0.0
447,Karl-Anthony Towns,21716137,ast,starter,fallback_used,projected,full,86,0,0.007
447,Karl-Anthony Towns,21716137,ast,starter,fallback_used,projected,full,86,1,0.0226
447,Karl-Anthony Towns,21716137,ast,starter,fallback_used,projected,full,86,2,0.0815
447,Karl-Anthony Towns,21716137,ast,starter,fallback_used,projected,full,86,3,0.1681
447,Karl-Anthony Towns,21716137,ast,starter,fallback_used,projected,full,86,4,0.2763
447,Karl-Anthony Towns,21716137,ast,starter,fallback_used,projected,full,86,5,0.2401
447,Karl-Anthony Towns,21716137,ast,starter,fallback_used,projected,full,86,6,0.151
447,Karl-Anthony Towns,21716137,ast,starter,fallback_used,projected,full,86,7,0.0404
447,Karl-Anthony Towns,21716137,ast,starter,fallback_used,projected,full,86,8,0.0103
447,Karl-Anthony Towns,21716137,ast,starter,fallback_used,projected,full,86,9,0.0024
447,Karl-Anthony Towns,21716137,ast,starter,fallback_used,projected,full,86,10,0.0004
447,Karl-Anthony Towns,21716137,ast,starter,fallback_used,projected,full,86,11,0.0
447,Karl-Anthony Towns,21716137,ast,starter,fallback_used,projected,full,86,12,0.0
447,Karl-Anthony Towns,21716137,ast,starter,fallback_used,projected,full,86,13,0.0
447,Karl-Anthony Towns,21716137,ast,starter,fallback_used,projected,full,86,14,0.0
447,Karl-Anthony Towns,21716137,ast,starter,fallback_used,projected,full,86,15,0.0
447,Karl-Anthony Towns,21716137,ast,starter,fallback_used,projected,full,86,16,0.0
447,Karl-Anthony Towns,21716137,ast,starter,fallback_used,projected,full,86,17,0.0
447,Karl-Anthony Towns,21716137,ast,starter,fallback_used,projected,full,86,18,0.0
447,Karl-Anthony Towns,21716137,ast,starter,fallback_used,projected,full,86,19,0.0
447,Karl-Anthony Towns,21716137,ast,starter,fallback_used,projected,full,86,20,0.0
447,Karl-Anthony Towns,21716137,fg3m,starter,fallback_used,projected,full,87,0,0.4073
447,Karl-Anthony Towns,21716137,fg3m,starter,fallback_used,projected,full,87,1,0.2148
447,Karl-Anthony Towns,21716137,fg3m,starter,fallback_used,projected,full,87,2,0.2247
447,Karl-Anthony Towns,21716137,fg3m,starter,fallback_used,projected,full,87,3,0.1532
447,Karl-Anthony Towns,21716137,tov,starter,fallback_used,projected,full,88,0,0.125
447,Karl-Anthony Towns,21716137,tov,starter,fallback_used,projected,full,88,1,0.4326
447,Karl-Anthony Towns,21716137,tov,starter,fallback_used,projected,full,88,2,0.3212
447,Karl-Anthony Towns,21716137,tov,starter,fallback_used,projected,full,88,3,0.1012
447,Karl-Anthony Towns,21716137,tov,starter,fallback_used,projected,full,88,4,0.0183
447,Karl-Anthony Towns,21716137,tov,starter,fallback_used,projected,full,88,5,0.0015
447,Karl-Anthony Towns,21716137,tov,starter,fallback_used,projected,full,88,6,0.0001
447,Karl-Anthony Towns,21716137,tov,starter,fallback_used,projected,full,88,7,0.0
447,Karl-Anthony Towns,21716137,tov,starter,fallback_used,projected,full,88,8,0.0
447,Karl-Anthony Towns,21716137,tov,starter,fallback_used,projected,full,88,9,0.0
447,Karl-Anthony Towns,21716137,tov,starter,fallback_used,projected,full,88,10,0.0
447,Karl-Anthony Towns,21716137,tov,starter,fallback_used,projected,full,88,11,0.0
447,Karl-Anthony Towns,21716137,tov,starter,fallback_used,projected,full,88,12,0.0
447,Karl-Anthony Towns,21716137,stl,starter,fallback_used,projected,full,89,0,0.5678
447,Karl-Anthony Towns,21716137,stl,starter,fallback_used,projected,full,89,1,0.3144
447,Karl-Anthony Towns,21716137,stl,starter,fallback_used,projected,full,89,2,0.0764
447,Karl-Anthony Towns,21716137,stl,starter,fallback_used,projected,full,89,3,0.0316
447,Karl-Anthony Towns,21716137,stl,starter,fallback_used,projected,full,89,4,0.0098
447,Karl-Anthony Towns,21716137,blk,starter,fallback_used,projected,full,90,0,0.7342
447,Karl-Anthony Towns,21716137,blk,starter,fallback_used,projected,full,90,1,0.1449
447,Karl-Anthony Towns,21716137,blk,starter,fallback_used,projected,full,90,2,0.0961
447,Karl-Anthony Towns,21716137,blk,starter,fallback_used,projected,full,90,3,0.0224
447,Karl-Anthony Towns,21716137,blk,starter,fallback_used,projected,full,90,4,0.0012
447,Karl-Anthony Towns,21716137,blk,starter,fallback_used,projected,full,90,10,0.0011
447,Karl-Anthony Towns,21716137,stocks,starter,fallback_used,projected,full,91,0,0.4169
447,Karl-Anthony Towns,21716137,stocks,starter,fallback_used,projected,full,91,1,0.3131
447,Karl-Anthony Towns,21716137,stocks,starter,fallback_used,projected,full,91,2,0.1512
447,Karl-Anthony Towns,21716137,stocks,starter,fallback_used,projected,full,91,3,0.0816
447,Karl-Anthony Towns,21716137,stocks,starter,fallback_used,projected,full,91,4,0.0284
447,Karl-Anthony Towns,21716137,stocks,starter,fallback_used,projected,full,91,5,0.0068
447,Karl-Anthony Towns,21716137,stocks,starter,fallback_used,projected,full,91,6,0.0018
447,Karl-Anthony Towns,21716137,stocks,starter,fallback_used,projected,full,91,7,0.0003
447,Karl-Anthony Towns,21716137,stocks,starter,fallback_used,projected,full,91,8,0.0
447,Karl-Anthony Towns,21716137,stocks,starter,fallback_used,projected,full,91,10,0.0
447,Karl-Anthony Towns,21716137,stocks,starter,fallback_used,projected,full,91,11,0.0
447,Karl-Anthony Towns,21716137,stocks,starter,fallback_used,projected,full,91,12,0.0
447,Karl-Anthony Towns,21716137,stocks,starter,fallback_used,projected,full,91,13,0.0
447,Karl-Anthony Towns,21716137,stocks,starter,fallback_used,projected,full,91,14,0.0
447,Karl-Anthony Towns,21716137,pa,starter,fallback_used,projected,full,92,0,0.0
447,Karl-Anthony Towns,21716137,pa,starter,fallback_used,projected,full,92,1,0.0001
447,Karl-Anthony Towns,21716137,pa,starter,fallback_used,projected,full,92,2,0.0002
447,Karl-Anthony Towns,21716137,pa,starter,fallback_used,projected,full,92,3,0.0005
447,Karl-Anthony Towns,21716137,pa,starter,fallback_used,projected,full,92,4,0.0012
447,Karl-Anthony Towns,21716137,pa,starter,fallback_used,projected,full,92,5,0.002
447,Karl-Anthony Towns,21716137,pa,starter,fallback_used,projected,full,92,6,0.0033
447,Karl-Anthony Towns,21716137,pa,starter,fallback_used,projected,full,92,7,0.0054
447,Karl-Anthony Towns,21716137,pa,starter,fallback_used,projected,full,92,8,0.0086
447,Karl-Anthony Towns,21716137,pa,starter,fallback_used,projected,full,92,9,0.013
447,Karl-Anthony Towns,21716137,pa,starter,fallback_used,projected,full,92,10,0.0179
447,Karl-Anthony Towns,21716137,pa,starter,fallback_used,projected,full,92,11,0.0235
447,Karl-Anthony Towns,21716137,pa,starter,fallback_used,projected,full,92,12,0.0288
447,Karl-Anthony Towns,21716137,pa,starter,fallback_used,projected,full,92,13,0.0345
447,Karl-Anthony Towns,21716137,pa,starter,fallback_used,projected,full,92,14,0.0404
447,Karl-Anthony Towns,21716137,pa,starter,fallback_used,projected,full,92,15,0.0478
447,Karl-Anthony Towns,21716137,pa,starter,fallback_used,projected,full,92,16,0.0551
447,Karl-Anthony Towns,21716137,pa,starter,fallback_used,projected,full,92,17,0.0619
447,Karl-Anthony Towns,21716137,pa,starter,fallback_used,projected,full,92,18,0.0674
447,Karl-Anthony Towns,21716137,pa,starter,fallback_used,projected,full,92,19,0.0721
447,Karl-Anthony Towns,21716137,pa,starter,fallback_used,projected,full,92,20,0.0734
447,Karl-Anthony Towns,21716137,pa,starter,fallback_used,projected,full,92,21,0.0702
447,Karl-Anthony Towns,21716137,pa,starter,fallback_used,projected,full,92,22,0.0631
447,Karl-Anthony Towns,21716137,pa,starter,fallback_used,projected,full,92,23,0.0566
447,Karl-Anthony Towns,21716137,pa,starter,fallback_used,projected,full,92,24,0.0502
447,Karl-Anthony Towns,21716137,pa,starter,fallback_used,projected,full,92,25,0.0432
447,Karl-Anthony Towns,21716137,pa,starter,fallback_used,projected,full,92,26,0.0341
447,Karl-Anthony Towns,21716137,pa,starter,fallback_used,projected,full,92,27,0.0263
447,Karl-Anthony Towns,21716137,pa,starter,fallback_used,projected,full,92,28,0.0203
447,Karl-Anthony Towns,21716137,pa,starter,fallback_used,projected,full,92,29,0.0161
447,Karl-Anthony Towns,21716137,pa,starter,fallback_used,projected,full,92,30,0.0135
447,Karl-Anthony Towns,21716137,pa,starter,fallback_used,projected,full,92,31,0.012
447,Karl-Anthony Towns,21716137,pa,starter,fallback_used,projected,full,92,32,0.0103
447,Karl-Anthony Towns,21716137,pa,starter,fallback_used,projected,full,92,33,0.0078
447,Karl-Anthony Towns,21716137,pa,starter,fallback_used,projected,full,92,34,0.0056
447,Karl-Anthony Towns,21716137,pa,starter,fallback_used,projected,full,92,35,0.0041
447,Karl-Anthony Towns,21716137,pa,starter,fallback_used,projected,full,92,36,0.0029
447,Karl-Anthony Towns,21716137,pa,starter,fallback_used,projected,full,92,37,0.0019
447,Karl-Anthony Towns,21716137,pa,starter,fallback_used,projected,full,92,38,0.0012
447,Karl-Anthony Towns,21716137,pa,starter,fallback_used,projected,full,92,39,0.0008
447,Karl-Anthony Towns,21716137,pa,starter,fallback_used,projected,full,92,40,0.0006
447,Karl-Anthony Towns,21716137,pa,starter,fallback_used,projected,full,92,41,0.0005
447,Karl-Anthony Towns,21716137,pa,starter,fallback_used,projected,full,92,42,0.0004
447,Karl-Anthony Towns,21716137,pa,starter,fallback_used,projected,full,92,43,0.0003
447,Karl-Anthony Towns,21716137,pa,starter,fallback_used,projected,full,92,44,0.0002
447,Karl-Anthony Towns,21716137,pa,starter,fallback_used,projected,full,92,45,0.0002
447,Karl-Anthony Towns,21716137,pa,starter,fallback_used,projected,full,92,46,0.0002
447,Karl-Anthony Towns,21716137,pa,starter,fallback_used,projected,full,92,47,0.0001
447,Karl-Anthony Towns,21716137,pa,starter,fallback_used,projected,full,92,48,0.0001
447,Karl-Anthony Towns,21716137,pa,starter,fallback_used,projected,full,92,49,0.0
447,Karl-Anthony Towns,21716137,pa,starter,fallback_used,projected,full,92,50,0.0
447,Karl-Anthony Towns,21716137,pa,starter,fallback_used,projected,full,92,51,0.0
447,Karl-Anthony Towns,21716137,pa,starter,fallback_used,projected,full,92,52,0.0
447,Karl-Anthony Towns,21716137,pa,starter,fallback_used,projected,full,92,53,0.0
447,Karl-Anthony Towns,21716137,pa,starter,fallback_used,projected,full,92,54,0.0
447,Karl-Anthony Towns,21716137,pa,starter,fallback_used,projected,full,92,55,0.0
447,Karl-Anthony Towns,21716137,pa,starter,fallback_used,projected,full,92,56,0.0
447,Karl-Anthony Towns,21716137,pa,starter,fallback_used,projected,full,92,57,0.0
447,Karl-Anthony Towns,21716137,pa,starter,fallback_used,projected,full,92,58,0.0
447,Karl-Anthony Towns,21716137,pa,starter,fallback_used,projected,full,92,59,0.0
447,Karl-Anthony Towns,21716137,pa,starter,fallback_used,projected,full,92,60,0.0
447,Karl-Anthony Towns,21716137,pa,starter,fallback_used,projected,full,92,61,0.0
447,Karl-Anthony Towns,21716137,pa,starter,fallback_used,projected,full,92,62,0.0
447,Karl-Anthony Towns,21716137,pa,starter,fallback_used,projected,full,92,63,0.0
447,Karl-Anthony Towns,21716137,pa,starter,fallback_used,projected,full,92,64,0.0
447,Karl-Anthony Towns,21716137,pa,starter,fallback_used,projected,full,92,65,0.0
447,Karl-Anthony Towns,21716137,pa,starter,fallback_used,projected,full,92,66,0.0
447,Karl-Anthony Towns,21716137,pa,starter,fallback_used,projected,full,92,80,0.0
447,Karl-Anthony Towns,21716137,pa,starter,fallback_used,projected,full,92,81,0.0
447,Karl-Anthony Towns,21716137,pa,starter,fallback_used,projected,full,92,82,0.0
447,Karl-Anthony Towns,21716137,pa,starter,fallback_used,projected,full,92,83,0.0
447,Karl-Anthony Towns,21716137,pa,starter,fallback_used,projected,full,92,84,0.0
447,Karl-Anthony Towns,21716137,pa,starter,fallback_used,projected,full,92,85,0.0
447,Karl-Anthony Towns,21716137,pa,starter,fallback_used,projected,full,92,86,0.0
447,Karl-Anthony Towns,21716137,pa,starter,fallback_used,projected,full,92,87,0.0
447,Karl-Anthony Towns,21716137,pa,starter,fallback_used,projected,full,92,88,0.0
447,Karl-Anthony Towns,21716137,pa,starter,fallback_used,projected,full,92,89,0.0
447,Karl-Anthony Towns,21716137,pa,starter,fallback_used,projected,full,92,90,0.0
447,Karl-Anthony Towns,21716137,pa,starter,fallback_used,projected,full,92,91,0.0
447,Karl-Anthony Towns,21716137,pa,starter,fallback_used,projected,full,92,92,0.0
447,Karl-Anthony Towns,21716137,pa,starter,fallback_used,projected,full,92,93,0.0
447,Karl-Anthony Towns,21716137,pa,starter,fallback_used,projected,full,92,94,0.0
447,Karl-Anthony Towns,21716137,pa,starter,fallback_used,projected,full,92,95,0.0
447,Karl-Anthony Towns,21716137,pa,starter,fallback_used,projected,full,92,96,0.0
447,Karl-Anthony Towns,21716137,pa,starter,fallback_used,projected,full,92,97,0.0
447,Karl-Anthony Towns,21716137,pr,starter,fallback_used,projected,full,93,0,0.0
447,Karl-Anthony Towns,21716137,pr,starter,fallback_used,projected,full,93,1,0.0
447,Karl-Anthony Towns,21716137,pr,starter,fallback_used,projected,full,93,2,0.0
447,Karl-Anthony Towns,21716137,pr,starter,fallback_used,projected,full,93,3,0.0
447,Karl-Anthony Towns,21716137,pr,starter,fallback_used,projected,full,93,4,0.0
447,Karl-Anthony Towns,21716137,pr,starter,fallback_used,projected,full,93,5,0.0001
447,Karl-Anthony Towns,21716137,pr,starter,fallback_used,projected,full,93,6,0.0001
447,Karl-Anthony Towns,21716137,pr,starter,fallback_used,projected,full,93,7,0.0003
447,Karl-Anthony Towns,21716137,pr,starter,fallback_used,projected,full,93,8,0.0005
447,Karl-Anthony Towns,21716137,pr,starter,fallback_used,projected,full,93,9,0.0009
447,Karl-Anthony Towns,21716137,pr,starter,fallback_used,projected,full,93,10,0.0015
447,Karl-Anthony Towns,21716137,pr,starter,fallback_used,projected,full,93,11,0.0025
447,Karl-Anthony Towns,21716137,pr,starter,fallback_used,projected,full,93,12,0.0039
447,Karl-Anthony Towns,21716137,pr,starter,fallback_used,projected,full,93,13,0.0057
447,Karl-Anthony Towns,21716137,pr,starter,fallback_used,projected,full,93,14,0.0085
447,Karl-Anthony Towns,21716137,pr,starter,fallback_used,projected,full,93,15,0.0117
447,Karl-Anthony Towns,21716137,pr,starter,fallback_used,projected,full,93,16,0.0159
447,Karl-Anthony Towns,21716137,pr,starter,fallback_used,projected,full,93,17,0.0204
447,Karl-Anthony Towns,21716137,pr,starter,fallback_used,projected,full,93,18,0.0256
447,Karl-Anthony Towns,21716137,pr,starter,fallback_used,projected,full,93,19,0.031
447,Karl-Anthony Towns,21716137,pr,starter,fallback_used,projected,full,93,20,0.0368
447,Karl-Anthony Towns,21716137,pr,starter,fallback_used,projected,full,93,21,0.0426
447,Karl-Anthony Towns,21716137,pr,starter,fallback_used,projected,full,93,22,0.049
447,Karl-Anthony Towns,21716137,pr,starter,fallback_used,projected,full,93,23,0.0549
447,Karl-Anthony Towns,21716137,pr,starter,fallback_used,projected,full,93,24,0.0595
447,Karl-Anthony Towns,21716137,pr,starter,fallback_used,projected,full,93,25,0.0631
447,Karl-Anthony Towns,21716137,pr,starter,fallback_used,projected,full,93,26,0.0658
447,Karl-Anthony Towns,21716137,pr,starter,fallback_used,projected,full,93,27,0.0656
447,Karl-Anthony Towns,21716137,pr,starter,fallback_used,projected,full,93,28,0.063
447,Karl-Anthony Towns,21716137,pr,starter,fallback_used,projected,full,93,29,0.0581
447,Karl-Anthony Towns,21716137,pr,starter,fallback_used,projected,full,93,30,0.0533
447,Karl-Anthony Towns,21716137,pr,starter,fallback_used,projected,full,93,31,0.0476
447,Karl-Anthony Towns,21716137,pr,starter,fallback_used,projected,full,93,32,0.0408
447,Karl-Anthony Towns,21716137,pr,starter,fallback_used,projected,full,93,33,0.0337
447,Karl-Anthony Towns,21716137,pr,starter,fallback_used,projected,full,93,34,0.0277
447,Karl-Anthony Towns,21716137,pr,starter,fallback_used,projected,full,93,35,0.0229
447,Karl-Anthony Towns,21716137,pr,starter,fallback_used,projected,full,93,36,0.0184
447,Karl-Anthony Towns,21716137,pr,starter,fallback_used,projected,full,93,37,0.0149
447,Karl-Anthony Towns,21716137,pr,starter,fallback_used,projected,full,93,38,0.0126
447,Karl-Anthony Towns,21716137,pr,starter,fallback_used,projected,full,93,39,0.0102
447,Karl-Anthony Towns,21716137,pr,starter,fallback_used,projected,full,93,40,0.0077
447,Karl-Anthony Towns,21716137,pr,starter,fallback_used,projected,full,93,41,0.0061
447,Karl-Anthony Towns,21716137,pr,starter,fallback_used,projected,full,93,42,0.0048
447,Karl-Anthony Towns,21716137,pr,starter,fallback_used,projected,full,93,43,0.0034
447,Karl-Anthony Towns,21716137,pr,starter,fallback_used,projected,full,93,44,0.0024
447,Karl-Anthony Towns,21716137,pr,starter,fallback_used,projected,full,93,45,0.0018
447,Karl-Anthony Towns,21716137,pr,starter,fallback_used,projected,full,93,46,0.0012
447,Karl-Anthony Towns,21716137,pr,starter,fallback_used,projected,full,93,47,0.0009
447,Karl-Anthony Towns,21716137,pr,starter,fallback_used,projected,full,93,48,0.0006
447,Karl-Anthony Towns,21716137,pr,starter,fallback_used,projected,full,93,49,0.0005
447,Karl-Anthony Towns,21716137,pr,starter,fallback_used,projected,full,93,50,0.0003
447,Karl-Anthony Towns,21716137,pr,starter,fallback_used,projected,full,93,51,0.0002
447,Karl-Anthony Towns,21716137,pr,starter,fallback_used,projected,full,93,52,0.0002
447,Karl-Anthony Towns,21716137,pr,starter,fallback_used,projected,full,93,53,0.0002
447,Karl-Anthony Towns,21716137,pr,starter,fallback_used,projected,full,93,54,0.0001
447,Karl-Anthony Towns,21716137,pr,starter,fallback_used,projected,full,93,55,0.0001
447,Karl-Anthony Towns,21716137,pr,starter,fallback_used,projected,full,93,56,0.0001
447,Karl-Anthony Towns,21716137,pr,starter,fallback_used,projected,full,93,57,0.0
447,Karl-Anthony Towns,21716137,pr,starter,fallback_used,projected,full,93,58,0.0
447,Karl-Anthony Towns,21716137,pr,starter,fallback_used,projected,full,93,59,0.0
447,Karl-Anthony Towns,21716137,pr,starter,fallback_used,projected,full,93,60,0.0
447,Karl-Anthony Towns,21716137,pr,starter,fallback_used,projected,full,93,61,0.0
447,Karl-Anthony Towns,21716137,pr,starter,fallback_used,projected,full,93,62,0.0
447,Karl-Anthony Towns,21716137,pr,starter,fallback_used,projected,full,93,63,0.0
447,Karl-Anthony Towns,21716137,pr,starter,fallback_used,projected,full,93,64,0.0
447,Karl-Anthony Towns,21716137,pr,starter,fallback_used,projected,full,93,65,0.0
447,Karl-Anthony Towns,21716137,pr,starter,fallback_used,projected,full,93,66,0.0
447,Karl-Anthony Towns,21716137,pr,starter,fallback_used,projected,full,93,67,0.0
447,Karl-Anthony Towns,21716137,pr,starter,fallback_used,projected,full,93,68,0.0
447,Karl-Anthony Towns,21716137,pr,starter,fallback_used,projected,full,93,69,0.0
447,Karl-Anthony Towns,21716137,pr,starter,fallback_used,projected,full,93,70,0.0
447,Karl-Anthony Towns,21716137,pr,starter,fallback_used,projected,full,93,71,0.0
447,Karl-Anthony Towns,21716137,pr,starter,fallback_used,projected,full,93,72,0.0
447,Karl-Anthony Towns,21716137,pr,starter,fallback_used,projected,full,93,73,0.0
447,Karl-Anthony Towns,21716137,pr,starter,fallback_used,projected,full,93,74,0.0
447,Karl-Anthony Towns,21716137,pr,starter,fallback_used,projected,full,93,75,0.0
447,Karl-Anthony Towns,21716137,pr,starter,fallback_used,projected,full,93,76,0.0
447,Karl-Anthony Towns,21716137,pr,starter,fallback_used,projected,full,93,77,0.0
447,Karl-Anthony Towns,21716137,pr,starter,fallback_used,projected,full,93,78,0.0
447,Karl-Anthony Towns,21716137,pr,starter,fallback_used,projected,full,93,79,0.0
447,Karl-Anthony Towns,21716137,pr,starter,fallback_used,projected,full,93,80,0.0
447,Karl-Anthony Towns,21716137,pr,starter,fallback_used,projected,full,93,81,0.0
447,Karl-Anthony Towns,21716137,pr,starter,fallback_used,projected,full,93,82,0.0
447,Karl-Anthony Towns,21716137,pr,starter,fallback_used,projected,full,93,83,0.0
447,Karl-Anthony Towns,21716137,pr,starter,fallback_used,projected,full,93,84,0.0
447,Karl-Anthony Towns,21716137,pr,starter,fallback_used,projected,full,93,85,0.0
447,Karl-Anthony Towns,21716137,pr,starter,fallback_used,projected,full,93,86,0.0
447,Karl-Anthony Towns,21716137,pr,starter,fallback_used,projected,full,93,87,0.0
447,Karl-Anthony Towns,21716137,pr,starter,fallback_used,projected,full,93,88,0.0
447,Karl-Anthony Towns,21716137,pr,starter,fallback_used,projected,full,93,89,0.0
447,Karl-Anthony Towns,21716137,pr,starter,fallback_used,projected,full,93,90,0.0
447,Karl-Anthony Towns,21716137,pr,starter,fallback_used,projected,full,93,91,0.0
447,Karl-Anthony Towns,21716137,pr,starter,fallback_used,projected,full,93,92,0.0
447,Karl-Anthony Towns,21716137,pr,starter,fallback_used,projected,full,93,93,0.0
447,Karl-Anthony Towns,21716137,pr,starter,fallback_used,projected,full,93,94,0.0
447,Karl-Anthony Towns,21716137,pr,starter,fallback_used,projected,full,93,95,0.0
447,Karl-Anthony Towns,21716137,pr,starter,fallback_used,projected,full,93,96,0.0
447,Karl-Anthony Towns,21716137,pr,starter,fallback_used,projected,full,93,97,0.0
447,Karl-Anthony Towns,21716137,pr,starter,fallback_used,projected,full,93,98,0.0
447,Karl-Anthony Towns,21716137,pr,starter,fallback_used,projected,full,93,99,0.0
447,Karl-Anthony Towns,21716137,pr,starter,fallback_used,projected,full,93,100,0.0
447,Karl-Anthony Towns,21716137,pr,starter,fallback_used,projected,full,93,101,0.0
447,Karl-Anthony Towns,21716137,pr,starter,fallback_used,projected,full,93,102,0.0
447,Karl-Anthony Towns,21716137,pr,starter,fallback_used,projected,full,93,103,0.0
447,Karl-Anthony Towns,21716137,pr,starter,fallback_used,projected,full,93,104,0.0
447,Karl-Anthony Towns,21716137,pr,starter,fallback_used,projected,full,93,105,0.0
447,Karl-Anthony Towns,21716137,pr,starter,fallback_used,projected,full,93,106,0.0
447,Karl-Anthony Towns,21716137,pr,starter,fallback_used,projected,full,93,107,0.0
447,Karl-Anthony Towns,21716137,pr,starter,fallback_used,projected,full,93,108,0.0
447,Karl-Anthony Towns,21716137,pr,starter,fallback_used,projected,full,93,109,0.0
447,Karl-Anthony Towns,21716137,pr,starter,fallback_used,projected,full,93,110,0.0
447,Karl-Anthony Towns,21716137,ra,starter,fallback_used,projected,full,94,0,0.0
447,Karl-Anthony Towns,21716137,ra,starter,fallback_used,projected,full,94,1,0.0
447,Karl-Anthony Towns,21716137,ra,starter,fallback_used,projected,full,94,2,0.0002
447,Karl-Anthony Towns,21716137,ra,starter,fallback_used,projected,full,94,3,0.0004
447,Karl-Anthony Towns,21716137,ra,starter,fallback_used,projected,full,94,4,0.0008
447,Karl-Anthony Towns,21716137,ra,starter,fallback_used,projected,full,94,5,0.0013
447,Karl-Anthony Towns,21716137,ra,starter,fallback_used,projected,full,94,6,0.0023
447,Karl-Anthony Towns,21716137,ra,starter,fallback_used,projected,full,94,7,0.0042
447,Karl-Anthony Towns,21716137,ra,starter,fallback_used,projected,full,94,8,0.0082
447,Karl-Anthony Towns,21716137,ra,starter,fallback_used,projected,full,94,9,0.0158
447,Karl-Anthony Towns,21716137,ra,starter,fallback_used,projected,full,94,10,0.0281
447,Karl-Anthony Towns,21716137,ra,starter,fallback_used,projected,full,94,11,0.0458
447,Karl-Anthony Towns,21716137,ra,starter,fallback_used,projected,full,94,12,0.0676
447,Karl-Anthony Towns,21716137,ra,starter,fallback_used,projected,full,94,13,0.0936
447,Karl-Anthony Towns,21716137,ra,starter,fallback_used,projected,full,94,14,0.1177
447,Karl-Anthony Towns,21716137,ra,starter,fallback_used,projected,full,94,15,0.1335
447,Karl-Anthony Towns,21716137,ra,starter,fallback_used,projected,full,94,16,0.1309
447,Karl-Anthony Towns,21716137,ra,starter,fallback_used,projected,full,94,17,0.1118
447,Karl-Anthony Towns,21716137,ra,starter,fallback_used,projected,full,94,18,0.0855
447,Karl-Anthony Towns,21716137,ra,starter,fallback_used,projected,full,94,19,0.0607
447,Karl-Anthony Towns,21716137,ra,starter,fallback_used,projected,full,94,20,0.0402
447,Karl-Anthony Towns,21716137,ra,starter,fallback_used,projected,full,94,21,0.0242
447,Karl-Anthony Towns,21716137,ra,starter,fallback_used,projected,full,94,22,0.0133
447,Karl-Anthony Towns,21716137,ra,starter,fallback_used,projected,full,94,23,0.0071
447,Karl-Anthony Towns,21716137,ra,starter,fallback_used,projected,full,94,24,0.0038
447,Karl-Anthony Towns,21716137,ra,starter,fallback_used,projected,full,94,25,0.0019
447,Karl-Anthony Towns,21716137,ra,starter,fallback_used,projected,full,94,26,0.0008
447,Karl-Anthony Towns,21716137,ra,starter,fallback_used,projected,full,94,27,0.0003
447,Karl-Anthony Towns,21716137,ra,starter,fallback_used,projected,full,94,28,0.0001
447,Karl-Anthony Towns,21716137,ra,starter,fallback_used,projected,full,94,29,0.0
447,Karl-Anthony Towns,21716137,ra,starter,fallback_used,projected,full,94,30,0.0
447,Karl-Anthony Towns,21716137,ra,starter,fallback_used,projected,full,94,31,0.0
447,Karl-Anthony Towns,21716137,ra,starter,fallback_used,projected,full,94,32,0.0
447,Karl-Anthony Towns,21716137,ra,starter,fallback_used,projected,full,94,33,0.0
447,Karl-Anthony Towns,21716137,ra,starter,fallback_used,projected,full,94,34,0.0
447,Karl-Anthony Towns,21716137,ra,starter,fallback_used,projected,full,94,35,0.0
447,Karl-Anthony Towns,21716137,ra,starter,fallback_used,projected,full,94,36,0.0
447,Karl-Anthony Towns,21716137,ra,starter,fallback_used,projected,full,94,37,0.0
447,Karl-Anthony Towns,21716137,ra,starter,fallback_used,projected,full,94,38,0.0
447,Karl-Anthony Towns,21716137,ra,starter,fallback_used,projected,full,94,39,0.0
447,Karl-Anthony Towns,21716137,ra,starter,fallback_used,projected,full,94,40,0.0
447,Karl-Anthony Towns,21716137,ra,starter,fallback_used,projected,full,94,41,0.0
447,Karl-Anthony Towns,21716137,ra,starter,fallback_used,projected,full,94,42,0.0
447,Karl-Anthony Towns,21716137,ra,starter,fallback_used,projected,full,94,43,0.0
447,Karl-Anthony Towns,21716137,ra,starter,fallback_used,projected,full,94,44,0.0
447,Karl-Anthony Towns,21716137,pra,starter,fallback_used,projected,full,95,0,0.0
447,Karl-Anthony Towns,21716137,pra,starter,fallback_used,projected,full,95,1,0.0
447,Karl-Anthony Towns,21716137,pra,starter,fallback_used,projected,full,95,2,0.0
447,Karl-Anthony Towns,21716137,pra,starter,fallback_used,projected,full,95,3,0.0
447,Karl-Anthony Towns,21716137,pra,starter,fallback_used,projected,full,95,4,0.0
447,Karl-Anthony Towns,21716137,pra,starter,fallback_used,projected,full,95,5,0.0
447,Karl-Anthony Towns,21716137,pra,starter,fallback_used,projected,full,95,6,0.0
447,Karl-Anthony Towns,21716137,pra,starter,fallback_used,projected,full,95,7,0.0
447,Karl-Anthony Towns,21716137,pra,starter,fallback_used,projected,full,95,8,0.0001
447,Karl-Anthony Towns,21716137,pra,starter,fallback_used,projected,full,95,9,0.0001
447,Karl-Anthony Towns,21716137,pra,starter,fallback_used,projected,full,95,10,0.0002
447,Karl-Anthony Towns,21716137,pra,starter,fallback_used,projected,full,95,11,0.0003
447,Karl-Anthony Towns,21716137,pra,starter,fallback_used,projected,full,95,12,0.0006
447,Karl-Anthony Towns,21716137,pra,starter,fallback_used,projected,full,95,13,0.001
447,Karl-Anthony Towns,21716137,pra,starter,fallback_used,projected,full,95,14,0.0017
447,Karl-Anthony Towns,21716137,pra,starter,fallback_used,projected,full,95,15,0.0026
447,Karl-Anthony Towns,21716137,pra,starter,fallback_used,projected,full,95,16,0.004
447,Karl-Anthony Towns,21716137,pra,starter,fallback_used,projected,full,95,17,0.0058
447,Karl-Anthony Towns,21716137,pra,starter,fallback_used,projected,full,95,18,0.0083
447,Karl-Anthony Towns,21716137,pra,starter,fallback_used,projected,full,95,19,0.0114
447,Karl-Anthony Towns,21716137,pra,starter,fallback_used,projected,full,95,20,0.0152
447,Karl-Anthony Towns,21716137,pra,starter,fallback_used,projected,full,95,21,0.0196
447,Karl-Anthony Towns,21716137,pra,starter,fallback_used,projected,full,95,22,0.0245
447,Karl-Anthony Towns,21716137,pra,starter,fallback_used,projected,full,95,23,0.0297
447,Karl-Anthony Towns,21716137,pra,starter,fallback_used,projected,full,95,24,0.0353
447,Karl-Anthony Towns,21716137,pra,starter,fallback_used,projected,full,95,25,0.0411
447,Karl-Anthony Towns,21716137,pra,starter,fallback_used,projected,full,95,26,0.0469
447,Karl-Anthony Towns,21716137,pra,starter,fallback_used,projected,full,95,27,0.0524
447,Karl-Anthony Towns,21716137,pra,starter,fallback_used,projected,full,95,28,0.0571
447,Karl-Anthony Towns,21716137,pra,starter,fallback_used,projected,full,95,29,0.0608
447,Karl-Anthony Towns,21716137,pra,starter,fallback_used,projected,full,95,30,0.063
447,Karl-Anthony Towns,21716137,pra,starter,fallback_used,projected,full,95,31,0.0634
447,Karl-Anthony Towns,21716137,pra,starter,fallback_used,projected,full,95,32,0.0619
447,Karl-Anthony Towns,21716137,pra,starter,fallback_used,projected,full,95,33,0.0585
447,Karl-Anthony Towns,21716137,pra,starter,fallback_used,projected,full,95,34,0.054
447,Karl-Anthony Towns,21716137,pra,starter,fallback_used,projected,full,95,35,0.0485
447,Karl-Anthony Towns,21716137,pra,starter,fallback_used,projected,full,95,36,0.0425
447,Karl-Anthony Towns,21716137,pra,starter,fallback_used,projected,full,95,37,0.0363
447,Karl-Anthony Towns,21716137,pra,starter,fallback_used,projected,full,95,38,0.0303
447,Karl-Anthony Towns,21716137,pra,starter,fallback_used,projected,full,95,39,0.025
447,Karl-Anthony Towns,21716137,pra,starter,fallback_used,projected,full,95,40,0.0205
447,Karl-Anthony Towns,21716137,pra,starter,fallback_used,projected,full,95,41,0.0167
447,Karl-Anthony Towns,21716137,pra,starter,fallback_used,projected,full,95,42,0.0136
447,Karl-Anthony Towns,21716137,pra,starter,fallback_used,projected,full,95,43,0.0111
447,Karl-Anthony Towns,21716137,pra,starter,fallback_used,projected,full,95,44,0.0088
447,Karl-Anthony Towns,21716137,pra,starter,fallback_used,projected,full,95,45,0.0069
447,Karl-Anthony Towns,21716137,pra,starter,fallback_used,projected,full,95,46,0.0054
447,Karl-Anthony Towns,21716137,pra,starter,fallback_used,projected,full,95,47,0.004
447,Karl-Anthony Towns,21716137,pra,starter,fallback_used,projected,full,95,48,0.003
447,Karl-Anthony Towns,21716137,pra,starter,fallback_used,projected,full,95,49,0.0021
447,Karl-Anthony Towns,21716137,pra,starter,fallback_used,projected,full,95,50,0.0015
447,Karl-Anthony Towns,21716137,pra,starter,fallback_used,projected,full,95,51,0.0011
447,Karl-Anthony Towns,21716137,pra,starter,fallback_used,projected,full,95,52,0.0008
447,Karl-Anthony Towns,21716137,pra,starter,fallback_used,projected,full,95,53,0.0006
447,Karl-Anthony Towns,21716137,pra,starter,fallback_used,projected,full,95,54,0.0004
447,Karl-Anthony Towns,21716137,pra,starter,fallback_used,projected,full,95,55,0.0003
447,Karl-Anthony Towns,21716137,pra,starter,fallback_used,projected,full,95,56,0.0002
447,Karl-Anthony Towns,21716137,pra,starter,fallback_used,projected,full,95,57,0.0002
447,Karl-Anthony Towns,21716137,pra,starter,fallback_used,projected,full,95,58,0.0001
447,Karl-Anthony Towns,21716137,pra,starter,fallback_used,projected,full,95,59,0.0001
447,Karl-Anthony Towns,21716137,pra,starter,fallback_used,projected,full,95,60,0.0001
447,Karl-Anthony Towns,21716137,pra,starter,fallback_used,projected,full,95,61,0.0001
447,Karl-Anthony Towns,21716137,pra,starter,fallback_used,projected,full,95,62,0.0
447,Karl-Anthony Towns,21716137,pra,starter,fallback_used,projected,full,95,63,0.0
447,Karl-Anthony Towns,21716137,pra,starter,fallback_used,projected,full,95,64,0.0
447,Karl-Anthony Towns,21716137,pra,starter,fallback_used,projected,full,95,65,0.0
447,Karl-Anthony Towns,21716137,pra,starter,fallback_used,projected,full,95,66,0.0
447,Karl-Anthony Towns,21716137,pra,starter,fallback_used,projected,full,95,67,0.0
447,Karl-Anthony Towns,21716137,pra,starter,fallback_used,projected,full,95,68,0.0
447,Karl-Anthony Towns,21716137,pra,starter,fallback_used,projected,full,95,69,0.0
447,Karl-Anthony Towns,21716137,pra,starter,fallback_used,projected,full,95,70,0.0
447,Karl-Anthony Towns,21716137,pra,starter,fallback_used,projected,full,95,71,0.0
447,Karl-Anthony Towns,21716137,pra,starter,fallback_used,projected,full,95,72,0.0
447,Karl-Anthony Towns,21716137,pra,starter,fallback_used,projected,full,95,73,0.0
447,Karl-Anthony Towns,21716137,pra,starter,fallback_used,projected,full,95,74,0.0
447,Karl-Anthony Towns,21716137,pra,starter,fallback_used,projected,full,95,75,0.0
447,Karl-Anthony Towns,21716137,pra,starter,fallback_used,projected,full,95,76,0.0
447,Karl-Anthony Towns,21716137,pra,starter,fallback_used,projected,full,95,77,0.0
447,Karl-Anthony Towns,21716137,pra,starter,fallback_used,projected,full,95,78,0.0
447,Karl-Anthony Towns,21716137,pra,starter,fallback_used,projected,full,95,79,0.0
447,Karl-Anthony Towns,21716137,pra,starter,fallback_used,projected,full,95,80,0.0
447,Karl-Anthony Towns,21716137,pra,starter,fallback_used,projected,full,95,81,0.0
447,Karl-Anthony Towns,21716137,pra,starter,fallback_used,projected,full,95,82,0.0
447,Karl-Anthony Towns,21716137,pra,starter,fallback_used,projected,full,95,83,0.0
447,Karl-Anthony Towns,21716137,pra,starter,fallback_used,projected,full,95,84,0.0
447,Karl-Anthony Towns,21716137,pra,starter,fallback_used,projected,full,95,85,0.0
447,Karl-Anthony Towns,21716137,pra,starter,fallback_used,projected,full,95,86,0.0
447,Karl-Anthony Towns,21716137,pra,starter,fallback_used,projected,full,95,87,0.0
447,Karl-Anthony Towns,21716137,pra,starter,fallback_used,projected,full,95,88,0.0
447,Karl-Anthony Towns,21716137,pra,starter,fallback_used,projected,full,95,89,0.0
447,Karl-Anthony Towns,21716137,pra,starter,fallback_used,projected,full,95,90,0.0
447,Karl-Anthony Towns,21716137,pra,starter,fallback_used,projected,full,95,91,0.0
447,Karl-Anthony Towns,21716137,pra,starter,fallback_used,projected,full,95,92,0.0
447,Karl-Anthony Towns,21716137,pra,starter,fallback_used,projected,full,95,93,0.0
447,Karl-Anthony Towns,21716137,pra,starter,fallback_used,projected,full,95,94,0.0
447,Karl-Anthony Towns,21716137,pra,starter,fallback_used,projected,full,95,95,0.0
447,Karl-Anthony Towns,21716137,pra,starter,fallback_used,projected,full,95,96,0.0
447,Karl-Anthony Towns,21716137,pra,starter,fallback_used,projected,full,95,97,0.0
447,Karl-Anthony Towns,21716137,pra,starter,fallback_used,projected,full,95,98,0.0
447,Karl-Anthony Towns,21716137,pra,starter,fallback_used,projected,full,95,99,0.0
447,Karl-Anthony Towns,21716137,pra,starter,fallback_used,projected,full,95,100,0.0
447,Karl-Anthony Towns,21716137,pra,starter,fallback_used,projected,full,95,101,0.0
447,Karl-Anthony Towns,21716137,pra,starter,fallback_used,projected,full,95,102,0.0
447,Karl-Anthony Towns,21716137,pra,starter,fallback_used,projected,full,95,103,0.0
447,Karl-Anthony Towns,21716137,pra,starter,fallback_used,projected,full,95,104,0.0
447,Karl-Anthony Towns,21716137,pra,starter,fallback_used,projected,full,95,105,0.0
447,Karl-Anthony Towns,21716137,pra,starter,fallback_used,projected,full,95,106,0.0
447,Karl-Anthony Towns,21716137,pra,starter,fallback_used,projected,full,95,107,0.0
447,Karl-Anthony Towns,21716137,pra,starter,fallback_used,projected,full,95,108,0.0
447,Karl-Anthony Towns,21716137,pra,starter,fallback_used,projected,full,95,109,0.0
447,Karl-Anthony Towns,21716137,pra,starter,fallback_used,projected,full,95,110,0.0
447,Karl-Anthony Towns,21716137,pra,starter,fallback_used,projected,full,95,111,0.0
447,Karl-Anthony Towns,21716137,pra,starter,fallback_used,projected,full,95,112,0.0
447,Karl-Anthony Towns,21716137,pra,starter,fallback_used,projected,full,95,113,0.0
447,Karl-Anthony Towns,21716137,pra,starter,fallback_used,projected,full,95,114,0.0
447,Karl-Anthony Towns,21716137,pra,starter,fallback_used,projected,full,95,115,0.0
447,Karl-Anthony Towns,21716137,pra,starter,fallback_used,projected,full,95,116,0.0
447,Karl-Anthony Towns,21716137,pra,starter,fallback_used,projected,full,95,117,0.0
447,Karl-Anthony Towns,21716137,pra,starter,fallback_used,projected,full,95,118,0.0
447,Karl-Anthony Towns,21716137,pra,starter,fallback_used,projected,full,95,119,0.0
666682,Keldon Johnson,21716137,pts,bench,fallback_used,projected,full,96,0,0.0635
666682,Keldon Johnson,21716137,pts,bench,fallback_used,projected,full,96,1,0.1393
666682,Keldon Johnson,21716137,pts,bench,fallback_used,projected,full,96,2,0.0188
666682,Keldon Johnson,21716137,pts,bench,fallback_used,projected,full,96,3,0.0302
666682,Keldon Johnson,21716137,pts,bench,fallback_used,projected,full,96,4,0.0708
666682,Keldon Johnson,21716137,pts,bench,fallback_used,projected,full,96,5,0.0665
666682,Keldon Johnson,21716137,pts,bench,fallback_used,projected,full,96,6,0.0754
666682,Keldon Johnson,21716137,pts,bench,fallback_used,projected,full,96,7,0.0881
666682,Keldon Johnson,21716137,pts,bench,fallback_used,projected,full,96,8,0.0719
666682,Keldon Johnson,21716137,pts,bench,fallback_used,projected,full,96,9,0.0557
666682,Keldon Johnson,21716137,pts,bench,fallback_used,projected,full,96,10,0.062
666682,Keldon Johnson,21716137,pts,bench,fallback_used,projected,full,96,11,0.0443
666682,Keldon Johnson,21716137,pts,bench,fallback_used,projected,full,96,12,0.0445
666682,Keldon Johnson,21716137,pts,bench,fallback_used,projected,full,96,13,0.0445
666682,Keldon Johnson,21716137,pts,bench,fallback_used,projected,full,96,14,0.0369
666682,Keldon Johnson,21716137,pts,bench,fallback_used,projected,full,96,15,0.012
666682,Keldon Johnson,21716137,pts,bench,fallback_used,projected,full,96,16,0.0164
666682,Keldon Johnson,21716137,pts,bench,fallback_used,projected,full,96,17,0.0211
666682,Keldon Johnson,21716137,pts,bench,fallback_used,projected,full,96,18,0.0077
666682,Keldon Johnson,21716137,pts,bench,fallback_used,projected,full,96,19,0.0051
666682,Keldon Johnson,21716137,pts,bench,fallback_used,projected,full,96,20,0.0044
666682,Keldon Johnson,21716137,pts,bench,fallback_used,projected,full,96,21,0.0038
666682,Keldon Johnson,21716137,pts,bench,fallback_used,projected,full,96,22,0.0049
666682,Keldon Johnson,21716137,pts,bench,fallback_used,projected,full,96,23,0.0047
666682,Keldon Johnson,21716137,pts,bench,fallback_used,projected,full,96,24,0.0026
666682,Keldon Johnson,21716137,pts,bench,fallback_used,projected,full,96,25,0.0012
666682,Keldon Johnson,21716137,pts,bench,fallback_used,projected,full,96,26,0.0003
666682,Keldon Johnson,21716137,pts,bench,fallback_used,projected,full,96,27,0.0002
666682,Keldon Johnson,21716137,pts,bench,fallback_used,projected,full,96,28,0.0006
666682,Keldon Johnson,21716137,pts,bench,fallback_used,projected,full,96,29,0.0003
666682,Keldon Johnson,21716137,pts,bench,fallback_used,projected,full,96,30,0.0006
666682,Keldon Johnson,21716137,pts,bench,fallback_used,projected,full,96,31,0.0001
666682,Keldon Johnson,21716137,pts,bench,fallback_used,projected,full,96,32,0.0001
666682,Keldon Johnson,21716137,pts,bench,fallback_used,projected,full,96,33,0.0001
666682,Keldon Johnson,21716137,pts,bench,fallback_used,projected,full,96,34,0.0005
666682,Keldon Johnson,21716137,pts,bench,fallback_used,projected,full,96,35,0.0001
666682,Keldon Johnson,21716137,pts,bench,fallback_used,projected,full,96,36,0.0001
666682,Keldon Johnson,21716137,pts,bench,fallback_used,projected,full,96,37,0.0
666682,Keldon Johnson,21716137,pts,bench,fallback_used,projected,full,96,38,0.0001
666682,Keldon Johnson,21716137,pts,bench,fallback_used,projected,full,96,39,0.0
666682,Keldon Johnson,21716137,pts,bench,fallback_used,projected,full,96,40,0.0
666682,Keldon Johnson,21716137,pts,bench,fallback_used,projected,full,96,41,0.0
666682,Keldon Johnson,21716137,pts,bench,fallback_used,projected,full,96,42,0.0
666682,Keldon Johnson,21716137,pts,bench,fallback_used,projected,full,96,43,0.0
666682,Keldon Johnson,21716137,pts,bench,fallback_used,projected,full,96,45,0.0
666682,Keldon Johnson,21716137,pts,bench,fallback_used,projected,full,96,46,0.0
666682,Keldon Johnson,21716137,pts,bench,fallback_used,projected,full,96,49,0.0004
666682,Keldon Johnson,21716137,reb,bench,fallback_used,projected,full,97,0,0.1358
666682,Keldon Johnson,21716137,reb,bench,fallback_used,projected,full,97,1,0.1462
666682,Keldon Johnson,21716137,reb,bench,fallback_used,projected,full,97,2,0.2548
666682,Keldon Johnson,21716137,reb,bench,fallback_used,projected,full,97,3,0.1992
666682,Keldon Johnson,21716137,reb,bench,fallback_used,projected,full,97,4,0.1376
666682,Keldon Johnson,21716137,reb,bench,fallback_used,projected,full,97,5,0.0727
666682,Keldon Johnson,21716137,reb,bench,fallback_used,projected,full,97,6,0.0298
666682,Keldon Johnson,21716137,reb,bench,fallback_used,projected,full,97,7,0.0171
666682,Keldon Johnson,21716137,reb,bench,fallback_used,projected,full,97,8,0.0053
666682,Keldon Johnson,21716137,reb,bench,fallback_used,projected,full,97,9,0.0008
666682,Keldon Johnson,21716137,reb,bench,fallback_used,projected,full,97,10,0.0006
666682,Keldon Johnson,21716137,reb,bench,fallback_used,projected,full,97,11,0.0001
666682,Keldon Johnson,21716137,reb,bench,fallback_used,projected,full,97,12,0.0
666682,Keldon Johnson,21716137,reb,bench,fallback_used,projected,full,97,13,0.0
666682,Keldon Johnson,21716137,reb,bench,fallback_used,projected,full,97,14,0.0
666682,Keldon Johnson,21716137,reb,bench,fallback_used,projected,full,97,15,0.0
666682,Keldon Johnson,21716137,reb,bench,fallback_used,projected,full,97,16,0.0
666682,Keldon Johnson,21716137,reb,bench,fallback_used,projected,full,97,17,0.0
666682,Keldon Johnson,21716137,reb,bench,fallback_used,projected,full,97,18,0.0
666682,Keldon Johnson,21716137,reb,bench,fallback_used,projected,full,97,19,0.0
666682,Keldon Johnson,21716137,reb,bench,fallback_used,projected,full,97,21,0.0
666682,Keldon Johnson,21716137,reb,bench,fallback_used,projected,full,97,22,0.0
666682,Keldon Johnson,21716137,ast,bench,fallback_used,projected,full,98,0,0.4423
666682,Keldon Johnson,21716137,ast,bench,fallback_used,projected,full,98,1,0.4002
666682,Keldon Johnson,21716137,ast,bench,fallback_used,projected,full,98,2,0.132
666682,Keldon Johnson,21716137,ast,bench,fallback_used,projected,full,98,3,0.0229
666682,Keldon Johnson,21716137,ast,bench,fallback_used,projected,full,98,4,0.0022
666682,Keldon Johnson,21716137,ast,bench,fallback_used,projected,full,98,5,0.0002
666682,Keldon Johnson,21716137,ast,bench,fallback_used,projected,full,98,6,0.0
666682,Keldon Johnson,21716137,ast,bench,fallback_used,projected,full,98,7,0.0
666682,Keldon Johnson,21716137,ast,bench,fallback_used,projected,full,98,8,0.0
666682,Keldon Johnson,21716137,ast,bench,fallback_used,projected,full,98,9,0.0
666682,Keldon Johnson,21716137,ast,bench,fallback_used,projected,full,98,10,0.0
666682,Keldon Johnson,21716137,ast,bench,fallback_used,projected,full,98,11,0.0
666682,Keldon Johnson,21716137,ast,bench,fallback_used,projected,full,98,12,0.0
666682,Keldon Johnson,21716137,ast,bench,fallback_used,projected,full,98,13,0.0
666682,Keldon Johnson,21716137,fg3m,bench,fallback_used,projected,full,99,0,0.7073
666682,Keldon Johnson,21716137,fg3m,bench,fallback_used,projected,full,99,1,0.1035
666682,Keldon Johnson,21716137,fg3m,bench,fallback_used,projected,full,99,2,0.0219
666682,Keldon Johnson,21716137,fg3m,bench,fallback_used,projected,full,99,3,0.0214
666682,Keldon Johnson,21716137,fg3m,bench,fallback_used,projected,full,99,4,0.1459
666682,Keldon Johnson,21716137,tov,bench,fallback_used,projected,full,100,0,0.6095
666682,Keldon Johnson,21716137,tov,bench,fallback_used,projected,full,100,1,0.1575
666682,Keldon Johnson,21716137,tov,bench,fallback_used,projected,full,100,2,0.2227
666682,Keldon Johnson,21716137,tov,bench,fallback_used,projected,full,100,3,0.0102
666682,Keldon Johnson,21716137,tov,bench,fallback_used,projected,full,100,4,0.0001
666682,Keldon Johnson,21716137,tov,bench,fallback_used,projected,full,100,5,0.0
666682,Keldon Johnson,21716137,tov,bench,fallback_used,projected,full,100,6,0.0
666682,Keldon Johnson,21716137,tov,bench,fallback_used,projected,full,100,7,0.0
666682,Keldon Johnson,21716137,stl,bench,fallback_used,projected,full,101,0,0.6326
666682,Keldon Johnson,21716137,stl,bench,fallback_used,projected,full,101,1,0.2498
666682,Keldon Johnson,21716137,stl,bench,fallback_used,projected,full,101,2,0.1086
666682,Keldon Johnson,21716137,stl,bench,fallback_used,projected,full,101,3,0.0046
666682,Keldon Johnson,21716137,stl,bench,fallback_used,projected,full,101,10,0.0044
666682,Keldon Johnson,21716137,blk,bench,fallback_used,projected,full,102,0,0.7918
666682,Keldon Johnson,21716137,blk,bench,fallback_used,projected,full,102,1,0.2014
666682,Keldon Johnson,21716137,blk,bench,fallback_used,projected,full,102,2,0.0045
666682,Keldon Johnson,21716137,blk,bench,fallback_used,projected,full,102,3,0.0024
666682,Keldon Johnson,21716137,stocks,bench,fallback_used,projected,full,103,0,0.5009
666682,Keldon Johnson,21716137,stocks,bench,fallback_used,projected,full,103,1,0.3252
666682,Keldon Johnson,21716137,stocks,bench,fallback_used,projected,full,103,2,0.1334
666682,Keldon Johnson,21716137,stocks,bench,fallback_used,projected,full,103,3,0.0368
666682,Keldon Johnson,21716137,stocks,bench,fallback_used,projected,full,103,4,0.003
666682,Keldon Johnson,21716137,stocks,bench,fallback_used,projected,full,103,5,0.0006
666682,Keldon Johnson,21716137,stocks,bench,fallback_used,projected,full,103,6,0.0
666682,Keldon Johnson,21716137,stocks,bench,fallback_used,projected,full,103,10,0.0
666682,Keldon Johnson,21716137,stocks,bench,fallback_used,projected,full,103,11,0.0
666682,Keldon Johnson,21716137,stocks,bench,fallback_used,projected,full,103,12,0.0
666682,Keldon Johnson,21716137,stocks,bench,fallback_used,projected,full,103,13,0.0
666682,Keldon Johnson,21716137,pa,bench,fallback_used,projected,full,104,0,0.0281
666682,Keldon Johnson,21716137,pa,bench,fallback_used,projected,full,104,1,0.087
666682,Keldon Johnson,21716137,pa,bench,fallback_used,projected,full,104,2,0.0724
666682,Keldon Johnson,21716137,pa,bench,fallback_used,projected,full,104,3,0.0407
666682,Keldon Johnson,21716137,pa,bench,fallback_used,projected,full,104,4,0.0492
666682,Keldon Johnson,21716137,pa,bench,fallback_used,projected,full,104,5,0.0625
666682,Keldon Johnson,21716137,pa,bench,fallback_used,projected,full,104,6,0.0701
666682,Keldon Johnson,21716137,pa,bench,fallback_used,projected,full,104,7,0.0796
666682,Keldon Johnson,21716137,pa,bench,fallback_used,projected,full,104,8,0.0787
666682,Keldon Johnson,21716137,pa,bench,fallback_used,projected,full,104,9,0.0669
666682,Keldon Johnson,21716137,pa,bench,fallback_used,projected,full,104,10,0.0614
666682,Keldon Johnson,21716137,pa,bench,fallback_used,projected,full,104,11,0.0536
666682,Keldon Johnson,21716137,pa,bench,fallback_used,projected,full,104,12,0.0471
666682,Keldon Johnson,21716137,pa,bench,fallback_used,projected,full,104,13,0.0449
666682,Keldon Johnson,21716137,pa,bench,fallback_used,projected,full,104,14,0.0412
666682,Keldon Johnson,21716137,pa,bench,fallback_used,projected,full,104,15,0.0271
666682,Keldon Johnson,21716137,pa,bench,fallback_used,projected,full,104,16,0.0181
666682,Keldon Johnson,21716137,pa,bench,fallback_used,projected,full,104,17,0.0185
666682,Keldon Johnson,21716137,pa,bench,fallback_used,projected,full,104,18,0.0144
666682,Keldon Johnson,21716137,pa,bench,fallback_used,projected,full,104,19,0.0085
666682,Keldon Johnson,21716137,pa,bench,fallback_used,projected,full,104,20,0.0055
666682,Keldon Johnson,21716137,pa,bench,fallback_used,projected,full,104,21,0.0043
666682,Keldon Johnson,21716137,pa,bench,fallback_used,projected,full,104,22,0.0044
666682,Keldon Johnson,21716137,pa,bench,fallback_used,projected,full,104,23,0.0047
666682,Keldon Johnson,21716137,pa,bench,fallback_used,projected,full,104,24,0.0038
666682,Keldon Johnson,21716137,pa,bench,fallback_used,projected,full,104,25,0.0023
666682,Keldon Johnson,21716137,pa,bench,fallback_used,projected,full,104,26,0.0011
666682,Keldon Johnson,21716137,pa,bench,fallback_used,projected,full,104,27,0.0004
666682,Keldon Johnson,21716137,pa,bench,fallback_used,projected,full,104,28,0.0004
666682,Keldon Johnson,21716137,pa,bench,fallback_used,projected,full,104,29,0.0004
666682,Keldon Johnson,21716137,pa,bench,fallback_used,projected,full,104,30,0.0005
666682,Keldon Johnson,21716137,pa,bench,fallback_used,projected,full,104,31,0.0003
666682,Keldon Johnson,21716137,pa,bench,fallback_used,projected,full,104,32,0.0002
666682,Keldon Johnson,21716137,pa,bench,fallback_used,projected,full,104,33,0.0001
666682,Keldon Johnson,21716137,pa,bench,fallback_used,projected,full,104,34,0.0003
666682,Keldon Johnson,21716137,pa,bench,fallback_used,projected,full,104,35,0.0002
666682,Keldon Johnson,21716137,pa,bench,fallback_used,projected,full,104,36,0.0001
666682,Keldon Johnson,21716137,pa,bench,fallback_used,projected,full,104,37,0.0001
666682,Keldon Johnson,21716137,pa,bench,fallback_used,projected,full,104,38,0.0001
666682,Keldon Johnson,21716137,pa,bench,fallback_used,projected,full,104,39,0.0001
666682,Keldon Johnson,21716137,pa,bench,fallback_used,projected,full,104,40,0.0
666682,Keldon Johnson,21716137,pa,bench,fallback_used,projected,full,104,41,0.0
666682,Keldon Johnson,21716137,pa,bench,fallback_used,projected,full,104,42,0.0
666682,Keldon Johnson,21716137,pa,bench,fallback_used,projected,full,104,43,0.0
666682,Keldon Johnson,21716137,pa,bench,fallback_used,projected,full,104,44,0.0
666682,Keldon Johnson,21716137,pa,bench,fallback_used,projected,full,104,45,0.0
666682,Keldon Johnson,21716137,pa,bench,fallback_used,projected,full,104,46,0.0
666682,Keldon Johnson,21716137,pa,bench,fallback_used,projected,full,104,47,0.0
666682,Keldon Johnson,21716137,pa,bench,fallback_used,projected,full,104,48,0.0
666682,Keldon Johnson,21716137,pa,bench,fallback_used,projected,full,104,49,0.0002
666682,Keldon Johnson,21716137,pa,bench,fallback_used,projected,full,104,50,0.0002
666682,Keldon Johnson,21716137,pa,bench,fallback_used,projected,full,104,51,0.0001
666682,Keldon Johnson,21716137,pa,bench,fallback_used,projected,full,104,52,0.0
666682,Keldon Johnson,21716137,pa,bench,fallback_used,projected,full,104,53,0.0
666682,Keldon Johnson,21716137,pa,bench,fallback_used,projected,full,104,54,0.0
666682,Keldon Johnson,21716137,pa,bench,fallback_used,projected,full,104,55,0.0
666682,Keldon Johnson,21716137,pa,bench,fallback_used,projected,full,104,56,0.0
666682,Keldon Johnson,21716137,pa,bench,fallback_used,projected,full,104,57,0.0
666682,Keldon Johnson,21716137,pa,bench,fallback_used,projected,full,104,58,0.0
666682,Keldon Johnson,21716137,pa,bench,fallback_used,projected,full,104,59,0.0
666682,Keldon Johnson,21716137,pa,bench,fallback_used,projected,full,104,60,0.0
666682,Keldon Johnson,21716137,pr,bench,fallback_used,projected,full,105,0,0.0086
666682,Keldon Johnson,21716137,pr,bench,fallback_used,projected,full,105,1,0.0282
666682,Keldon Johnson,21716137,pr,bench,fallback_used,projected,full,105,2,0.0391
666682,Keldon Johnson,21716137,pr,bench,fallback_used,projected,full,105,3,0.055
666682,Keldon Johnson,21716137,pr,bench,fallback_used,projected,full,105,4,0.0553
666682,Keldon Johnson,21716137,pr,bench,fallback_used,projected,full,105,5,0.0546
666682,Keldon Johnson,21716137,pr,bench,fallback_used,projected,full,105,6,0.0586
666682,Keldon Johnson,21716137,pr,bench,fallback_used,projected,full,105,7,0.0648
666682,Keldon Johnson,21716137,pr,bench,fallback_used,projected,full,105,8,0.0703
666682,Keldon Johnson,21716137,pr,bench,fallback_used,projected,full,105,9,0.0719
666682,Keldon Johnson,21716137,pr,bench,fallback_used,projected,full,105,10,0.0705
666682,Keldon Johnson,21716137,pr,bench,fallback_used,projected,full,105,11,0.0647
666682,Keldon Johnson,21716137,pr,bench,fallback_used,projected,full,105,12,0.0595
666682,Keldon Johnson,21716137,pr,bench,fallback_used,projected,full,105,13,0.0534
666682,Keldon Johnson,21716137,pr,bench,fallback_used,projected,full,105,14,0.0484
666682,Keldon Johnson,21716137,pr,bench,fallback_used,projected,full,105,15,0.0413
666682,Keldon Johnson,21716137,pr,bench,fallback_used,projected,full,105,16,0.0349
666682,Keldon Johnson,21716137,pr,bench,fallback_used,projected,full,105,17,0.0278
666682,Keldon Johnson,21716137,pr,bench,fallback_used,projected,full,105,18,0.0215
666682,Keldon Johnson,21716137,pr,bench,fallback_used,projected,full,105,19,0.0172
666682,Keldon Johnson,21716137,pr,bench,fallback_used,projected,full,105,20,0.0128
666682,Keldon Johnson,21716137,pr,bench,fallback_used,projected,full,105,21,0.0094
666682,Keldon Johnson,21716137,pr,bench,fallback_used,projected,full,105,22,0.0069
666682,Keldon Johnson,21716137,pr,bench,fallback_used,projected,full,105,23,0.0055
666682,Keldon Johnson,21716137,pr,bench,fallback_used,projected,full,105,24,0.0047
666682,Keldon Johnson,21716137,pr,bench,fallback_used,projected,full,105,25,0.004
666682,Keldon Johnson,21716137,pr,bench,fallback_used,projected,full,105,26,0.0031
666682,Keldon Johnson,21716137,pr,bench,fallback_used,projected,full,105,27,0.0021
666682,Keldon Johnson,21716137,pr,bench,fallback_used,projected,full,105,28,0.0014
666682,Keldon Johnson,21716137,pr,bench,fallback_used,projected,full,105,29,0.0008
666682,Keldon Johnson,21716137,pr,bench,fallback_used,projected,full,105,30,0.0006
666682,Keldon Johnson,21716137,pr,bench,fallback_used,projected,full,105,31,0.0005
666682,Keldon Johnson,21716137,pr,bench,fallback_used,projected,full,105,32,0.0004
666682,Keldon Johnson,21716137,pr,bench,fallback_used,projected,full,105,33,0.0003
666682,Keldon Johnson,21716137,pr,bench,fallback_used,projected,full,105,34,0.0003
666682,Keldon Johnson,21716137,pr,bench,fallback_used,projected,full,105,35,0.0002
666682,Keldon Johnson,21716137,pr,bench,fallback_used,projected,full,105,36,0.0002
666682,Keldon Johnson,21716137,pr,bench,fallback_used,projected,full,105,37,0.0002
666682,Keldon Johnson,21716137,pr,bench,fallback_used,projected,full,105,38,0.0001
666682,Keldon Johnson,21716137,pr,bench,fallback_used,projected,full,105,39,0.0001
666682,Keldon Johnson,21716137,pr,bench,fallback_used,projected,full,105,40,0.0001
666682,Keldon Johnson,21716137,pr,bench,fallback_used,projected,full,105,41,0.0001
666682,Keldon Johnson,21716137,pr,bench,fallback_used,projected,full,105,42,0.0
666682,Keldon Johnson,21716137,pr,bench,fallback_used,projected,full,105,43,0.0
666682,Keldon Johnson,21716137,pr,bench,fallback_used,projected,full,105,44,0.0
666682,Keldon Johnson,21716137,pr,bench,fallback_used,projected,full,105,45,0.0
666682,Keldon Johnson,21716137,pr,bench,fallback_used,projected,full,105,46,0.0
666682,Keldon Johnson,21716137,pr,bench,fallback_used,projected,full,105,47,0.0
666682,Keldon Johnson,21716137,pr,bench,fallback_used,projected,full,105,48,0.0
666682,Keldon Johnson,21716137,pr,bench,fallback_used,projected,full,105,49,0.0001
666682,Keldon Johnson,21716137,pr,bench,fallback_used,projected,full,105,50,0.0001
666682,Keldon Johnson,21716137,pr,bench,fallback_used,projected,full,105,51,0.0001
666682,Keldon Johnson,21716137,pr,bench,fallback_used,projected,full,105,52,0.0001
666682,Keldon Johnson,21716137,pr,bench,fallback_used,projected,full,105,53,0.0001
666682,Keldon Johnson,21716137,pr,bench,fallback_used,projected,full,105,54,0.0
666682,Keldon Johnson,21716137,pr,bench,fallback_used,projected,full,105,55,0.0
666682,Keldon Johnson,21716137,pr,bench,fallback_used,projected,full,105,56,0.0
666682,Keldon Johnson,21716137,pr,bench,fallback_used,projected,full,105,57,0.0
666682,Keldon Johnson,21716137,pr,bench,fallback_used,projected,full,105,58,0.0
666682,Keldon Johnson,21716137,pr,bench,fallback_used,projected,full,105,59,0.0
666682,Keldon Johnson,21716137,pr,bench,fallback_used,projected,full,105,60,0.0
666682,Keldon Johnson,21716137,pr,bench,fallback_used,projected,full,105,61,0.0
666682,Keldon Johnson,21716137,pr,bench,fallback_used,projected,full,105,62,0.0
666682,Keldon Johnson,21716137,pr,bench,fallback_used,projected,full,105,63,0.0
666682,Keldon Johnson,21716137,pr,bench,fallback_used,projected,full,105,64,0.0
666682,Keldon Johnson,21716137,pr,bench,fallback_used,projected,full,105,65,0.0
666682,Keldon Johnson,21716137,pr,bench,fallback_used,projected,full,105,66,0.0
666682,Keldon Johnson,21716137,pr,bench,fallback_used,projected,full,105,67,0.0
666682,Keldon Johnson,21716137,pr,bench,fallback_used,projected,full,105,68,0.0
666682,Keldon Johnson,21716137,pr,bench,fallback_used,projected,full,105,70,0.0
666682,Keldon Johnson,21716137,pr,bench,fallback_used,projected,full,105,71,0.0
666682,Keldon Johnson,21716137,ra,bench,fallback_used,projected,full,106,0,0.0601
666682,Keldon Johnson,21716137,ra,bench,fallback_used,projected,full,106,1,0.119
666682,Keldon Johnson,21716137,ra,bench,fallback_used,projected,full,106,2,0.1891
666682,Keldon Johnson,21716137,ra,bench,fallback_used,projected,full,106,3,0.2125
666682,Keldon Johnson,21716137,ra,bench,fallback_used,projected,full,106,4,0.1779
666682,Keldon Johnson,21716137,ra,bench,fallback_used,projected,full,106,5,0.1197
666682,Keldon Johnson,21716137,ra,bench,fallback_used,projected,full,106,6,0.0656
666682,Keldon Johnson,21716137,ra,bench,fallback_used,projected,full,106,7,0.0328
666682,Keldon Johnson,21716137,ra,bench,fallback_used,projected,full,106,8,0.0152
666682,Keldon Johnson,21716137,ra,bench,fallback_used,projected,full,106,9,0.0056
666682,Keldon Johnson,21716137,ra,bench,fallback_used,projected,full,106,10,0.0017
666682,Keldon Johnson,21716137,ra,bench,fallback_used,projected,full,106,11,0.0005
666682,Keldon Johnson,21716137,ra,bench,fallback_used,projected,full,106,12,0.0002
666682,Keldon Johnson,21716137,ra,bench,fallback_used,projected,full,106,13,0.0
666682,Keldon Johnson,21716137,ra,bench,fallback_used,projected,full,106,14,0.0
666682,Keldon Johnson,21716137,ra,bench,fallback_used,projected,full,106,15,0.0
666682,Keldon Johnson,21716137,ra,bench,fallback_used,projected,full,106,16,0.0
666682,Keldon Johnson,21716137,ra,bench,fallback_used,projected,full,106,17,0.0
666682,Keldon Johnson,21716137,ra,bench,fallback_used,projected,full,106,18,0.0
666682,Keldon Johnson,21716137,ra,bench,fallback_used,projected,full,106,19,0.0
666682,Keldon Johnson,21716137,ra,bench,fallback_used,projected,full,106,20,0.0
666682,Keldon Johnson,21716137,ra,bench,fallback_used,projected,full,106,21,0.0
666682,Keldon Johnson,21716137,ra,bench,fallback_used,projected,full,106,22,0.0
666682,Keldon Johnson,21716137,ra,bench,fallback_used,projected,full,106,23,0.0
666682,Keldon Johnson,21716137,ra,bench,fallback_used,projected,full,106,24,0.0
666682,Keldon Johnson,21716137,ra,bench,fallback_used,projected,full,106,25,0.0
666682,Keldon Johnson,21716137,ra,bench,fallback_used,projected,full,106,26,0.0
666682,Keldon Johnson,21716137,ra,bench,fallback_used,projected,full,106,27,0.0
666682,Keldon Johnson,21716137,ra,bench,fallback_used,projected,full,106,28,0.0
666682,Keldon Johnson,21716137,pra,bench,fallback_used,projected,full,107,0,0.0038
666682,Keldon Johnson,21716137,pra,bench,fallback_used,projected,full,107,1,0.0159
666682,Keldon Johnson,21716137,pra,bench,fallback_used,projected,full,107,2,0.0297
666682,Keldon Johnson,21716137,pra,bench,fallback_used,projected,full,107,3,0.0439
666682,Keldon Johnson,21716137,pra,bench,fallback_used,projected,full,107,4,0.0523
666682,Keldon Johnson,21716137,pra,bench,fallback_used,projected,full,107,5,0.0545
666682,Keldon Johnson,21716137,pra,bench,fallback_used,projected,full,107,6,0.0565
666682,Keldon Johnson,21716137,pra,bench,fallback_used,projected,full,107,7,0.0608
666682,Keldon Johnson,21716137,pra,bench,fallback_used,projected,full,107,8,0.0662
666682,Keldon Johnson,21716137,pra,bench,fallback_used,projected,full,107,9,0.07
666682,Keldon Johnson,21716137,pra,bench,fallback_used,projected,full,107,10,0.0709
666682,Keldon Johnson,21716137,pra,bench,fallback_used,projected,full,107,11,0.0681
666682,Keldon Johnson,21716137,pra,bench,fallback_used,projected,full,107,12,0.0633
666682,Keldon Johnson,21716137,pra,bench,fallback_used,projected,full,107,13,0.0578
666682,Keldon Johnson,21716137,pra,bench,fallback_used,projected,full,107,14,0.0523
666682,Keldon Johnson,21716137,pra,bench,fallback_used,projected,full,107,15,0.0462
666682,Keldon Johnson,21716137,pra,bench,fallback_used,projected,full,107,16,0.0397
666682,Keldon Johnson,21716137,pra,bench,fallback_used,projected,full,107,17,0.033
666682,Keldon Johnson,21716137,pra,bench,fallback_used,projected,full,107,18,0.0263
666682,Keldon Johnson,21716137,pra,bench,fallback_used,projected,full,107,19,0.0208
666682,Keldon Johnson,21716137,pra,bench,fallback_used,projected,full,107,20,0.0161
666682,Keldon Johnson,21716137,pra,bench,fallback_used,projected,full,107,21,0.0121
666682,Keldon Johnson,21716137,pra,bench,fallback_used,projected,full,107,22,0.0089
666682,Keldon Johnson,21716137,pra,bench,fallback_used,projected,full,107,23,0.0068
666682,Keldon Johnson,21716137,pra,bench,fallback_used,projected,full,107,24,0.0054
666682,Keldon Johnson,21716137,pra,bench,fallback_used,projected,full,107,25,0.0046
666682,Keldon Johnson,21716137,pra,bench,fallback_used,projected,full,107,26,0.0037
666682,Keldon Johnson,21716137,pra,bench,fallback_used,projected,full,107,27,0.0028
666682,Keldon Johnson,21716137,pra,bench,fallback_used,projected,full,107,28,0.002
666682,Keldon Johnson,21716137,pra,bench,fallback_used,projected,full,107,29,0.0013
666682,Keldon Johnson,21716137,pra,bench,fallback_used,projected,full,107,30,0.0009
666682,Keldon Johnson,21716137,pra,bench,fallback_used,projected,full,107,31,0.0006
666682,Keldon Johnson,21716137,pra,bench,fallback_used,projected,full,107,32,0.0005
666682,Keldon Johnson,21716137,pra,bench,fallback_used,projected,full,107,33,0.0004
666682,Keldon Johnson,21716137,pra,bench,fallback_used,projected,full,107,34,0.0003
666682,Keldon Johnson,21716137,pra,bench,fallback_used,projected,full,107,35,0.0002
666682,Keldon Johnson,21716137,pra,bench,fallback_used,projected,full,107,36,0.0002
666682,Keldon Johnson,21716137,pra,bench,fallback_used,projected,full,107,37,0.0002
666682,Keldon Johnson,21716137,pra,bench,fallback_used,projected,full,107,38,0.0002
666682,Keldon Johnson,21716137,pra,bench,fallback_used,projected,full,107,39,0.0001
666682,Keldon Johnson,21716137,pra,bench,fallback_used,projected,full,107,40,0.0001
666682,Keldon Johnson,21716137,pra,bench,fallback_used,projected,full,107,41,0.0001
666682,Keldon Johnson,21716137,pra,bench,fallback_used,projected,full,107,42,0.0
666682,Keldon Johnson,21716137,pra,bench,fallback_used,projected,full,107,43,0.0
666682,Keldon Johnson,21716137,pra,bench,fallback_used,projected,full,107,44,0.0
666682,Keldon Johnson,21716137,pra,bench,fallback_used,projected,full,107,45,0.0
666682,Keldon Johnson,21716137,pra,bench,fallback_used,projected,full,107,46,0.0
666682,Keldon Johnson,21716137,pra,bench,fallback_used,projected,full,107,47,0.0
666682,Keldon Johnson,21716137,pra,bench,fallback_used,projected,full,107,48,0.0
666682,Keldon Johnson,21716137,pra,bench,fallback_used,projected,full,107,49,0.0
666682,Keldon Johnson,21716137,pra,bench,fallback_used,projected,full,107,50,0.0001
666682,Keldon Johnson,21716137,pra,bench,fallback_used,projected,full,107,51,0.0001
666682,Keldon Johnson,21716137,pra,bench,fallback_used,projected,full,107,52,0.0001
666682,Keldon Johnson,21716137,pra,bench,fallback_used,projected,full,107,53,0.0001
666682,Keldon Johnson,21716137,pra,bench,fallback_used,projected,full,107,54,0.0
666682,Keldon Johnson,21716137,pra,bench,fallback_used,projected,full,107,55,0.0
666682,Keldon Johnson,21716137,pra,bench,fallback_used,projected,full,107,56,0.0
666682,Keldon Johnson,21716137,pra,bench,fallback_used,projected,full,107,57,0.0
666682,Keldon Johnson,21716137,pra,bench,fallback_used,projected,full,107,58,0.0
666682,Keldon Johnson,21716137,pra,bench,fallback_used,projected,full,107,59,0.0
666682,Keldon Johnson,21716137,pra,bench,fallback_used,projected,full,107,60,0.0
666682,Keldon Johnson,21716137,pra,bench,fallback_used,projected,full,107,61,0.0
666682,Keldon Johnson,21716137,pra,bench,fallback_used,projected,full,107,62,0.0
666682,Keldon Johnson,21716137,pra,bench,fallback_used,projected,full,107,63,0.0
666682,Keldon Johnson,21716137,pra,bench,fallback_used,projected,full,107,64,0.0
666682,Keldon Johnson,21716137,pra,bench,fallback_used,projected,full,107,65,0.0
666682,Keldon Johnson,21716137,pra,bench,fallback_used,projected,full,107,66,0.0
666682,Keldon Johnson,21716137,pra,bench,fallback_used,projected,full,107,67,0.0
666682,Keldon Johnson,21716137,pra,bench,fallback_used,projected,full,107,68,0.0
666682,Keldon Johnson,21716137,pra,bench,fallback_used,projected,full,107,69,0.0
666682,Keldon Johnson,21716137,pra,bench,fallback_used,projected,full,107,70,0.0
666682,Keldon Johnson,21716137,pra,bench,fallback_used,projected,full,107,71,0.0
666682,Keldon Johnson,21716137,pra,bench,fallback_used,projected,full,107,72,0.0
666682,Keldon Johnson,21716137,pra,bench,fallback_used,projected,full,107,73,0.0
666682,Keldon Johnson,21716137,pra,bench,fallback_used,projected,full,107,74,0.0
3547246,Devin Vassell,21716137,pts,starter,fallback_used,projected,full,108,0,0.0029
3547246,Devin Vassell,21716137,pts,starter,fallback_used,projected,full,108,1,0.0049
3547246,Devin Vassell,21716137,pts,starter,fallback_used,projected,full,108,2,0.0079
3547246,Devin Vassell,21716137,pts,starter,fallback_used,projected,full,108,3,0.0226
3547246,Devin Vassell,21716137,pts,starter,fallback_used,projected,full,108,4,0.0247
3547246,Devin Vassell,21716137,pts,starter,fallback_used,projected,full,108,5,0.0447
3547246,Devin Vassell,21716137,pts,starter,fallback_used,projected,full,108,6,0.0508
3547246,Devin Vassell,21716137,pts,starter,fallback_used,projected,full,108,7,0.0515
3547246,Devin Vassell,21716137,pts,starter,fallback_used,projected,full,108,8,0.0728
3547246,Devin Vassell,21716137,pts,starter,fallback_used,projected,full,108,9,0.0682
3547246,Devin Vassell,21716137,pts,starter,fallback_used,projected,full,108,10,0.0916
3547246,Devin Vassell,21716137,pts,starter,fallback_used,projected,full,108,11,0.0974
3547246,Devin Vassell,21716137,pts,starter,fallback_used,projected,full,108,12,0.0927
3547246,Devin Vassell,21716137,pts,starter,fallback_used,projected,full,108,13,0.0606
3547246,Devin Vassell,21716137,pts,starter,fallback_used,projected,full,108,14,0.0607
3547246,Devin Vassell,21716137,pts,starter,fallback_used,projected,full,108,15,0.0528
3547246,Devin Vassell,21716137,pts,starter,fallback_used,projected,full,108,16,0.051
3547246,Devin Vassell,21716137,pts,starter,fallback_used,projected,full,108,17,0.0249
3547246,Devin Vassell,21716137,pts,starter,fallback_used,projected,full,108,18,0.0237
3547246,Devin Vassell,21716137,pts,starter,fallback_used,projected,full,108,19,0.0223
3547246,Devin Vassell,21716137,pts,starter,fallback_used,projected,full,108,20,0.0073
3547246,Devin Vassell,21716137,pts,starter,fallback_used,projected,full,108,21,0.0138
3547246,Devin Vassell,21716137,pts,starter,fallback_used,projected,full,108,22,0.0121
3547246,Devin Vassell,21716137,pts,starter,fallback_used,projected,full,108,23,0.0139
3547246,Devin Vassell,21716137,pts,starter,fallback_used,projected,full,108,24,0.0048
3547246,Devin Vassell,21716137,pts,starter,fallback_used,projected,full,108,25,0.0064
3547246,Devin Vassell,21716137,pts,starter,fallback_used,projected,full,108,26,0.0045
3547246,Devin Vassell,21716137,pts,starter,fallback_used,projected,full,108,27,0.0016
3547246,Devin Vassell,21716137,pts,starter,fallback_used,projected,full,108,28,0.0021
3547246,Devin Vassell,21716137,pts,starter,fallback_used,projected,full,108,29,0.001
3547246,Devin Vassell,21716137,pts,starter,fallback_used,projected,full,108,30,0.0007
3547246,Devin Vassell,21716137,pts,starter,fallback_used,projected,full,108,31,0.0013
3547246,Devin Vassell,21716137,pts,starter,fallback_used,projected,full,108,32,0.0003
3547246,Devin Vassell,21716137,pts,starter,fallback_used,projected,full,108,33,0.0002
3547246,Devin Vassell,21716137,pts,starter,fallback_used,projected,full,108,34,0.0002
3547246,Devin Vassell,21716137,pts,starter,fallback_used,projected,full,108,35,0.0004
3547246,Devin Vassell,21716137,pts,starter,fallback_used,projected,full,108,36,0.0002
3547246,Devin Vassell,21716137,pts,starter,fallback_used,projected,full,108,37,0.0002
3547246,Devin Vassell,21716137,pts,starter,fallback_used,projected,full,108,38,0.0001
3547246,Devin Vassell,21716137,pts,starter,fallback_used,projected,full,108,39,0.0
3547246,Devin Vassell,21716137,pts,starter,fallback_used,projected,full,108,41,0.0
3547246,Devin Vassell,21716137,pts,starter,fallback_used,projected,full,108,46,0.0
3547246,Devin Vassell,21716137,pts,starter,fallback_used,projected,full,108,80,0.0002
3547246,Devin Vassell,21716137,reb,starter,fallback_used,projected,full,109,0,0.0048
3547246,Devin Vassell,21716137,reb,starter,fallback_used,projected,full,109,1,0.0128
3547246,Devin Vassell,21716137,reb,starter,fallback_used,projected,full,109,2,0.0556
3547246,Devin Vassell,21716137,reb,starter,fallback_used,projected,full,109,3,0.1155
3547246,Devin Vassell,21716137,reb,starter,fallback_used,projected,full,109,4,0.2191
3547246,Devin Vassell,21716137,reb,starter,fallback_used,projected,full,109,5,0.271
3547246,Devin Vassell,21716137,reb,starter,fallback_used,projected,full,109,6,0.1584
3547246,Devin Vassell,21716137,reb,starter,fallback_used,projected,full,109,7,0.1014
3547246,Devin Vassell,21716137,reb,starter,fallback_used,projected,full,109,8,0.0433
3547246,Devin Vassell,21716137,reb,starter,fallback_used,projected,full,109,9,0.0121
3547246,Devin Vassell,21716137,reb,starter,fallback_used,projected,full,109,10,0.0047
3547246,Devin Vassell,21716137,reb,starter,fallback_used,projected,full,109,11,0.0013
3547246,Devin Vassell,21716137,reb,starter,fallback_used,projected,full,109,12,0.0
3547246,Devin Vassell,21716137,reb,starter,fallback_used,projected,full,109,13,0.0
3547246,Devin Vassell,21716137,reb,starter,fallback_used,projected,full,109,14,0.0
3547246,Devin Vassell,21716137,reb,starter,fallback_used,projected,full,109,15,0.0
3547246,Devin Vassell,21716137,reb,starter,fallback_used,projected,full,109,16,0.0
3547246,Devin Vassell,21716137,reb,starter,fallback_used,projected,full,109,17,0.0
3547246,Devin Vassell,21716137,reb,starter,fallback_used,projected,full,109,18,0.0
3547246,Devin Vassell,21716137,reb,starter,fallback_used,projected,full,109,19,0.0
3547246,Devin Vassell,21716137,reb,starter,fallback_used,projected,full,109,20,0.0
3547246,Devin Vassell,21716137,reb,starter,fallback_used,projected,full,109,21,0.0
3547246,Devin Vassell,21716137,reb,starter,fallback_used,projected,full,109,22,0.0
3547246,Devin Vassell,21716137,ast,starter,fallback_used,projected,full,110,0,0.0291
3547246,Devin Vassell,21716137,ast,starter,fallback_used,projected,full,110,1,0.141
3547246,Devin Vassell,21716137,ast,starter,fallback_used,projected,full,110,2,0.4032
3547246,Devin Vassell,21716137,ast,starter,fallback_used,projected,full,110,3,0.2926
3547246,Devin Vassell,21716137,ast,starter,fallback_used,projected,full,110,4,0.1091
3547246,Devin Vassell,21716137,ast,starter,fallback_used,projected,full,110,5,0.0201
3547246,Devin Vassell,21716137,ast,starter,fallback_used,projected,full,110,6,0.0044
3547246,Devin Vassell,21716137,ast,starter,fallback_used,projected,full,110,7,0.0005
3547246,Devin Vassell,21716137,ast,starter,fallback_used,projected,full,110,8,0.0
3547246,Devin Vassell,21716137,ast,starter,fallback_used,projected,full,110,9,0.0
3547246,Devin Vassell,21716137,ast,starter,fallback_used,projected,full,110,10,0.0
3547246,Devin Vassell,21716137,ast,starter,fallback_used,projected,full,110,11,0.0
3547246,Devin Vassell,21716137,ast,starter,fallback_used,projected,full,110,12,0.0
3547246,Devin Vassell,21716137,ast,starter,fallback_used,projected,full,110,13,0.0
3547246,Devin Vassell,21716137,ast,starter,fallback_used,projected,full,110,14,0.0
3547246,Devin Vassell,21716137,ast,starter,fallback_used,projected,full,110,15,0.0
3547246,Devin Vassell,21716137,fg3m,starter,fallback_used,projected,full,111,0,0.4041
3547246,Devin Vassell,21716137,fg3m,starter,fallback_used,projected,full,111,1,0.0749
3547246,Devin Vassell,21716137,fg3m,starter,fallback_used,projected,full,111,2,0.1334
3547246,Devin Vassell,21716137,fg3m,starter,fallback_used,projected,full,111,3,0.1375
3547246,Devin Vassell,21716137,fg3m,starter,fallback_used,projected,full,111,4,0.0861
3547246,Devin Vassell,21716137,fg3m,starter,fallback_used,projected,full,111,5,0.0433
3547246,Devin Vassell,21716137,fg3m,starter,fallback_used,projected,full,111,6,0.1208
3547246,Devin Vassell,21716137,tov,starter,fallback_used,projected,full,112,0,0.1212
3547246,Devin Vassell,21716137,tov,starter,fallback_used,projected,full,112,1,0.6255
3547246,Devin Vassell,21716137,tov,starter,fallback_used,projected,full,112,2,0.2188
3547246,Devin Vassell,21716137,tov,starter,fallback_used,projected,full,112,3,0.033
3547246,Devin Vassell,21716137,tov,starter,fallback_used,projected,full,112,4,0.0014
3547246,Devin Vassell,21716137,tov,starter,fallback_used,projected,full,112,5,0.0
3547246,Devin Vassell,21716137,tov,starter,fallback_used,projected,full,112,6,0.0
3547246,Devin Vassell,21716137,tov,starter,fallback_used,projected,full,112,7,0.0
3547246,Devin Vassell,21716137,tov,starter,fallback_used,projected,full,112,8,0.0
3547246,Devin Vassell,21716137,tov,starter,fallback_used,projected,full,112,9,0.0
3547246,Devin Vassell,21716137,tov,starter,fallback_used,projected,full,112,10,0.0
3547246,Devin Vassell,21716137,stl,starter,fallback_used,projected,full,113,0,0.5603
3547246,Devin Vassell,21716137,stl,starter,fallback_used,projected,full,113,1,0.3232
3547246,Devin Vassell,21716137,stl,starter,fallback_used,projected,full,113,2,0.0966
3547246,Devin Vassell,21716137,stl,starter,fallback_used,projected,full,113,3,0.0143
3547246,Devin Vassell,21716137,stl,starter,fallback_used,projected,full,113,4,0.0056
3547246,Devin Vassell,21716137,blk,starter,fallback_used,projected,full,114,0,0.7636
3547246,Devin Vassell,21716137,blk,starter,fallback_used,projected,full,114,1,0.1511
3547246,Devin Vassell,21716137,blk,starter,fallback_used,projected,full,114,2,0.078
3547246,Devin Vassell,21716137,blk,starter,fallback_used,projected,full,114,3,0.0037
3547246,Devin Vassell,21716137,blk,starter,fallback_used,projected,full,114,4,0.0036
3547246,Devin Vassell,21716137,stocks,starter,fallback_used,projected,full,115,0,0.4279
3547246,Devin Vassell,21716137,stocks,starter,fallback_used,projected,full,115,1,0.3314
3547246,Devin Vassell,21716137,stocks,starter,fallback_used,projected,full,115,2,0.1646
3547246,Devin Vassell,21716137,stocks,starter,fallback_used,projected,full,115,3,0.0518
3547246,Devin Vassell,21716137,stocks,starter,fallback_used,projected,full,115,4,0.0186
3547246,Devin Vassell,21716137,stocks,starter,fallback_used,projected,full,115,5,0.0044
3547246,Devin Vassell,21716137,stocks,starter,fallback_used,projected,full,115,6,0.0011
3547246,Devin Vassell,21716137,stocks,starter,fallback_used,projected,full,115,7,0.0001
3547246,Devin Vassell,21716137,stocks,starter,fallback_used,projected,full,115,8,0.0
3547246,Devin Vassell,21716137,pa,starter,fallback_used,projected,full,116,0,0.0001
3547246,Devin Vassell,21716137,pa,starter,fallback_used,projected,full,116,1,0.0006
3547246,Devin Vassell,21716137,pa,starter,fallback_used,projected,full,116,2,0.0021
3547246,Devin Vassell,21716137,pa,starter,fallback_used,projected,full,116,3,0.0046
3547246,Devin Vassell,21716137,pa,starter,fallback_used,projected,full,116,4,0.0088
3547246,Devin Vassell,21716137,pa,starter,fallback_used,projected,full,116,5,0.0168
3547246,Devin Vassell,21716137,pa,starter,fallback_used,projected,full,116,6,0.0253
3547246,Devin Vassell,21716137,pa,starter,fallback_used,projected,full,116,7,0.0366
3547246,Devin Vassell,21716137,pa,starter,fallback_used,projected,full,116,8,0.0461
3547246,Devin Vassell,21716137,pa,starter,fallback_used,projected,full,116,9,0.0534
3547246,Devin Vassell,21716137,pa,starter,fallback_used,projected,full,116,10,0.0633
3547246,Devin Vassell,21716137,pa,starter,fallback_used,projected,full,116,11,0.0714
3547246,Devin Vassell,21716137,pa,starter,fallback_used,projected,full,116,12,0.0825
3547246,Devin Vassell,21716137,pa,starter,fallback_used,projected,full,116,13,0.09
3547246,Devin Vassell,21716137,pa,starter,fallback_used,projected,full,116,14,0.0879
3547246,Devin Vassell,21716137,pa,starter,fallback_used,projected,full,116,15,0.0744
3547246,Devin Vassell,21716137,pa,starter,fallback_used,projected,full,116,16,0.0636
3547246,Devin Vassell,21716137,pa,starter,fallback_used,projected,full,116,17,0.0559
3547246,Devin Vassell,21716137,pa,starter,fallback_used,projected,full,116,18,0.0485
3547246,Devin Vassell,21716137,pa,starter,fallback_used,projected,full,116,19,0.0362
3547246,Devin Vassell,21716137,pa,starter,fallback_used,projected,full,116,20,0.0271
3547246,Devin Vassell,21716137,pa,starter,fallback_used,projected,full,116,21,0.0214
3547246,Devin Vassell,21716137,pa,starter,fallback_used,projected,full,116,22,0.0151
3547246,Devin Vassell,21716137,pa,starter,fallback_used,projected,full,116,23,0.0129
3547246,Devin Vassell,21716137,pa,starter,fallback_used,projected,full,116,24,0.0124
3547246,Devin Vassell,21716137,pa,starter,fallback_used,projected,full,116,25,0.0118
3547246,Devin Vassell,21716137,pa,starter,fallback_used,projected,full,116,26,0.0087
3547246,Devin Vassell,21716137,pa,starter,fallback_used,projected,full,116,27,0.0065
3547246,Devin Vassell,21716137,pa,starter,fallback_used,projected,full,116,28,0.0048
3547246,Devin Vassell,21716137,pa,starter,fallback_used,projected,full,116,29,0.0031
3547246,Devin Vassell,21716137,pa,starter,fallback_used,projected,full,116,30,0.0021
3547246,Devin Vassell,21716137,pa,starter,fallback_used,projected,full,116,31,0.0015
3547246,Devin Vassell,21716137,pa,starter,fallback_used,projected,full,116,32,0.001
3547246,Devin Vassell,21716137,pa,starter,fallback_used,projected,full,116,33,0.0009
3547246,Devin Vassell,21716137,pa,starter,fallback_used,projected,full,116,34,0.0007
3547246,Devin Vassell,21716137,pa,starter,fallback_used,projected,full,116,35,0.0004
3547246,Devin Vassell,21716137,pa,starter,fallback_used,projected,full,116,36,0.0003
3547246,Devin Vassell,21716137,pa,starter,fallback_used,projected,full,116,37,0.0003
3547246,Devin Vassell,21716137,pa,starter,fallback_used,projected,full,116,38,0.0002
3547246,Devin Vassell,21716137,pa,starter,fallback_used,projected,full,116,39,0.0002
3547246,Devin Vassell,21716137,pa,starter,fallback_used,projected,full,116,40,0.0001
3547246,Devin Vassell,21716137,pa,starter,fallback_used,projected,full,116,41,0.0001
3547246,Devin Vassell,21716137,pa,starter,fallback_used,projected,full,116,42,0.0
3547246,Devin Vassell,21716137,pa,starter,fallback_used,projected,full,116,43,0.0
3547246,Devin Vassell,21716137,pa,starter,fallback_used,projected,full,116,44,0.0
3547246,Devin Vassell,21716137,pa,starter,fallback_used,projected,full,116,45,0.0
3547246,Devin Vassell,21716137,pa,starter,fallback_used,projected,full,116,46,0.0
3547246,Devin Vassell,21716137,pa,starter,fallback_used,projected,full,116,47,0.0
3547246,Devin Vassell,21716137,pa,starter,fallback_used,projected,full,116,48,0.0
3547246,Devin Vassell,21716137,pa,starter,fallback_used,projected,full,116,49,0.0
3547246,Devin Vassell,21716137,pa,starter,fallback_used,projected,full,116,50,0.0
3547246,Devin Vassell,21716137,pa,starter,fallback_used,projected,full,116,51,0.0
3547246,Devin Vassell,21716137,pa,starter,fallback_used,projected,full,116,52,0.0
3547246,Devin Vassell,21716137,pa,starter,fallback_used,projected,full,116,53,0.0
3547246,Devin Vassell,21716137,pa,starter,fallback_used,projected,full,116,54,0.0
3547246,Devin Vassell,21716137,pa,starter,fallback_used,projected,full,116,55,0.0
3547246,Devin Vassell,21716137,pa,starter,fallback_used,projected,full,116,56,0.0
3547246,Devin Vassell,21716137,pa,starter,fallback_used,projected,full,116,57,0.0
3547246,Devin Vassell,21716137,pa,starter,fallback_used,projected,full,116,58,0.0
3547246,Devin Vassell,21716137,pa,starter,fallback_used,projected,full,116,80,0.0
3547246,Devin Vassell,21716137,pa,starter,fallback_used,projected,full,116,81,0.0
3547246,Devin Vassell,21716137,pa,starter,fallback_used,projected,full,116,82,0.0001
3547246,Devin Vassell,21716137,pa,starter,fallback_used,projected,full,116,83,0.0001
3547246,Devin Vassell,21716137,pa,starter,fallback_used,projected,full,116,84,0.0
3547246,Devin Vassell,21716137,pa,starter,fallback_used,projected,full,116,85,0.0
3547246,Devin Vassell,21716137,pa,starter,fallback_used,projected,full,116,86,0.0
3547246,Devin Vassell,21716137,pa,starter,fallback_used,projected,full,116,87,0.0
3547246,Devin Vassell,21716137,pa,starter,fallback_used,projected,full,116,88,0.0
3547246,Devin Vassell,21716137,pa,starter,fallback_used,projected,full,116,89,0.0
3547246,Devin Vassell,21716137,pa,starter,fallback_used,projected,full,116,90,0.0
3547246,Devin Vassell,21716137,pa,starter,fallback_used,projected,full,116,91,0.0
3547246,Devin Vassell,21716137,pa,starter,fallback_used,projected,full,116,92,0.0
3547246,Devin Vassell,21716137,pa,starter,fallback_used,projected,full,116,93,0.0
3547246,Devin Vassell,21716137,pr,starter,fallback_used,projected,full,117,0,0.0
3547246,Devin Vassell,21716137,pr,starter,fallback_used,projected,full,117,1,0.0001
3547246,Devin Vassell,21716137,pr,starter,fallback_used,projected,full,117,2,0.0003
3547246,Devin Vassell,21716137,pr,starter,fallback_used,projected,full,117,3,0.0008
3547246,Devin Vassell,21716137,pr,starter,fallback_used,projected,full,117,4,0.0021
3547246,Devin Vassell,21716137,pr,starter,fallback_used,projected,full,117,5,0.0046
3547246,Devin Vassell,21716137,pr,starter,fallback_used,projected,full,117,6,0.0083
3547246,Devin Vassell,21716137,pr,starter,fallback_used,projected,full,117,7,0.0144
3547246,Devin Vassell,21716137,pr,starter,fallback_used,projected,full,117,8,0.0224
3547246,Devin Vassell,21716137,pr,starter,fallback_used,projected,full,117,9,0.0311
3547246,Devin Vassell,21716137,pr,starter,fallback_used,projected,full,117,10,0.0412
3547246,Devin Vassell,21716137,pr,starter,fallback_used,projected,full,117,11,0.0496
3547246,Devin Vassell,21716137,pr,starter,fallback_used,projected,full,117,12,0.0585
3547246,Devin Vassell,21716137,pr,starter,fallback_used,projected,full,117,13,0.0678
3547246,Devin Vassell,21716137,pr,starter,fallback_used,projected,full,117,14,0.0757
3547246,Devin Vassell,21716137,pr,starter,fallback_used,projected,full,117,15,0.0825
3547246,Devin Vassell,21716137,pr,starter,fallback_used,projected,full,117,16,0.0835
3547246,Devin Vassell,21716137,pr,starter,fallback_used,projected,full,117,17,0.078
3547246,Devin Vassell,21716137,pr,starter,fallback_used,projected,full,117,18,0.0688
3547246,Devin Vassell,21716137,pr,starter,fallback_used,projected,full,117,19,0.0604
3547246,Devin Vassell,21716137,pr,starter,fallback_used,projected,full,117,20,0.0514
3547246,Devin Vassell,21716137,pr,starter,fallback_used,projected,full,117,21,0.0422
3547246,Devin Vassell,21716137,pr,starter,fallback_used,projected,full,117,22,0.0325
3547246,Devin Vassell,21716137,pr,starter,fallback_used,projected,full,117,23,0.0257
3547246,Devin Vassell,21716137,pr,starter,fallback_used,projected,full,117,24,0.0196
3547246,Devin Vassell,21716137,pr,starter,fallback_used,projected,full,117,25,0.0152
3547246,Devin Vassell,21716137,pr,starter,fallback_used,projected,full,117,26,0.0134
3547246,Devin Vassell,21716137,pr,starter,fallback_used,projected,full,117,27,0.0117
3547246,Devin Vassell,21716137,pr,starter,fallback_used,projected,full,117,28,0.0099
3547246,Devin Vassell,21716137,pr,starter,fallback_used,projected,full,117,29,0.0076
3547246,Devin Vassell,21716137,pr,starter,fallback_used,projected,full,117,30,0.006
3547246,Devin Vassell,21716137,pr,starter,fallback_used,projected,full,117,31,0.0042
3547246,Devin Vassell,21716137,pr,starter,fallback_used,projected,full,117,32,0.0029
3547246,Devin Vassell,21716137,pr,starter,fallback_used,projected,full,117,33,0.0021
3547246,Devin Vassell,21716137,pr,starter,fallback_used,projected,full,117,34,0.0014
3547246,Devin Vassell,21716137,pr,starter,fallback_used,projected,full,117,35,0.0011
3547246,Devin Vassell,21716137,pr,starter,fallback_used,projected,full,117,36,0.0008
3547246,Devin Vassell,21716137,pr,starter,fallback_used,projected,full,117,37,0.0005
3547246,Devin Vassell,21716137,pr,starter,fallback_used,projected,full,117,38,0.0004
3547246,Devin Vassell,21716137,pr,starter,fallback_used,projected,full,117,39,0.0003
3547246,Devin Vassell,21716137,pr,starter,fallback_used,projected,full,117,40,0.0003
3547246,Devin Vassell,21716137,pr,starter,fallback_used,projected,full,117,41,0.0002
3547246,Devin Vassell,21716137,pr,starter,fallback_used,projected,full,117,42,0.0001
3547246,Devin Vassell,21716137,pr,starter,fallback_used,projected,full,117,43,0.0001
3547246,Devin Vassell,21716137,pr,starter,fallback_used,projected,full,117,44,0.0001
3547246,Devin Vassell,21716137,pr,starter,fallback_used,projected,full,117,45,0.0
3547246,Devin Vassell,21716137,pr,starter,fallback_used,projected,full,117,46,0.0
3547246,Devin Vassell,21716137,pr,starter,fallback_used,projected,full,117,47,0.0
3547246,Devin Vassell,21716137,pr,starter,fallback_used,projected,full,117,48,0.0
3547246,Devin Vassell,21716137,pr,starter,fallback_used,projected,full,117,49,0.0
3547246,Devin Vassell,21716137,pr,starter,fallback_used,projected,full,117,50,0.0
3547246,Devin Vassell,21716137,pr,starter,fallback_used,projected,full,117,51,0.0
3547246,Devin Vassell,21716137,pr,starter,fallback_used,projected,full,117,52,0.0
3547246,Devin Vassell,21716137,pr,starter,fallback_used,projected,full,117,53,0.0
3547246,Devin Vassell,21716137,pr,starter,fallback_used,projected,full,117,54,0.0
3547246,Devin Vassell,21716137,pr,starter,fallback_used,projected,full,117,55,0.0
3547246,Devin Vassell,21716137,pr,starter,fallback_used,projected,full,117,56,0.0
3547246,Devin Vassell,21716137,pr,starter,fallback_used,projected,full,117,57,0.0
3547246,Devin Vassell,21716137,pr,starter,fallback_used,projected,full,117,58,0.0
3547246,Devin Vassell,21716137,pr,starter,fallback_used,projected,full,117,59,0.0
3547246,Devin Vassell,21716137,pr,starter,fallback_used,projected,full,117,60,0.0
3547246,Devin Vassell,21716137,pr,starter,fallback_used,projected,full,117,61,0.0
3547246,Devin Vassell,21716137,pr,starter,fallback_used,projected,full,117,62,0.0
3547246,Devin Vassell,21716137,pr,starter,fallback_used,projected,full,117,63,0.0
3547246,Devin Vassell,21716137,pr,starter,fallback_used,projected,full,117,64,0.0
3547246,Devin Vassell,21716137,pr,starter,fallback_used,projected,full,117,65,0.0
3547246,Devin Vassell,21716137,pr,starter,fallback_used,projected,full,117,66,0.0
3547246,Devin Vassell,21716137,pr,starter,fallback_used,projected,full,117,80,0.0
3547246,Devin Vassell,21716137,pr,starter,fallback_used,projected,full,117,81,0.0
3547246,Devin Vassell,21716137,pr,starter,fallback_used,projected,full,117,82,0.0
3547246,Devin Vassell,21716137,pr,starter,fallback_used,projected,full,117,83,0.0
3547246,Devin Vassell,21716137,pr,starter,fallback_used,projected,full,117,84,0.0
3547246,Devin Vassell,21716137,pr,starter,fallback_used,projected,full,117,85,0.0001
3547246,Devin Vassell,21716137,pr,starter,fallback_used,projected,full,117,86,0.0
3547246,Devin Vassell,21716137,pr,starter,fallback_used,projected,full,117,87,0.0
3547246,Devin Vassell,21716137,pr,starter,fallback_used,projected,full,117,88,0.0
3547246,Devin Vassell,21716137,pr,starter,fallback_used,projected,full,117,89,0.0
3547246,Devin Vassell,21716137,pr,starter,fallback_used,projected,full,117,90,0.0
3547246,Devin Vassell,21716137,pr,starter,fallback_used,projected,full,117,91,0.0
3547246,Devin Vassell,21716137,pr,starter,fallback_used,projected,full,117,92,0.0
3547246,Devin Vassell,21716137,pr,starter,fallback_used,projected,full,117,93,0.0
3547246,Devin Vassell,21716137,pr,starter,fallback_used,projected,full,117,94,0.0
3547246,Devin Vassell,21716137,pr,starter,fallback_used,projected,full,117,95,0.0
3547246,Devin Vassell,21716137,pr,starter,fallback_used,projected,full,117,96,0.0
3547246,Devin Vassell,21716137,pr,starter,fallback_used,projected,full,117,97,0.0
3547246,Devin Vassell,21716137,pr,starter,fallback_used,projected,full,117,98,0.0
3547246,Devin Vassell,21716137,pr,starter,fallback_used,projected,full,117,99,0.0
3547246,Devin Vassell,21716137,pr,starter,fallback_used,projected,full,117,100,0.0
3547246,Devin Vassell,21716137,ra,starter,fallback_used,projected,full,118,0,0.0001
3547246,Devin Vassell,21716137,ra,starter,fallback_used,projected,full,118,1,0.0011
3547246,Devin Vassell,21716137,ra,starter,fallback_used,projected,full,118,2,0.0054
3547246,Devin Vassell,21716137,ra,starter,fallback_used,projected,full,118,3,0.0178
3547246,Devin Vassell,21716137,ra,starter,fallback_used,projected,full,118,4,0.0494
3547246,Devin Vassell,21716137,ra,starter,fallback_used,projected,full,118,5,0.1031
3547246,Devin Vassell,21716137,ra,starter,fallback_used,projected,full,118,6,0.1713
3547246,Devin Vassell,21716137,ra,starter,fallback_used,projected,full,118,7,0.2124
3547246,Devin Vassell,21716137,ra,starter,fallback_used,projected,full,118,8,0.1852
3547246,Devin Vassell,21716137,ra,starter,fallback_used,projected,full,118,9,0.1282
3547246,Devin Vassell,21716137,ra,starter,fallback_used,projected,full,118,10,0.0727
3547246,Devin Vassell,21716137,ra,starter,fallback_used,projected,full,118,11,0.0338
3547246,Devin Vassell,21716137,ra,starter,fallback_used,projected,full,118,12,0.0132
3547246,Devin Vassell,21716137,ra,starter,fallback_used,projected,full,118,13,0.0046
3547246,Devin Vassell,21716137,ra,starter,fallback_used,projected,full,118,14,0.0014
3547246,Devin Vassell,21716137,ra,starter,fallback_used,projected,full,118,15,0.0003
3547246,Devin Vassell,21716137,ra,starter,fallback_used,projected,full,118,16,0.0001
3547246,Devin Vassell,21716137,ra,starter,fallback_used,projected,full,118,17,0.0
3547246,Devin Vassell,21716137,ra,starter,fallback_used,projected,full,118,18,0.0
3547246,Devin Vassell,21716137,ra,starter,fallback_used,projected,full,118,19,0.0
3547246,Devin Vassell,21716137,ra,starter,fallback_used,projected,full,118,20,0.0
3547246,Devin Vassell,21716137,ra,starter,fallback_used,projected,full,118,21,0.0
3547246,Devin Vassell,21716137,ra,starter,fallback_used,projected,full,118,22,0.0
3547246,Devin Vassell,21716137,ra,starter,fallback_used,projected,full,118,23,0.0
3547246,Devin Vassell,21716137,ra,starter,fallback_used,projected,full,118,24,0.0
3547246,Devin Vassell,21716137,ra,starter,fallback_used,projected,full,118,25,0.0
3547246,Devin Vassell,21716137,ra,starter,fallback_used,projected,full,118,26,0.0
3547246,Devin Vassell,21716137,ra,starter,fallback_used,projected,full,118,27,0.0
3547246,Devin Vassell,21716137,ra,starter,fallback_used,projected,full,118,28,0.0
3547246,Devin Vassell,21716137,pra,starter,fallback_used,projected,full,119,0,0.0
3547246,Devin Vassell,21716137,pra,starter,fallback_used,projected,full,119,1,0.0
3547246,Devin Vassell,21716137,pra,starter,fallback_used,projected,full,119,2,0.0
3547246,Devin Vassell,21716137,pra,starter,fallback_used,projected,full,119,3,0.0001
3547246,Devin Vassell,21716137,pra,starter,fallback_used,projected,full,119,4,0.0003
3547246,Devin Vassell,21716137,pra,starter,fallback_used,projected,full,119,5,0.0008
3547246,Devin Vassell,21716137,pra,starter,fallback_used,projected,full,119,6,0.002
3547246,Devin Vassell,21716137,pra,starter,fallback_used,projected,full,119,7,0.0041
3547246,Devin Vassell,21716137,pra,starter,fallback_used,projected,full,119,8,0.0076
3547246,Devin Vassell,21716137,pra,starter,fallback_used,projected,full,119,9,0.0129
3547246,Devin Vassell,21716137,pra,starter,fallback_used,projected,full,119,10,0.0198
3547246,Devin Vassell,21716137,pra,starter,fallback_used,projected,full,119,11,0.0281
3547246,Devin Vassell,21716137,pra,starter,fallback_used,projected,full,119,12,0.0372
3547246,Devin Vassell,21716137,pra,starter,fallback_used,projected,full,119,13,0.0462
3547246,Devin Vassell,21716137,pra,starter,fallback_used,projected,full,119,14,0.0551
3547246,Devin Vassell,21716137,pra,starter,fallback_used,projected,full,119,15,0.0639
3547246,Devin Vassell,21716137,pra,starter,fallback_used,projected,full,119,16,0.072
3547246,Devin Vassell,21716137,pra,starter,fallback_used,projected,full,119,17,0.0783
3547246,Devin Vassell,21716137,pra,starter,fallback_used,projected,full,119,18,0.0807
3547246,Devin Vassell,21716137,pra,starter,fallback_used,projected,full,119,19,0.0782
3547246,Devin Vassell,21716137,pra,starter,fallback_used,projected,full,119,20,0.0717
3547246,Devin Vassell,21716137,pra,starter,fallback_used,projected,full,119,21,0.0636
3547246,Devin Vassell,21716137,pra,starter,fallback_used,projected,full,119,22,0.0548
3547246,Devin Vassell,21716137,pra,starter,fallback_used,projected,full,119,23,0.0458
3547246,Devin Vassell,21716137,pra,starter,fallback_used,projected,full,119,24,0.0368
3547246,Devin Vassell,21716137,pra,starter,fallback_used,projected,full,119,25,0.029
3547246,Devin Vassell,21716137,pra,starter,fallback_used,projected,full,119,26,0.0226
3547246,Devin Vassell,21716137,pra,starter,fallback_used,projected,full,119,27,0.0178
3547246,Devin Vassell,21716137,pra,starter,fallback_used,projected,full,119,28,0.0146
3547246,Devin Vassell,21716137,pra,starter,fallback_used,projected,full,119,29,0.0124
3547246,Devin Vassell,21716137,pra,starter,fallback_used,projected,full,119,30,0.0105
3547246,Devin Vassell,21716137,pra,starter,fallback_used,projected,full,119,31,0.0086
3547246,Devin Vassell,21716137,pra,starter,fallback_used,projected,full,119,32,0.0067
3547246,Devin Vassell,21716137,pra,starter,fallback_used,projected,full,119,33,0.005
3547246,Devin Vassell,21716137,pra,starter,fallback_used,projected,full,119,34,0.0036
3547246,Devin Vassell,21716137,pra,starter,fallback_used,projected,full,119,35,0.0025
3547246,Devin Vassell,21716137,pra,starter,fallback_used,projected,full,119,36,0.0018
3547246,Devin Vassell,21716137,pra,starter,fallback_used,projected,full,119,37,0.0013
3547246,Devin Vassell,21716137,pra,starter,fallback_used,projected,full,119,38,0.0009
3547246,Devin Vassell,21716137,pra,starter,fallback_used,projected,full,119,39,0.0007
3547246,Devin Vassell,21716137,pra,starter,fallback_used,projected,full,119,40,0.0005
3547246,Devin Vassell,21716137,pra,starter,fallback_used,projected,full,119,41,0.0004
3547246,Devin Vassell,21716137,pra,starter,fallback_used,projected,full,119,42,0.0003
3547246,Devin Vassell,21716137,pra,starter,fallback_used,projected,full,119,43,0.0002
3547246,Devin Vassell,21716137,pra,starter,fallback_used,projected,full,119,44,0.0002
3547246,Devin Vassell,21716137,pra,starter,fallback_used,projected,full,119,45,0.0001
3547246,Devin Vassell,21716137,pra,starter,fallback_used,projected,full,119,46,0.0001
3547246,Devin Vassell,21716137,pra,starter,fallback_used,projected,full,119,47,0.0
3547246,Devin Vassell,21716137,pra,starter,fallback_used,projected,full,119,48,0.0
3547246,Devin Vassell,21716137,pra,starter,fallback_used,projected,full,119,49,0.0
3547246,Devin Vassell,21716137,pra,starter,fallback_used,projected,full,119,50,0.0
3547246,Devin Vassell,21716137,pra,starter,fallback_used,projected,full,119,51,0.0
3547246,Devin Vassell,21716137,pra,starter,fallback_used,projected,full,119,52,0.0
3547246,Devin Vassell,21716137,pra,starter,fallback_used,projected,full,119,53,0.0
3547246,Devin Vassell,21716137,pra,starter,fallback_used,projected,full,119,54,0.0
3547246,Devin Vassell,21716137,pra,starter,fallback_used,projected,full,119,55,0.0
3547246,Devin Vassell,21716137,pra,starter,fallback_used,projected,full,119,56,0.0
3547246,Devin Vassell,21716137,pra,starter,fallback_used,projected,full,119,57,0.0
3547246,Devin Vassell,21716137,pra,starter,fallback_used,projected,full,119,58,0.0
3547246,Devin Vassell,21716137,pra,starter,fallback_used,projected,full,119,59,0.0
3547246,Devin Vassell,21716137,pra,starter,fallback_used,projected,full,119,60,0.0
3547246,Devin Vassell,21716137,pra,starter,fallback_used,projected,full,119,61,0.0
3547246,Devin Vassell,21716137,pra,starter,fallback_used,projected,full,119,62,0.0
3547246,Devin Vassell,21716137,pra,starter,fallback_used,projected,full,119,63,0.0
3547246,Devin Vassell,21716137,pra,starter,fallback_used,projected,full,119,64,0.0
3547246,Devin Vassell,21716137,pra,starter,fallback_used,projected,full,119,65,0.0
3547246,Devin Vassell,21716137,pra,starter,fallback_used,projected,full,119,66,0.0
3547246,Devin Vassell,21716137,pra,starter,fallback_used,projected,full,119,67,0.0
3547246,Devin Vassell,21716137,pra,starter,fallback_used,projected,full,119,68,0.0
3547246,Devin Vassell,21716137,pra,starter,fallback_used,projected,full,119,69,0.0
3547246,Devin Vassell,21716137,pra,starter,fallback_used,projected,full,119,70,0.0
3547246,Devin Vassell,21716137,pra,starter,fallback_used,projected,full,119,80,0.0
3547246,Devin Vassell,21716137,pra,starter,fallback_used,projected,full,119,81,0.0
3547246,Devin Vassell,21716137,pra,starter,fallback_used,projected,full,119,82,0.0
3547246,Devin Vassell,21716137,pra,starter,fallback_used,projected,full,119,83,0.0
3547246,Devin Vassell,21716137,pra,starter,fallback_used,projected,full,119,84,0.0
3547246,Devin Vassell,21716137,pra,starter,fallback_used,projected,full,119,85,0.0
3547246,Devin Vassell,21716137,pra,starter,fallback_used,projected,full,119,86,0.0
3547246,Devin Vassell,21716137,pra,starter,fallback_used,projected,full,119,87,0.0
3547246,Devin Vassell,21716137,pra,starter,fallback_used,projected,full,119,88,0.0
3547246,Devin Vassell,21716137,pra,starter,fallback_used,projected,full,119,89,0.0
3547246,Devin Vassell,21716137,pra,starter,fallback_used,projected,full,119,90,0.0
3547246,Devin Vassell,21716137,pra,starter,fallback_used,projected,full,119,91,0.0
3547246,Devin Vassell,21716137,pra,starter,fallback_used,projected,full,119,92,0.0
3547246,Devin Vassell,21716137,pra,starter,fallback_used,projected,full,119,93,0.0
3547246,Devin Vassell,21716137,pra,starter,fallback_used,projected,full,119,94,0.0
3547246,Devin Vassell,21716137,pra,starter,fallback_used,projected,full,119,95,0.0
3547246,Devin Vassell,21716137,pra,starter,fallback_used,projected,full,119,96,0.0
3547246,Devin Vassell,21716137,pra,starter,fallback_used,projected,full,119,97,0.0
3547246,Devin Vassell,21716137,pra,starter,fallback_used,projected,full,119,98,0.0
3547246,Devin Vassell,21716137,pra,starter,fallback_used,projected,full,119,99,0.0
3547246,Devin Vassell,21716137,pra,starter,fallback_used,projected,full,119,100,0.0
3547246,Devin Vassell,21716137,pra,starter,fallback_used,projected,full,119,101,0.0
3547246,Devin Vassell,21716137,pra,starter,fallback_used,projected,full,119,102,0.0
3547246,Devin Vassell,21716137,pra,starter,fallback_used,projected,full,119,103,0.0
3547246,Devin Vassell,21716137,pra,starter,fallback_used,projected,full,119,104,0.0
3547246,Devin Vassell,21716137,pra,starter,fallback_used,projected,full,119,105,0.0
17896033,Miles McBride,21716137,pts,bench,fallback_used,projected,full,120,0,0.1992
17896033,Miles McBride,21716137,pts,bench,fallback_used,projected,full,120,1,0.0246
17896033,Miles McBride,21716137,pts,bench,fallback_used,projected,full,120,2,0.0346
17896033,Miles McBride,21716137,pts,bench,fallback_used,projected,full,120,3,0.0689
17896033,Miles McBride,21716137,pts,bench,fallback_used,projected,full,120,4,0.0837
17896033,Miles McBride,21716137,pts,bench,fallback_used,projected,full,120,5,0.097
17896033,Miles McBride,21716137,pts,bench,fallback_used,projected,full,120,6,0.0774
17896033,Miles McBride,21716137,pts,bench,fallback_used,projected,full,120,7,0.073
17896033,Miles McBride,21716137,pts,bench,fallback_used,projected,full,120,8,0.0729
17896033,Miles McBride,21716137,pts,bench,fallback_used,projected,full,120,9,0.0497
17896033,Miles McBride,21716137,pts,bench,fallback_used,projected,full,120,10,0.0492
17896033,Miles McBride,21716137,pts,bench,fallback_used,projected,full,120,11,0.0473
17896033,Miles McBride,21716137,pts,bench,fallback_used,projected,full,120,12,0.0354
17896033,Miles McBride,21716137,pts,bench,fallback_used,projected,full,120,13,0.0147
17896033,Miles McBride,21716137,pts,bench,fallback_used,projected,full,120,14,0.0211
17896033,Miles McBride,21716137,pts,bench,fallback_used,projected,full,120,15,0.0171
17896033,Miles McBride,21716137,pts,bench,fallback_used,projected,full,120,16,0.0078
17896033,Miles McBride,21716137,pts,bench,fallback_used,projected,full,120,17,0.0067
17896033,Miles McBride,21716137,pts,bench,fallback_used,projected,full,120,18,0.0038
17896033,Miles McBride,21716137,pts,bench,fallback_used,projected,full,120,19,0.0053
17896033,Miles McBride,21716137,pts,bench,fallback_used,projected,full,120,20,0.0049
17896033,Miles McBride,21716137,pts,bench,fallback_used,projected,full,120,21,0.0018
17896033,Miles McBride,21716137,pts,bench,fallback_used,projected,full,120,22,0.0004
17896033,Miles McBride,21716137,pts,bench,fallback_used,projected,full,120,23,0.0003
17896033,Miles McBride,21716137,pts,bench,fallback_used,projected,full,120,24,0.0007
17896033,Miles McBride,21716137,pts,bench,fallback_used,projected,full,120,25,0.0007
17896033,Miles McBride,21716137,pts,bench,fallback_used,projected,full,120,26,0.0001
17896033,Miles McBride,21716137,pts,bench,fallback_used,projected,full,120,27,0.0001
17896033,Miles McBride,21716137,pts,bench,fallback_used,projected,full,120,28,0.0001
17896033,Miles McBride,21716137,pts,bench,fallback_used,projected,full,120,29,0.0005
17896033,Miles McBride,21716137,pts,bench,fallback_used,projected,full,120,30,0.0001
17896033,Miles McBride,21716137,pts,bench,fallback_used,projected,full,120,31,0.0001
17896033,Miles McBride,21716137,pts,bench,fallback_used,projected,full,120,32,0.0
17896033,Miles McBride,21716137,pts,bench,fallback_used,projected,full,120,33,0.0001
17896033,Miles McBride,21716137,pts,bench,fallback_used,projected,full,120,34,0.0
17896033,Miles McBride,21716137,pts,bench,fallback_used,projected,full,120,35,0.0
17896033,Miles McBride,21716137,pts,bench,fallback_used,projected,full,120,36,0.0
17896033,Miles McBride,21716137,pts,bench,fallback_used,projected,full,120,37,0.0
17896033,Miles McBride,21716137,pts,bench,fallback_used,projected,full,120,42,0.0
17896033,Miles McBride,21716137,pts,bench,fallback_used,projected,full,120,43,0.0
17896033,Miles McBride,21716137,pts,bench,fallback_used,projected,full,120,80,0.0006
17896033,Miles McBride,21716137,reb,bench,fallback_used,projected,full,121,0,0.2056
17896033,Miles McBride,21716137,reb,bench,fallback_used,projected,full,121,1,0.2776
17896033,Miles McBride,21716137,reb,bench,fallback_used,projected,full,121,2,0.2693
17896033,Miles McBride,21716137,reb,bench,fallback_used,projected,full,121,3,0.1324
17896033,Miles McBride,21716137,reb,bench,fallback_used,projected,full,121,4,0.0721
17896033,Miles McBride,21716137,reb,bench,fallback_used,projected,full,121,5,0.0278
17896033,Miles McBride,21716137,reb,bench,fallback_used,projected,full,121,6,0.0117
17896033,Miles McBride,21716137,reb,bench,fallback_used,projected,full,121,7,0.0026
17896033,Miles McBride,21716137,reb,bench,fallback_used,projected,full,121,8,0.0007
17896033,Miles McBride,21716137,reb,bench,fallback_used,projected,full,121,9,0.0001
17896033,Miles McBride,21716137,reb,bench,fallback_used,projected,full,121,10,0.0
17896033,Miles McBride,21716137,reb,bench,fallback_used,projected,full,121,11,0.0
17896033,Miles McBride,21716137,reb,bench,fallback_used,projected,full,121,12,0.0
17896033,Miles McBride,21716137,reb,bench,fallback_used,projected,full,121,13,0.0
17896033,Miles McBride,21716137,reb,bench,fallback_used,projected,full,121,14,0.0
17896033,Miles McBride,21716137,reb,bench,fallback_used,projected,full,121,15,0.0
17896033,Miles McBride,21716137,reb,bench,fallback_used,projected,full,121,16,0.0
17896033,Miles McBride,21716137,reb,bench,fallback_used,projected,full,121,17,0.0
17896033,Miles McBride,21716137,ast,bench,fallback_used,projected,full,122,0,0.439
17896033,Miles McBride,21716137,ast,bench,fallback_used,projected,full,122,1,0.3425
17896033,Miles McBride,21716137,ast,bench,fallback_used,projected,full,122,2,0.1621
17896033,Miles McBride,21716137,ast,bench,fallback_used,projected,full,122,3,0.0478
17896033,Miles McBride,21716137,ast,bench,fallback_used,projected,full,122,4,0.0076
17896033,Miles McBride,21716137,ast,bench,fallback_used,projected,full,122,5,0.0008
17896033,Miles McBride,21716137,ast,bench,fallback_used,projected,full,122,6,0.0001
17896033,Miles McBride,21716137,ast,bench,fallback_used,projected,full,122,7,0.0
17896033,Miles McBride,21716137,ast,bench,fallback_used,projected,full,122,8,0.0
17896033,Miles McBride,21716137,ast,bench,fallback_used,projected,full,122,9,0.0
17896033,Miles McBride,21716137,ast,bench,fallback_used,projected,full,122,10,0.0
17896033,Miles McBride,21716137,ast,bench,fallback_used,projected,full,122,11,0.0
17896033,Miles McBride,21716137,ast,bench,fallback_used,projected,full,122,12,0.0
17896033,Miles McBride,21716137,ast,bench,fallback_used,projected,full,122,13,0.0
17896033,Miles McBride,21716137,ast,bench,fallback_used,projected,full,122,14,0.0
17896033,Miles McBride,21716137,ast,bench,fallback_used,projected,full,122,15,0.0
17896033,Miles McBride,21716137,fg3m,bench,fallback_used,projected,full,123,0,0.7054
17896033,Miles McBride,21716137,fg3m,bench,fallback_used,projected,full,123,1,0.0976
17896033,Miles McBride,21716137,fg3m,bench,fallback_used,projected,full,123,2,0.0204
17896033,Miles McBride,21716137,fg3m,bench,fallback_used,projected,full,123,3,0.0302
17896033,Miles McBride,21716137,fg3m,bench,fallback_used,projected,full,123,4,0.1465
17896033,Miles McBride,21716137,tov,bench,fallback_used,projected,full,124,0,0.59
17896033,Miles McBride,21716137,tov,bench,fallback_used,projected,full,124,1,0.3739
17896033,Miles McBride,21716137,tov,bench,fallback_used,projected,full,124,2,0.0357
17896033,Miles McBride,21716137,tov,bench,fallback_used,projected,full,124,3,0.0004
17896033,Miles McBride,21716137,tov,bench,fallback_used,projected,full,124,4,0.0
17896033,Miles McBride,21716137,tov,bench,fallback_used,projected,full,124,5,0.0
17896033,Miles McBride,21716137,tov,bench,fallback_used,projected,full,124,6,0.0
17896033,Miles McBride,21716137,tov,bench,fallback_used,projected,full,124,7,0.0
17896033,Miles McBride,21716137,stl,bench,fallback_used,projected,full,125,0,0.7
17896033,Miles McBride,21716137,stl,bench,fallback_used,projected,full,125,1,0.2497
17896033,Miles McBride,21716137,stl,bench,fallback_used,projected,full,125,2,0.0442
17896033,Miles McBride,21716137,stl,bench,fallback_used,projected,full,125,3,0.0031
17896033,Miles McBride,21716137,stl,bench,fallback_used,projected,full,125,4,0.003
17896033,Miles McBride,21716137,blk,bench,fallback_used,projected,full,126,0,0.7645
17896033,Miles McBride,21716137,blk,bench,fallback_used,projected,full,126,1,0.1947
17896033,Miles McBride,21716137,blk,bench,fallback_used,projected,full,126,2,0.0383
17896033,Miles McBride,21716137,blk,bench,fallback_used,projected,full,126,3,0.0014
17896033,Miles McBride,21716137,blk,bench,fallback_used,projected,full,126,10,0.0011
17896033,Miles McBride,21716137,stocks,bench,fallback_used,projected,full,127,0,0.5351
17896033,Miles McBride,21716137,stocks,bench,fallback_used,projected,full,127,1,0.3272
17896033,Miles McBride,21716137,stocks,bench,fallback_used,projected,full,127,2,0.1011
17896033,Miles McBride,21716137,stocks,bench,fallback_used,projected,full,127,3,0.026
17896033,Miles McBride,21716137,stocks,bench,fallback_used,projected,full,127,4,0.0086
17896033,Miles McBride,21716137,stocks,bench,fallback_used,projected,full,127,5,0.0016
17896033,Miles McBride,21716137,stocks,bench,fallback_used,projected,full,127,6,0.0002
17896033,Miles McBride,21716137,stocks,bench,fallback_used,projected,full,127,7,0.0
17896033,Miles McBride,21716137,stocks,bench,fallback_used,projected,full,127,10,0.0
17896033,Miles McBride,21716137,stocks,bench,fallback_used,projected,full,127,11,0.0
17896033,Miles McBride,21716137,stocks,bench,fallback_used,projected,full,127,12,0.0
17896033,Miles McBride,21716137,stocks,bench,fallback_used,projected,full,127,13,0.0
17896033,Miles McBride,21716137,stocks,bench,fallback_used,projected,full,127,14,0.0
17896033,Miles McBride,21716137,pa,bench,fallback_used,projected,full,128,0,0.0875
17896033,Miles McBride,21716137,pa,bench,fallback_used,projected,full,128,1,0.079
17896033,Miles McBride,21716137,pa,bench,fallback_used,projected,full,128,2,0.0559
17896033,Miles McBride,21716137,pa,bench,fallback_used,projected,full,128,3,0.0556
17896033,Miles McBride,21716137,pa,bench,fallback_used,projected,full,128,4,0.0687
17896033,Miles McBride,21716137,pa,bench,fallback_used,projected,full,128,5,0.0844
17896033,Miles McBride,21716137,pa,bench,fallback_used,projected,full,128,6,0.0844
17896033,Miles McBride,21716137,pa,bench,fallback_used,projected,full,128,7,0.0789
17896033,Miles McBride,21716137,pa,bench,fallback_used,projected,full,128,8,0.0749
17896033,Miles McBride,21716137,pa,bench,fallback_used,projected,full,128,9,0.0631
17896033,Miles McBride,21716137,pa,bench,fallback_used,projected,full,128,10,0.0546
17896033,Miles McBride,21716137,pa,bench,fallback_used,projected,full,128,11,0.0498
17896033,Miles McBride,21716137,pa,bench,fallback_used,projected,full,128,12,0.0427
17896033,Miles McBride,21716137,pa,bench,fallback_used,projected,full,128,13,0.029
17896033,Miles McBride,21716137,pa,bench,fallback_used,projected,full,128,14,0.0227
17896033,Miles McBride,21716137,pa,bench,fallback_used,projected,full,128,15,0.0192
17896033,Miles McBride,21716137,pa,bench,fallback_used,projected,full,128,16,0.0137
17896033,Miles McBride,21716137,pa,bench,fallback_used,projected,full,128,17,0.0095
17896033,Miles McBride,21716137,pa,bench,fallback_used,projected,full,128,18,0.0062
17896033,Miles McBride,21716137,pa,bench,fallback_used,projected,full,128,19,0.0052
17896033,Miles McBride,21716137,pa,bench,fallback_used,projected,full,128,20,0.005
17896033,Miles McBride,21716137,pa,bench,fallback_used,projected,full,128,21,0.0036
17896033,Miles McBride,21716137,pa,bench,fallback_used,projected,full,128,22,0.0019
17896033,Miles McBride,21716137,pa,bench,fallback_used,projected,full,128,23,0.0008
17896033,Miles McBride,21716137,pa,bench,fallback_used,projected,full,128,24,0.0006
17896033,Miles McBride,21716137,pa,bench,fallback_used,projected,full,128,25,0.0006
17896033,Miles McBride,21716137,pa,bench,fallback_used,projected,full,128,26,0.0004
17896033,Miles McBride,21716137,pa,bench,fallback_used,projected,full,128,27,0.0002
17896033,Miles McBride,21716137,pa,bench,fallback_used,projected,full,128,28,0.0001
17896033,Miles McBride,21716137,pa,bench,fallback_used,projected,full,128,29,0.0003
17896033,Miles McBride,21716137,pa,bench,fallback_used,projected,full,128,30,0.0003
17896033,Miles McBride,21716137,pa,bench,fallback_used,projected,full,128,31,0.0002
17896033,Miles McBride,21716137,pa,bench,fallback_used,projected,full,128,32,0.0001
17896033,Miles McBride,21716137,pa,bench,fallback_used,projected,full,128,33,0.0001
17896033,Miles McBride,21716137,pa,bench,fallback_used,projected,full,128,34,0.0
17896033,Miles McBride,21716137,pa,bench,fallback_used,projected,full,128,35,0.0
17896033,Miles McBride,21716137,pa,bench,fallback_used,projected,full,128,36,0.0
17896033,Miles McBride,21716137,pa,bench,fallback_used,projected,full,128,37,0.0
17896033,Miles McBride,21716137,pa,bench,fallback_used,projected,full,128,38,0.0
17896033,Miles McBride,21716137,pa,bench,fallback_used,projected,full,128,39,0.0
17896033,Miles McBride,21716137,pa,bench,fallback_used,projected,full,128,40,0.0
17896033,Miles McBride,21716137,pa,bench,fallback_used,projected,full,128,41,0.0
17896033,Miles McBride,21716137,pa,bench,fallback_used,projected,full,128,42,0.0
17896033,Miles McBride,21716137,pa,bench,fallback_used,projected,full,128,43,0.0
17896033,Miles McBride,21716137,pa,bench,fallback_used,projected,full,128,44,0.0
17896033,Miles McBride,21716137,pa,bench,fallback_used,projected,full,128,45,0.0
17896033,Miles McBride,21716137,pa,bench,fallback_used,projected,full,128,46,0.0
17896033,Miles McBride,21716137,pa,bench,fallback_used,projected,full,128,47,0.0
17896033,Miles McBride,21716137,pa,bench,fallback_used,projected,full,128,48,0.0
17896033,Miles McBride,21716137,pa,bench,fallback_used,projected,full,128,49,0.0
17896033,Miles McBride,21716137,pa,bench,fallback_used,projected,full,128,50,0.0
17896033,Miles McBride,21716137,pa,bench,fallback_used,projected,full,128,51,0.0
17896033,Miles McBride,21716137,pa,bench,fallback_used,projected,full,128,52,0.0
17896033,Miles McBride,21716137,pa,bench,fallback_used,projected,full,128,53,0.0
17896033,Miles McBride,21716137,pa,bench,fallback_used,projected,full,128,54,0.0
17896033,Miles McBride,21716137,pa,bench,fallback_used,projected,full,128,55,0.0
17896033,Miles McBride,21716137,pa,bench,fallback_used,projected,full,128,80,0.0003
17896033,Miles McBride,21716137,pa,bench,fallback_used,projected,full,128,81,0.0002
17896033,Miles McBride,21716137,pa,bench,fallback_used,projected,full,128,82,0.0001
17896033,Miles McBride,21716137,pa,bench,fallback_used,projected,full,128,83,0.0
17896033,Miles McBride,21716137,pa,bench,fallback_used,projected,full,128,84,0.0
17896033,Miles McBride,21716137,pa,bench,fallback_used,projected,full,128,85,0.0
17896033,Miles McBride,21716137,pa,bench,fallback_used,projected,full,128,86,0.0
17896033,Miles McBride,21716137,pa,bench,fallback_used,projected,full,128,87,0.0
17896033,Miles McBride,21716137,pa,bench,fallback_used,projected,full,128,88,0.0
17896033,Miles McBride,21716137,pa,bench,fallback_used,projected,full,128,89,0.0
17896033,Miles McBride,21716137,pa,bench,fallback_used,projected,full,128,90,0.0
17896033,Miles McBride,21716137,pa,bench,fallback_used,projected,full,128,91,0.0
17896033,Miles McBride,21716137,pa,bench,fallback_used,projected,full,128,92,0.0
17896033,Miles McBride,21716137,pa,bench,fallback_used,projected,full,128,93,0.0
17896033,Miles McBride,21716137,pr,bench,fallback_used,projected,full,129,0,0.041
17896033,Miles McBride,21716137,pr,bench,fallback_used,projected,full,129,1,0.0604
17896033,Miles McBride,21716137,pr,bench,fallback_used,projected,full,129,2,0.0676
17896033,Miles McBride,21716137,pr,bench,fallback_used,projected,full,129,3,0.0567
17896033,Miles McBride,21716137,pr,bench,fallback_used,projected,full,129,4,0.0633
17896033,Miles McBride,21716137,pr,bench,fallback_used,projected,full,129,5,0.0736
17896033,Miles McBride,21716137,pr,bench,fallback_used,projected,full,129,6,0.08
17896033,Miles McBride,21716137,pr,bench,fallback_used,projected,full,129,7,0.0804
17896033,Miles McBride,21716137,pr,bench,fallback_used,projected,full,129,8,0.0775
17896033,Miles McBride,21716137,pr,bench,fallback_used,projected,full,129,9,0.0706
17896033,Miles McBride,21716137,pr,bench,fallback_used,projected,full,129,10,0.0627
17896033,Miles McBride,21716137,pr,bench,fallback_used,projected,full,129,11,0.0553
17896033,Miles McBride,21716137,pr,bench,fallback_used,projected,full,129,12,0.0488
17896033,Miles McBride,21716137,pr,bench,fallback_used,projected,full,129,13,0.0388
17896033,Miles McBride,21716137,pr,bench,fallback_used,projected,full,129,14,0.0303
17896033,Miles McBride,21716137,pr,bench,fallback_used,projected,full,129,15,0.0236
17896033,Miles McBride,21716137,pr,bench,fallback_used,projected,full,129,16,0.0186
17896033,Miles McBride,21716137,pr,bench,fallback_used,projected,full,129,17,0.0137
17896033,Miles McBride,21716137,pr,bench,fallback_used,projected,full,129,18,0.0095
17896033,Miles McBride,21716137,pr,bench,fallback_used,projected,full,129,19,0.0071
17896033,Miles McBride,21716137,pr,bench,fallback_used,projected,full,129,20,0.0057
17896033,Miles McBride,21716137,pr,bench,fallback_used,projected,full,129,21,0.0046
17896033,Miles McBride,21716137,pr,bench,fallback_used,projected,full,129,22,0.0032
17896033,Miles McBride,21716137,pr,bench,fallback_used,projected,full,129,23,0.0019
17896033,Miles McBride,21716137,pr,bench,fallback_used,projected,full,129,24,0.0011
17896033,Miles McBride,21716137,pr,bench,fallback_used,projected,full,129,25,0.0008
17896033,Miles McBride,21716137,pr,bench,fallback_used,projected,full,129,26,0.0006
17896033,Miles McBride,21716137,pr,bench,fallback_used,projected,full,129,27,0.0004
17896033,Miles McBride,21716137,pr,bench,fallback_used,projected,full,129,28,0.0002
17896033,Miles McBride,21716137,pr,bench,fallback_used,projected,full,129,29,0.0003
17896033,Miles McBride,21716137,pr,bench,fallback_used,projected,full,129,30,0.0002
17896033,Miles McBride,21716137,pr,bench,fallback_used,projected,full,129,31,0.0002
17896033,Miles McBride,21716137,pr,bench,fallback_used,projected,full,129,32,0.0001
17896033,Miles McBride,21716137,pr,bench,fallback_used,projected,full,129,33,0.0001
17896033,Miles McBride,21716137,pr,bench,fallback_used,projected,full,129,34,0.0001
17896033,Miles McBride,21716137,pr,bench,fallback_used,projected,full,129,35,0.0
17896033,Miles McBride,21716137,pr,bench,fallback_used,projected,full,129,36,0.0
17896033,Miles McBride,21716137,pr,bench,fallback_used,projected,full,129,37,0.0
17896033,Miles McBride,21716137,pr,bench,fallback_used,projected,full,129,38,0.0
17896033,Miles McBride,21716137,pr,bench,fallback_used,projected,full,129,39,0.0
17896033,Miles McBride,21716137,pr,bench,fallback_used,projected,full,129,40,0.0
17896033,Miles McBride,21716137,pr,bench,fallback_used,projected,full,129,41,0.0
17896033,Miles McBride,21716137,pr,bench,fallback_used,projected,full,129,42,0.0
17896033,Miles McBride,21716137,pr,bench,fallback_used,projected,full,129,43,0.0
17896033,Miles McBride,21716137,pr,bench,fallback_used,projected,full,129,44,0.0
17896033,Miles McBride,21716137,pr,bench,fallback_used,projected,full,129,45,0.0
17896033,Miles McBride,21716137,pr,bench,fallback_used,projected,full,129,46,0.0
17896033,Miles McBride,21716137,pr,bench,fallback_used,projected,full,129,47,0.0
17896033,Miles McBride,21716137,pr,bench,fallback_used,projected,full,129,48,0.0
17896033,Miles McBride,21716137,pr,bench,fallback_used,projected,full,129,49,0.0
17896033,Miles McBride,21716137,pr,bench,fallback_used,projected,full,129,50,0.0
17896033,Miles McBride,21716137,pr,bench,fallback_used,projected,full,129,51,0.0
17896033,Miles McBride,21716137,pr,bench,fallback_used,projected,full,129,52,0.0
17896033,Miles McBride,21716137,pr,bench,fallback_used,projected,full,129,53,0.0
17896033,Miles McBride,21716137,pr,bench,fallback_used,projected,full,129,54,0.0
17896033,Miles McBride,21716137,pr,bench,fallback_used,projected,full,129,55,0.0
17896033,Miles McBride,21716137,pr,bench,fallback_used,projected,full,129,56,0.0
17896033,Miles McBride,21716137,pr,bench,fallback_used,projected,full,129,57,0.0
17896033,Miles McBride,21716137,pr,bench,fallback_used,projected,full,129,58,0.0
17896033,Miles McBride,21716137,pr,bench,fallback_used,projected,full,129,59,0.0
17896033,Miles McBride,21716137,pr,bench,fallback_used,projected,full,129,60,0.0
17896033,Miles McBride,21716137,pr,bench,fallback_used,projected,full,129,80,0.0001
17896033,Miles McBride,21716137,pr,bench,fallback_used,projected,full,129,81,0.0002
17896033,Miles McBride,21716137,pr,bench,fallback_used,projected,full,129,82,0.0002
17896033,Miles McBride,21716137,pr,bench,fallback_used,projected,full,129,83,0.0001
17896033,Miles McBride,21716137,pr,bench,fallback_used,projected,full,129,84,0.0
17896033,Miles McBride,21716137,pr,bench,fallback_used,projected,full,129,85,0.0
17896033,Miles McBride,21716137,pr,bench,fallback_used,projected,full,129,86,0.0
17896033,Miles McBride,21716137,pr,bench,fallback_used,projected,full,129,87,0.0
17896033,Miles McBride,21716137,pr,bench,fallback_used,projected,full,129,88,0.0
17896033,Miles McBride,21716137,pr,bench,fallback_used,projected,full,129,89,0.0
17896033,Miles McBride,21716137,pr,bench,fallback_used,projected,full,129,90,0.0
17896033,Miles McBride,21716137,pr,bench,fallback_used,projected,full,129,91,0.0
17896033,Miles McBride,21716137,pr,bench,fallback_used,projected,full,129,92,0.0
17896033,Miles McBride,21716137,pr,bench,fallback_used,projected,full,129,93,0.0
17896033,Miles McBride,21716137,pr,bench,fallback_used,projected,full,129,94,0.0
17896033,Miles McBride,21716137,pr,bench,fallback_used,projected,full,129,95,0.0
17896033,Miles McBride,21716137,pr,bench,fallback_used,projected,full,129,96,0.0
17896033,Miles McBride,21716137,pr,bench,fallback_used,projected,full,129,97,0.0
17896033,Miles McBride,21716137,ra,bench,fallback_used,projected,full,130,0,0.0903
17896033,Miles McBride,21716137,ra,bench,fallback_used,projected,full,130,1,0.1923
17896033,Miles McBride,21716137,ra,bench,fallback_used,projected,full,130,2,0.2466
17896033,Miles McBride,21716137,ra,bench,fallback_used,projected,full,130,3,0.2052
17896033,Miles McBride,21716137,ra,bench,fallback_used,projected,full,130,4,0.1355
17896033,Miles McBride,21716137,ra,bench,fallback_used,projected,full,130,5,0.0735
17896033,Miles McBride,21716137,ra,bench,fallback_used,projected,full,130,6,0.035
17896033,Miles McBride,21716137,ra,bench,fallback_used,projected,full,130,7,0.0144
17896033,Miles McBride,21716137,ra,bench,fallback_used,projected,full,130,8,0.0052
17896033,Miles McBride,21716137,ra,bench,fallback_used,projected,full,130,9,0.0016
17896033,Miles McBride,21716137,ra,bench,fallback_used,projected,full,130,10,0.0004
17896033,Miles McBride,21716137,ra,bench,fallback_used,projected,full,130,11,0.0001
17896033,Miles McBride,21716137,ra,bench,fallback_used,projected,full,130,12,0.0
17896033,Miles McBride,21716137,ra,bench,fallback_used,projected,full,130,13,0.0
17896033,Miles McBride,21716137,ra,bench,fallback_used,projected,full,130,14,0.0
17896033,Miles McBride,21716137,ra,bench,fallback_used,projected,full,130,15,0.0
17896033,Miles McBride,21716137,ra,bench,fallback_used,projected,full,130,16,0.0
17896033,Miles McBride,21716137,ra,bench,fallback_used,projected,full,130,17,0.0
17896033,Miles McBride,21716137,ra,bench,fallback_used,projected,full,130,18,0.0
17896033,Miles McBride,21716137,ra,bench,fallback_used,projected,full,130,19,0.0
17896033,Miles McBride,21716137,ra,bench,fallback_used,projected,full,130,20,0.0
17896033,Miles McBride,21716137,ra,bench,fallback_used,projected,full,130,21,0.0
17896033,Miles McBride,21716137,ra,bench,fallback_used,projected,full,130,22,0.0
17896033,Miles McBride,21716137,ra,bench,fallback_used,projected,full,130,23,0.0
17896033,Miles McBride,21716137,ra,bench,fallback_used,projected,full,130,24,0.0
17896033,Miles McBride,21716137,ra,bench,fallback_used,projected,full,130,25,0.0
17896033,Miles McBride,21716137,pra,bench,fallback_used,projected,full,131,0,0.018
17896033,Miles McBride,21716137,pra,bench,fallback_used,projected,full,131,1,0.0405
17896033,Miles McBride,21716137,pra,bench,fallback_used,projected,full,131,2,0.057
17896033,Miles McBride,21716137,pra,bench,fallback_used,projected,full,131,3,0.0598
17896033,Miles McBride,21716137,pra,bench,fallback_used,projected,full,131,4,0.0614
17896033,Miles McBride,21716137,pra,bench,fallback_used,projected,full,131,5,0.0669
17896033,Miles McBride,21716137,pra,bench,fallback_used,projected,full,131,6,0.0739
17896033,Miles McBride,21716137,pra,bench,fallback_used,projected,full,131,7,0.0782
17896033,Miles McBride,21716137,pra,bench,fallback_used,projected,full,131,8,0.0786
17896033,Miles McBride,21716137,pra,bench,fallback_used,projected,full,131,9,0.075
17896033,Miles McBride,21716137,pra,bench,fallback_used,projected,full,131,10,0.0688
17896033,Miles McBride,21716137,pra,bench,fallback_used,projected,full,131,11,0.0616
17896033,Miles McBride,21716137,pra,bench,fallback_used,projected,full,131,12,0.0545
17896033,Miles McBride,21716137,pra,bench,fallback_used,projected,full,131,13,0.0463
17896033,Miles McBride,21716137,pra,bench,fallback_used,projected,full,131,14,0.0377
17896033,Miles McBride,21716137,pra,bench,fallback_used,projected,full,131,15,0.0299
17896033,Miles McBride,21716137,pra,bench,fallback_used,projected,full,131,16,0.0235
17896033,Miles McBride,21716137,pra,bench,fallback_used,projected,full,131,17,0.018
17896033,Miles McBride,21716137,pra,bench,fallback_used,projected,full,131,18,0.0133
17896033,Miles McBride,21716137,pra,bench,fallback_used,projected,full,131,19,0.0097
17896033,Miles McBride,21716137,pra,bench,fallback_used,projected,full,131,20,0.0073
17896033,Miles McBride,21716137,pra,bench,fallback_used,projected,full,131,21,0.0057
17896033,Miles McBride,21716137,pra,bench,fallback_used,projected,full,131,22,0.0044
17896033,Miles McBride,21716137,pra,bench,fallback_used,projected,full,131,23,0.003
17896033,Miles McBride,21716137,pra,bench,fallback_used,projected,full,131,24,0.0019
17896033,Miles McBride,21716137,pra,bench,fallback_used,projected,full,131,25,0.0013
17896033,Miles McBride,21716137,pra,bench,fallback_used,projected,full,131,26,0.0009
17896033,Miles McBride,21716137,pra,bench,fallback_used,projected,full,131,27,0.0006
17896033,Miles McBride,21716137,pra,bench,fallback_used,projected,full,131,28,0.0004
17896033,Miles McBride,21716137,pra,bench,fallback_used,projected,full,131,29,0.0003
17896033,Miles McBride,21716137,pra,bench,fallback_used,projected,full,131,30,0.0003
17896033,Miles McBride,21716137,pra,bench,fallback_used,projected,full,131,31,0.0002
17896033,Miles McBride,21716137,pra,bench,fallback_used,projected,full,131,32,0.0002
17896033,Miles McBride,21716137,pra,bench,fallback_used,projected,full,131,33,0.0001
17896033,Miles McBride,21716137,pra,bench,fallback_used,projected,full,131,34,0.0001
17896033,Miles McBride,21716137,pra,bench,fallback_used,projected,full,131,35,0.0001
17896033,Miles McBride,21716137,pra,bench,fallback_used,projected,full,131,36,0.0
17896033,Miles McBride,21716137,pra,bench,fallback_used,projected,full,131,37,0.0
17896033,Miles McBride,21716137,pra,bench,fallback_used,projected,full,131,38,0.0
17896033,Miles McBride,21716137,pra,bench,fallback_used,projected,full,131,39,0.0
17896033,Miles McBride,21716137,pra,bench,fallback_used,projected,full,131,40,0.0
17896033,Miles McBride,21716137,pra,bench,fallback_used,projected,full,131,41,0.0
17896033,Miles McBride,21716137,pra,bench,fallback_used,projected,full,131,42,0.0
17896033,Miles McBride,21716137,pra,bench,fallback_used,projected,full,131,43,0.0
17896033,Miles McBride,21716137,pra,bench,fallback_used,projected,full,131,44,0.0
17896033,Miles McBride,21716137,pra,bench,fallback_used,projected,full,131,45,0.0
17896033,Miles McBride,21716137,pra,bench,fallback_used,projected,full,131,46,0.0
17896033,Miles McBride,21716137,pra,bench,fallback_used,projected,full,131,47,0.0
17896033,Miles McBride,21716137,pra,bench,fallback_used,projected,full,131,48,0.0
17896033,Miles McBride,21716137,pra,bench,fallback_used,projected,full,131,49,0.0
17896033,Miles McBride,21716137,pra,bench,fallback_used,projected,full,131,50,0.0
17896033,Miles McBride,21716137,pra,bench,fallback_used,projected,full,131,51,0.0
17896033,Miles McBride,21716137,pra,bench,fallback_used,projected,full,131,52,0.0
17896033,Miles McBride,21716137,pra,bench,fallback_used,projected,full,131,53,0.0
17896033,Miles McBride,21716137,pra,bench,fallback_used,projected,full,131,54,0.0
17896033,Miles McBride,21716137,pra,bench,fallback_used,projected,full,131,55,0.0
17896033,Miles McBride,21716137,pra,bench,fallback_used,projected,full,131,56,0.0
17896033,Miles McBride,21716137,pra,bench,fallback_used,projected,full,131,57,0.0
17896033,Miles McBride,21716137,pra,bench,fallback_used,projected,full,131,58,0.0
17896033,Miles McBride,21716137,pra,bench,fallback_used,projected,full,131,59,0.0
17896033,Miles McBride,21716137,pra,bench,fallback_used,projected,full,131,60,0.0
17896033,Miles McBride,21716137,pra,bench,fallback_used,projected,full,131,61,0.0
17896033,Miles McBride,21716137,pra,bench,fallback_used,projected,full,131,62,0.0
17896033,Miles McBride,21716137,pra,bench,fallback_used,projected,full,131,63,0.0
17896033,Miles McBride,21716137,pra,bench,fallback_used,projected,full,131,80,0.0001
17896033,Miles McBride,21716137,pra,bench,fallback_used,projected,full,131,81,0.0001
17896033,Miles McBride,21716137,pra,bench,fallback_used,projected,full,131,82,0.0001
17896033,Miles McBride,21716137,pra,bench,fallback_used,projected,full,131,83,0.0001
17896033,Miles McBride,21716137,pra,bench,fallback_used,projected,full,131,84,0.0001
17896033,Miles McBride,21716137,pra,bench,fallback_used,projected,full,131,85,0.0
17896033,Miles McBride,21716137,pra,bench,fallback_used,projected,full,131,86,0.0
17896033,Miles McBride,21716137,pra,bench,fallback_used,projected,full,131,87,0.0
17896033,Miles McBride,21716137,pra,bench,fallback_used,projected,full,131,88,0.0
17896033,Miles McBride,21716137,pra,bench,fallback_used,projected,full,131,89,0.0
17896033,Miles McBride,21716137,pra,bench,fallback_used,projected,full,131,90,0.0
17896033,Miles McBride,21716137,pra,bench,fallback_used,projected,full,131,91,0.0
17896033,Miles McBride,21716137,pra,bench,fallback_used,projected,full,131,92,0.0
17896033,Miles McBride,21716137,pra,bench,fallback_used,projected,full,131,93,0.0
17896033,Miles McBride,21716137,pra,bench,fallback_used,projected,full,131,94,0.0
17896033,Miles McBride,21716137,pra,bench,fallback_used,projected,full,131,95,0.0
17896033,Miles McBride,21716137,pra,bench,fallback_used,projected,full,131,96,0.0
17896033,Miles McBride,21716137,pra,bench,fallback_used,projected,full,131,97,0.0
17896033,Miles McBride,21716137,pra,bench,fallback_used,projected,full,131,98,0.0
17896033,Miles McBride,21716137,pra,bench,fallback_used,projected,full,131,99,0.0
17896033,Miles McBride,21716137,pra,bench,fallback_used,projected,full,131,100,0.0
17896033,Miles McBride,21716137,pra,bench,fallback_used,projected,full,131,101,0.0
17896033,Miles McBride,21716137,pra,bench,fallback_used,projected,full,131,102,0.0
38017649,Julian Champagnie,21716137,pts,core,fallback_used,projected,full,132,0,0.0124
38017649,Julian Champagnie,21716137,pts,core,fallback_used,projected,full,132,1,0.014
38017649,Julian Champagnie,21716137,pts,core,fallback_used,projected,full,132,2,0.0285
38017649,Julian Champagnie,21716137,pts,core,fallback_used,projected,full,132,3,0.0314
38017649,Julian Champagnie,21716137,pts,core,fallback_used,projected,full,132,4,0.0364
38017649,Julian Champagnie,21716137,pts,core,fallback_used,projected,full,132,5,0.0483
38017649,Julian Champagnie,21716137,pts,core,fallback_used,projected,full,132,6,0.049
38017649,Julian Champagnie,21716137,pts,core,fallback_used,projected,full,132,7,0.0651
38017649,Julian Champagnie,21716137,pts,core,fallback_used,projected,full,132,8,0.0884
38017649,Julian Champagnie,21716137,pts,core,fallback_used,projected,full,132,9,0.077
38017649,Julian Champagnie,21716137,pts,core,fallback_used,projected,full,132,10,0.0589
38017649,Julian Champagnie,21716137,pts,core,fallback_used,projected,full,132,11,0.0873
38017649,Julian Champagnie,21716137,pts,core,fallback_used,projected,full,132,12,0.0465
38017649,Julian Champagnie,21716137,pts,core,fallback_used,projected,full,132,13,0.064
38017649,Julian Champagnie,21716137,pts,core,fallback_used,projected,full,132,14,0.0355
38017649,Julian Champagnie,21716137,pts,core,fallback_used,projected,full,132,15,0.029
38017649,Julian Champagnie,21716137,pts,core,fallback_used,projected,full,132,16,0.0428
38017649,Julian Champagnie,21716137,pts,core,fallback_used,projected,full,132,17,0.0457
38017649,Julian Champagnie,21716137,pts,core,fallback_used,projected,full,132,18,0.0271
38017649,Julian Champagnie,21716137,pts,core,fallback_used,projected,full,132,19,0.0143
38017649,Julian Champagnie,21716137,pts,core,fallback_used,projected,full,132,20,0.0182
38017649,Julian Champagnie,21716137,pts,core,fallback_used,projected,full,132,21,0.0297
38017649,Julian Champagnie,21716137,pts,core,fallback_used,projected,full,132,22,0.0208
38017649,Julian Champagnie,21716137,pts,core,fallback_used,projected,full,132,23,0.0069
38017649,Julian Champagnie,21716137,pts,core,fallback_used,projected,full,132,24,0.0034
38017649,Julian Champagnie,21716137,pts,core,fallback_used,projected,full,132,25,0.0056
38017649,Julian Champagnie,21716137,pts,core,fallback_used,projected,full,132,26,0.0051
38017649,Julian Champagnie,21716137,pts,core,fallback_used,projected,full,132,27,0.0033
38017649,Julian Champagnie,21716137,pts,core,fallback_used,projected,full,132,28,0.0028
38017649,Julian Champagnie,21716137,pts,core,fallback_used,projected,full,132,29,0.0013
38017649,Julian Champagnie,21716137,pts,core,fallback_used,projected,full,132,30,0.0004
38017649,Julian Champagnie,21716137,pts,core,fallback_used,projected,full,132,31,0.0001
38017649,Julian Champagnie,21716137,pts,core,fallback_used,projected,full,132,32,0.0001
38017649,Julian Champagnie,21716137,pts,core,fallback_used,projected,full,132,33,0.0001
38017649,Julian Champagnie,21716137,pts,core,fallback_used,projected,full,132,34,0.0001
38017649,Julian Champagnie,21716137,pts,core,fallback_used,projected,full,132,35,0.0002
38017649,Julian Champagnie,21716137,pts,core,fallback_used,projected,full,132,36,0.0001
38017649,Julian Champagnie,21716137,pts,core,fallback_used,projected,full,132,37,0.0001
38017649,Julian Champagnie,21716137,pts,core,fallback_used,projected,full,132,38,0.0002
38017649,Julian Champagnie,21716137,pts,core,fallback_used,projected,full,132,40,0.0
38017649,Julian Champagnie,21716137,pts,core,fallback_used,projected,full,132,41,0.0
38017649,Julian Champagnie,21716137,pts,core,fallback_used,projected,full,132,45,0.0
38017649,Julian Champagnie,21716137,pts,core,fallback_used,projected,full,132,48,0.0001
38017649,Julian Champagnie,21716137,reb,core,fallback_used,projected,full,133,0,0.009
38017649,Julian Champagnie,21716137,reb,core,fallback_used,projected,full,133,1,0.0157
38017649,Julian Champagnie,21716137,reb,core,fallback_used,projected,full,133,2,0.0338
38017649,Julian Champagnie,21716137,reb,core,fallback_used,projected,full,133,3,0.0898
38017649,Julian Champagnie,21716137,reb,core,fallback_used,projected,full,133,4,0.1402
38017649,Julian Champagnie,21716137,reb,core,fallback_used,projected,full,133,5,0.2812
38017649,Julian Champagnie,21716137,reb,core,fallback_used,projected,full,133,6,0.1681
38017649,Julian Champagnie,21716137,reb,core,fallback_used,projected,full,133,7,0.1343
38017649,Julian Champagnie,21716137,reb,core,fallback_used,projected,full,133,8,0.0805
38017649,Julian Champagnie,21716137,reb,core,fallback_used,projected,full,133,9,0.0261
38017649,Julian Champagnie,21716137,reb,core,fallback_used,projected,full,133,10,0.0106
38017649,Julian Champagnie,21716137,reb,core,fallback_used,projected,full,133,11,0.0077
38017649,Julian Champagnie,21716137,reb,core,fallback_used,projected,full,133,12,0.0021
38017649,Julian Champagnie,21716137,reb,core,fallback_used,projected,full,133,13,0.0006
38017649,Julian Champagnie,21716137,reb,core,fallback_used,projected,full,133,14,0.0001
38017649,Julian Champagnie,21716137,reb,core,fallback_used,projected,full,133,15,0.0001
38017649,Julian Champagnie,21716137,reb,core,fallback_used,projected,full,133,16,0.0
38017649,Julian Champagnie,21716137,reb,core,fallback_used,projected,full,133,17,0.0
38017649,Julian Champagnie,21716137,reb,core,fallback_used,projected,full,133,18,0.0
38017649,Julian Champagnie,21716137,reb,core,fallback_used,projected,full,133,19,0.0
38017649,Julian Champagnie,21716137,reb,core,fallback_used,projected,full,133,20,0.0
38017649,Julian Champagnie,21716137,reb,core,fallback_used,projected,full,133,21,0.0
38017649,Julian Champagnie,21716137,reb,core,fallback_used,projected,full,133,22,0.0
38017649,Julian Champagnie,21716137,reb,core,fallback_used,projected,full,133,24,0.0
38017649,Julian Champagnie,21716137,ast,core,fallback_used,projected,full,134,0,0.1212
38017649,Julian Champagnie,21716137,ast,core,fallback_used,projected,full,134,1,0.2925
38017649,Julian Champagnie,21716137,ast,core,fallback_used,projected,full,134,2,0.3535
38017649,Julian Champagnie,21716137,ast,core,fallback_used,projected,full,134,3,0.1783
38017649,Julian Champagnie,21716137,ast,core,fallback_used,projected,full,134,4,0.0399
38017649,Julian Champagnie,21716137,ast,core,fallback_used,projected,full,134,5,0.0114
38017649,Julian Champagnie,21716137,ast,core,fallback_used,projected,full,134,6,0.0021
38017649,Julian Champagnie,21716137,ast,core,fallback_used,projected,full,134,7,0.0004
38017649,Julian Champagnie,21716137,ast,core,fallback_used,projected,full,134,8,0.0002
38017649,Julian Champagnie,21716137,ast,core,fallback_used,projected,full,134,9,0.0001
38017649,Julian Champagnie,21716137,ast,core,fallback_used,projected,full,134,10,0.0001
38017649,Julian Champagnie,21716137,ast,core,fallback_used,projected,full,134,11,0.0
38017649,Julian Champagnie,21716137,ast,core,fallback_used,projected,full,134,12,0.0
38017649,Julian Champagnie,21716137,ast,core,fallback_used,projected,full,134,13,0.0
38017649,Julian Champagnie,21716137,ast,core,fallback_used,projected,full,134,25,0.0002
38017649,Julian Champagnie,21716137,fg3m,core,fallback_used,projected,full,135,0,0.1699
38017649,Julian Champagnie,21716137,fg3m,core,fallback_used,projected,full,135,1,0.2463
38017649,Julian Champagnie,21716137,fg3m,core,fallback_used,projected,full,135,2,0.2747
38017649,Julian Champagnie,21716137,fg3m,core,fallback_used,projected,full,135,3,0.1175
38017649,Julian Champagnie,21716137,fg3m,core,fallback_used,projected,full,135,4,0.0788
38017649,Julian Champagnie,21716137,fg3m,core,fallback_used,projected,full,135,5,0.0322
38017649,Julian Champagnie,21716137,fg3m,core,fallback_used,projected,full,135,6,0.0805
38017649,Julian Champagnie,21716137,tov,core,fallback_used,projected,full,136,0,0.2186
38017649,Julian Champagnie,21716137,tov,core,fallback_used,projected,full,136,1,0.6341
38017649,Julian Champagnie,21716137,tov,core,fallback_used,projected,full,136,2,0.1364
38017649,Julian Champagnie,21716137,tov,core,fallback_used,projected,full,136,3,0.0108
38017649,Julian Champagnie,21716137,tov,core,fallback_used,projected,full,136,4,0.0001
38017649,Julian Champagnie,21716137,tov,core,fallback_used,projected,full,136,5,0.0
38017649,Julian Champagnie,21716137,tov,core,fallback_used,projected,full,136,6,0.0
38017649,Julian Champagnie,21716137,tov,core,fallback_used,projected,full,136,7,0.0
38017649,Julian Champagnie,21716137,tov,core,fallback_used,projected,full,136,8,0.0
38017649,Julian Champagnie,21716137,stl,core,fallback_used,projected,full,137,0,0.5375
38017649,Julian Champagnie,21716137,stl,core,fallback_used,projected,full,137,1,0.3466
38017649,Julian Champagnie,21716137,stl,core,fallback_used,projected,full,137,2,0.09
38017649,Julian Champagnie,21716137,stl,core,fallback_used,projected,full,137,3,0.0196
38017649,Julian Champagnie,21716137,stl,core,fallback_used,projected,full,137,4,0.0063
38017649,Julian Champagnie,21716137,blk,core,fallback_used,projected,full,138,0,0.7736
38017649,Julian Champagnie,21716137,blk,core,fallback_used,projected,full,138,1,0.1563
38017649,Julian Champagnie,21716137,blk,core,fallback_used,projected,full,138,2,0.0653
38017649,Julian Champagnie,21716137,blk,core,fallback_used,projected,full,138,3,0.0024
38017649,Julian Champagnie,21716137,blk,core,fallback_used,projected,full,138,4,0.0023
38017649,Julian Champagnie,21716137,stocks,core,fallback_used,projected,full,139,0,0.4158
38017649,Julian Champagnie,21716137,stocks,core,fallback_used,projected,full,139,1,0.3522
38017649,Julian Champagnie,21716137,stocks,core,fallback_used,projected,full,139,2,0.1576
38017649,Julian Champagnie,21716137,stocks,core,fallback_used,projected,full,139,3,0.0523
38017649,Julian Champagnie,21716137,stocks,core,fallback_used,projected,full,139,4,0.017
38017649,Julian Champagnie,21716137,stocks,core,fallback_used,projected,full,139,5,0.0041
38017649,Julian Champagnie,21716137,stocks,core,fallback_used,projected,full,139,6,0.0009
38017649,Julian Champagnie,21716137,stocks,core,fallback_used,projected,full,139,7,0.0001
38017649,Julian Champagnie,21716137,stocks,core,fallback_used,projected,full,139,8,0.0
38017649,Julian Champagnie,21716137,pa,core,fallback_used,projected,full,140,0,0.0015
38017649,Julian Champagnie,21716137,pa,core,fallback_used,projected,full,140,1,0.0053
38017649,Julian Champagnie,21716137,pa,core,fallback_used,projected,full,140,2,0.0119
38017649,Julian Champagnie,21716137,pa,core,fallback_used,projected,full,140,3,0.0193
38017649,Julian Champagnie,21716137,pa,core,fallback_used,projected,full,140,4,0.0266
38017649,Julian Champagnie,21716137,pa,core,fallback_used,projected,full,140,5,0.0334
38017649,Julian Champagnie,21716137,pa,core,fallback_used,projected,full,140,6,0.0398
38017649,Julian Champagnie,21716137,pa,core,fallback_used,projected,full,140,7,0.0474
38017649,Julian Champagnie,21716137,pa,core,fallback_used,projected,full,140,8,0.0576
38017649,Julian Champagnie,21716137,pa,core,fallback_used,projected,full,140,9,0.0693
38017649,Julian Champagnie,21716137,pa,core,fallback_used,projected,full,140,10,0.0751
38017649,Julian Champagnie,21716137,pa,core,fallback_used,projected,full,140,11,0.0741
38017649,Julian Champagnie,21716137,pa,core,fallback_used,projected,full,140,12,0.0702
38017649,Julian Champagnie,21716137,pa,core,fallback_used,projected,full,140,13,0.067
38017649,Julian Champagnie,21716137,pa,core,fallback_used,projected,full,140,14,0.0585
38017649,Julian Champagnie,21716137,pa,core,fallback_used,projected,full,140,15,0.0492
38017649,Julian Champagnie,21716137,pa,core,fallback_used,projected,full,140,16,0.0407
38017649,Julian Champagnie,21716137,pa,core,fallback_used,projected,full,140,17,0.038
38017649,Julian Champagnie,21716137,pa,core,fallback_used,projected,full,140,18,0.0393
38017649,Julian Champagnie,21716137,pa,core,fallback_used,projected,full,140,19,0.0352
38017649,Julian Champagnie,21716137,pa,core,fallback_used,projected,full,140,20,0.0263
38017649,Julian Champagnie,21716137,pa,core,fallback_used,projected,full,140,21,0.0212
38017649,Julian Champagnie,21716137,pa,core,fallback_used,projected,full,140,22,0.0219
38017649,Julian Champagnie,21716137,pa,core,fallback_used,projected,full,140,23,0.0216
38017649,Julian Champagnie,21716137,pa,core,fallback_used,projected,full,140,24,0.0161
38017649,Julian Champagnie,21716137,pa,core,fallback_used,projected,full,140,25,0.0093
38017649,Julian Champagnie,21716137,pa,core,fallback_used,projected,full,140,26,0.0059
38017649,Julian Champagnie,21716137,pa,core,fallback_used,projected,full,140,27,0.0051
38017649,Julian Champagnie,21716137,pa,core,fallback_used,projected,full,140,28,0.0044
38017649,Julian Champagnie,21716137,pa,core,fallback_used,projected,full,140,29,0.0033
38017649,Julian Champagnie,21716137,pa,core,fallback_used,projected,full,140,30,0.0023
38017649,Julian Champagnie,21716137,pa,core,fallback_used,projected,full,140,31,0.0013
38017649,Julian Champagnie,21716137,pa,core,fallback_used,projected,full,140,32,0.0006
38017649,Julian Champagnie,21716137,pa,core,fallback_used,projected,full,140,33,0.0003
38017649,Julian Champagnie,21716137,pa,core,fallback_used,projected,full,140,34,0.0001
38017649,Julian Champagnie,21716137,pa,core,fallback_used,projected,full,140,35,0.0001
38017649,Julian Champagnie,21716137,pa,core,fallback_used,projected,full,140,36,0.0001
38017649,Julian Champagnie,21716137,pa,core,fallback_used,projected,full,140,37,0.0001
38017649,Julian Champagnie,21716137,pa,core,fallback_used,projected,full,140,38,0.0001
38017649,Julian Champagnie,21716137,pa,core,fallback_used,projected,full,140,39,0.0001
38017649,Julian Champagnie,21716137,pa,core,fallback_used,projected,full,140,40,0.0001
38017649,Julian Champagnie,21716137,pa,core,fallback_used,projected,full,140,41,0.0
38017649,Julian Champagnie,21716137,pa,core,fallback_used,projected,full,140,42,0.0
38017649,Julian Champagnie,21716137,pa,core,fallback_used,projected,full,140,43,0.0
38017649,Julian Champagnie,21716137,pa,core,fallback_used,projected,full,140,44,0.0
38017649,Julian Champagnie,21716137,pa,core,fallback_used,projected,full,140,45,0.0
38017649,Julian Champagnie,21716137,pa,core,fallback_used,projected,full,140,46,0.0
38017649,Julian Champagnie,21716137,pa,core,fallback_used,projected,full,140,47,0.0
38017649,Julian Champagnie,21716137,pa,core,fallback_used,projected,full,140,48,0.0
38017649,Julian Champagnie,21716137,pa,core,fallback_used,projected,full,140,49,0.0
38017649,Julian Champagnie,21716137,pa,core,fallback_used,projected,full,140,50,0.0
38017649,Julian Champagnie,21716137,pa,core,fallback_used,projected,full,140,51,0.0
38017649,Julian Champagnie,21716137,pa,core,fallback_used,projected,full,140,52,0.0
38017649,Julian Champagnie,21716137,pa,core,fallback_used,projected,full,140,53,0.0
38017649,Julian Champagnie,21716137,pa,core,fallback_used,projected,full,140,54,0.0
38017649,Julian Champagnie,21716137,pa,core,fallback_used,projected,full,140,55,0.0
38017649,Julian Champagnie,21716137,pa,core,fallback_used,projected,full,140,56,0.0
38017649,Julian Champagnie,21716137,pa,core,fallback_used,projected,full,140,57,0.0
38017649,Julian Champagnie,21716137,pa,core,fallback_used,projected,full,140,58,0.0
38017649,Julian Champagnie,21716137,pa,core,fallback_used,projected,full,140,59,0.0
38017649,Julian Champagnie,21716137,pa,core,fallback_used,projected,full,140,60,0.0
38017649,Julian Champagnie,21716137,pa,core,fallback_used,projected,full,140,61,0.0
38017649,Julian Champagnie,21716137,pa,core,fallback_used,projected,full,140,62,0.0
38017649,Julian Champagnie,21716137,pa,core,fallback_used,projected,full,140,63,0.0
38017649,Julian Champagnie,21716137,pa,core,fallback_used,projected,full,140,65,0.0
38017649,Julian Champagnie,21716137,pa,core,fallback_used,projected,full,140,66,0.0
38017649,Julian Champagnie,21716137,pa,core,fallback_used,projected,full,140,70,0.0
38017649,Julian Champagnie,21716137,pa,core,fallback_used,projected,full,140,73,0.0
38017649,Julian Champagnie,21716137,pr,core,fallback_used,projected,full,141,0,0.0001
38017649,Julian Champagnie,21716137,pr,core,fallback_used,projected,full,141,1,0.0003
38017649,Julian Champagnie,21716137,pr,core,fallback_used,projected,full,141,2,0.0009
38017649,Julian Champagnie,21716137,pr,core,fallback_used,projected,full,141,3,0.0023
38017649,Julian Champagnie,21716137,pr,core,fallback_used,projected,full,141,4,0.0048
38017649,Julian Champagnie,21716137,pr,core,fallback_used,projected,full,141,5,0.0101
38017649,Julian Champagnie,21716137,pr,core,fallback_used,projected,full,141,6,0.0153
38017649,Julian Champagnie,21716137,pr,core,fallback_used,projected,full,141,7,0.0227
38017649,Julian Champagnie,21716137,pr,core,fallback_used,projected,full,141,8,0.0294
38017649,Julian Champagnie,21716137,pr,core,fallback_used,projected,full,141,9,0.0362
38017649,Julian Champagnie,21716137,pr,core,fallback_used,projected,full,141,10,0.0441
38017649,Julian Champagnie,21716137,pr,core,fallback_used,projected,full,141,11,0.0517
38017649,Julian Champagnie,21716137,pr,core,fallback_used,projected,full,141,12,0.0603
38017649,Julian Champagnie,21716137,pr,core,fallback_used,projected,full,141,13,0.0681
38017649,Julian Champagnie,21716137,pr,core,fallback_used,projected,full,141,14,0.0702
38017649,Julian Champagnie,21716137,pr,core,fallback_used,projected,full,141,15,0.0682
38017649,Julian Champagnie,21716137,pr,core,fallback_used,projected,full,141,16,0.0689
38017649,Julian Champagnie,21716137,pr,core,fallback_used,projected,full,141,17,0.0596
38017649,Julian Champagnie,21716137,pr,core,fallback_used,projected,full,141,18,0.0559
38017649,Julian Champagnie,21716137,pr,core,fallback_used,projected,full,141,19,0.0472
38017649,Julian Champagnie,21716137,pr,core,fallback_used,projected,full,141,20,0.0416
38017649,Julian Champagnie,21716137,pr,core,fallback_used,projected,full,141,21,0.0395
38017649,Julian Champagnie,21716137,pr,core,fallback_used,projected,full,141,22,0.0362
38017649,Julian Champagnie,21716137,pr,core,fallback_used,projected,full,141,23,0.0306
38017649,Julian Champagnie,21716137,pr,core,fallback_used,projected,full,141,24,0.026
38017649,Julian Champagnie,21716137,pr,core,fallback_used,projected,full,141,25,0.0231
38017649,Julian Champagnie,21716137,pr,core,fallback_used,projected,full,141,26,0.0213
38017649,Julian Champagnie,21716137,pr,core,fallback_used,projected,full,141,27,0.0176
38017649,Julian Champagnie,21716137,pr,core,fallback_used,projected,full,141,28,0.0133
38017649,Julian Champagnie,21716137,pr,core,fallback_used,projected,full,141,29,0.0097
38017649,Julian Champagnie,21716137,pr,core,fallback_used,projected,full,141,30,0.0071
38017649,Julian Champagnie,21716137,pr,core,fallback_used,projected,full,141,31,0.0052
38017649,Julian Champagnie,21716137,pr,core,fallback_used,projected,full,141,32,0.004
38017649,Julian Champagnie,21716137,pr,core,fallback_used,projected,full,141,33,0.0031
38017649,Julian Champagnie,21716137,pr,core,fallback_used,projected,full,141,34,0.0021
38017649,Julian Champagnie,21716137,pr,core,fallback_used,projected,full,141,35,0.0013
38017649,Julian Champagnie,21716137,pr,core,fallback_used,projected,full,141,36,0.0007
38017649,Julian Champagnie,21716137,pr,core,fallback_used,projected,full,141,37,0.0004
38017649,Julian Champagnie,21716137,pr,core,fallback_used,projected,full,141,38,0.0002
38017649,Julian Champagnie,21716137,pr,core,fallback_used,projected,full,141,39,0.0002
38017649,Julian Champagnie,21716137,pr,core,fallback_used,projected,full,141,40,0.0001
38017649,Julian Champagnie,21716137,pr,core,fallback_used,projected,full,141,41,0.0001
38017649,Julian Champagnie,21716137,pr,core,fallback_used,projected,full,141,42,0.0001
38017649,Julian Champagnie,21716137,pr,core,fallback_used,projected,full,141,43,0.0001
38017649,Julian Champagnie,21716137,pr,core,fallback_used,projected,full,141,44,0.0001
38017649,Julian Champagnie,21716137,pr,core,fallback_used,projected,full,141,45,0.0
38017649,Julian Champagnie,21716137,pr,core,fallback_used,projected,full,141,46,0.0
38017649,Julian Champagnie,21716137,pr,core,fallback_used,projected,full,141,47,0.0
38017649,Julian Champagnie,21716137,pr,core,fallback_used,projected,full,141,48,0.0
38017649,Julian Champagnie,21716137,pr,core,fallback_used,projected,full,141,49,0.0
38017649,Julian Champagnie,21716137,pr,core,fallback_used,projected,full,141,50,0.0
38017649,Julian Champagnie,21716137,pr,core,fallback_used,projected,full,141,51,0.0
38017649,Julian Champagnie,21716137,pr,core,fallback_used,projected,full,141,52,0.0
38017649,Julian Champagnie,21716137,pr,core,fallback_used,projected,full,141,53,0.0
38017649,Julian Champagnie,21716137,pr,core,fallback_used,projected,full,141,54,0.0
38017649,Julian Champagnie,21716137,pr,core,fallback_used,projected,full,141,55,0.0
38017649,Julian Champagnie,21716137,pr,core,fallback_used,projected,full,141,56,0.0
38017649,Julian Champagnie,21716137,pr,core,fallback_used,projected,full,141,57,0.0
38017649,Julian Champagnie,21716137,pr,core,fallback_used,projected,full,141,58,0.0
38017649,Julian Champagnie,21716137,pr,core,fallback_used,projected,full,141,59,0.0
38017649,Julian Champagnie,21716137,pr,core,fallback_used,projected,full,141,60,0.0
38017649,Julian Champagnie,21716137,pr,core,fallback_used,projected,full,141,61,0.0
38017649,Julian Champagnie,21716137,pr,core,fallback_used,projected,full,141,62,0.0
38017649,Julian Champagnie,21716137,pr,core,fallback_used,projected,full,141,63,0.0
38017649,Julian Champagnie,21716137,pr,core,fallback_used,projected,full,141,64,0.0
38017649,Julian Champagnie,21716137,pr,core,fallback_used,projected,full,141,65,0.0
38017649,Julian Champagnie,21716137,pr,core,fallback_used,projected,full,141,66,0.0
38017649,Julian Champagnie,21716137,pr,core,fallback_used,projected,full,141,67,0.0
38017649,Julian Champagnie,21716137,pr,core,fallback_used,projected,full,141,68,0.0
38017649,Julian Champagnie,21716137,pr,core,fallback_used,projected,full,141,69,0.0
38017649,Julian Champagnie,21716137,pr,core,fallback_used,projected,full,141,70,0.0
38017649,Julian Champagnie,21716137,pr,core,fallback_used,projected,full,141,72,0.0
38017649,Julian Champagnie,21716137,ra,core,fallback_used,projected,full,142,0,0.0011
38017649,Julian Champagnie,21716137,ra,core,fallback_used,projected,full,142,1,0.0045
38017649,Julian Champagnie,21716137,ra,core,fallback_used,projected,full,142,2,0.0119
38017649,Julian Champagnie,21716137,ra,core,fallback_used,projected,full,142,3,0.0279
38017649,Julian Champagnie,21716137,ra,core,fallback_used,projected,full,142,4,0.0584
38017649,Julian Champagnie,21716137,ra,core,fallback_used,projected,full,142,5,0.1136
38017649,Julian Champagnie,21716137,ra,core,fallback_used,projected,full,142,6,0.1697
38017649,Julian Champagnie,21716137,ra,core,fallback_used,projected,full,142,7,0.1939
38017649,Julian Champagnie,21716137,ra,core,fallback_used,projected,full,142,8,0.1653
38017649,Julian Champagnie,21716137,ra,core,fallback_used,projected,full,142,9,0.1172
38017649,Julian Champagnie,21716137,ra,core,fallback_used,projected,full,142,10,0.0716
38017649,Julian Champagnie,21716137,ra,core,fallback_used,projected,full,142,11,0.0356
38017649,Julian Champagnie,21716137,ra,core,fallback_used,projected,full,142,12,0.0162
38017649,Julian Champagnie,21716137,ra,core,fallback_used,projected,full,142,13,0.0077
38017649,Julian Champagnie,21716137,ra,core,fallback_used,projected,full,142,14,0.0033
38017649,Julian Champagnie,21716137,ra,core,fallback_used,projected,full,142,15,0.0012
38017649,Julian Champagnie,21716137,ra,core,fallback_used,projected,full,142,16,0.0004
38017649,Julian Champagnie,21716137,ra,core,fallback_used,projected,full,142,17,0.0002
38017649,Julian Champagnie,21716137,ra,core,fallback_used,projected,full,142,18,0.0001
38017649,Julian Champagnie,21716137,ra,core,fallback_used,projected,full,142,19,0.0
38017649,Julian Champagnie,21716137,ra,core,fallback_used,projected,full,142,20,0.0
38017649,Julian Champagnie,21716137,ra,core,fallback_used,projected,full,142,21,0.0
38017649,Julian Champagnie,21716137,ra,core,fallback_used,projected,full,142,22,0.0
38017649,Julian Champagnie,21716137,ra,core,fallback_used,projected,full,142,23,0.0
38017649,Julian Champagnie,21716137,ra,core,fallback_used,projected,full,142,24,0.0
38017649,Julian Champagnie,21716137,ra,core,fallback_used,projected,full,142,25,0.0
38017649,Julian Champagnie,21716137,ra,core,fallback_used,projected,full,142,26,0.0
38017649,Julian Champagnie,21716137,ra,core,fallback_used,projected,full,142,27,0.0
38017649,Julian Champagnie,21716137,ra,core,fallback_used,projected,full,142,28,0.0
38017649,Julian Champagnie,21716137,ra,core,fallback_used,projected,full,142,29,0.0
38017649,Julian Champagnie,21716137,ra,core,fallback_used,projected,full,142,30,0.0001
38017649,Julian Champagnie,21716137,ra,core,fallback_used,projected,full,142,31,0.0
38017649,Julian Champagnie,21716137,ra,core,fallback_used,projected,full,142,32,0.0
38017649,Julian Champagnie,21716137,ra,core,fallback_used,projected,full,142,33,0.0
38017649,Julian Champagnie,21716137,ra,core,fallback_used,projected,full,142,34,0.0
38017649,Julian Champagnie,21716137,ra,core,fallback_used,projected,full,142,35,0.0
38017649,Julian Champagnie,21716137,ra,core,fallback_used,projected,full,142,36,0.0
38017649,Julian Champagnie,21716137,ra,core,fallback_used,projected,full,142,37,0.0
38017649,Julian Champagnie,21716137,ra,core,fallback_used,projected,full,142,38,0.0
38017649,Julian Champagnie,21716137,ra,core,fallback_used,projected,full,142,39,0.0
38017649,Julian Champagnie,21716137,ra,core,fallback_used,projected,full,142,40,0.0
38017649,Julian Champagnie,21716137,ra,core,fallback_used,projected,full,142,41,0.0
38017649,Julian Champagnie,21716137,ra,core,fallback_used,projected,full,142,42,0.0
38017649,Julian Champagnie,21716137,ra,core,fallback_used,projected,full,142,43,0.0
38017649,Julian Champagnie,21716137,ra,core,fallback_used,projected,full,142,44,0.0
38017649,Julian Champagnie,21716137,ra,core,fallback_used,projected,full,142,45,0.0
38017649,Julian Champagnie,21716137,ra,core,fallback_used,projected,full,142,46,0.0
38017649,Julian Champagnie,21716137,ra,core,fallback_used,projected,full,142,47,0.0
38017649,Julian Champagnie,21716137,ra,core,fallback_used,projected,full,142,49,0.0
38017649,Julian Champagnie,21716137,pra,core,fallback_used,projected,full,143,0,0.0
38017649,Julian Champagnie,21716137,pra,core,fallback_used,projected,full,143,1,0.0001
38017649,Julian Champagnie,21716137,pra,core,fallback_used,projected,full,143,2,0.0002
38017649,Julian Champagnie,21716137,pra,core,fallback_used,projected,full,143,3,0.0007
38017649,Julian Champagnie,21716137,pra,core,fallback_used,projected,full,143,4,0.0016
38017649,Julian Champagnie,21716137,pra,core,fallback_used,projected,full,143,5,0.0036
38017649,Julian Champagnie,21716137,pra,core,fallback_used,projected,full,143,6,0.0069
38017649,Julian Champagnie,21716137,pra,core,fallback_used,projected,full,143,7,0.0117
38017649,Julian Champagnie,21716137,pra,core,fallback_used,projected,full,143,8,0.0176
38017649,Julian Champagnie,21716137,pra,core,fallback_used,projected,full,143,9,0.0242
38017649,Julian Champagnie,21716137,pra,core,fallback_used,projected,full,143,10,0.0311
38017649,Julian Champagnie,21716137,pra,core,fallback_used,projected,full,143,11,0.0383
38017649,Julian Champagnie,21716137,pra,core,fallback_used,projected,full,143,12,0.046
38017649,Julian Champagnie,21716137,pra,core,fallback_used,projected,full,143,13,0.0539
38017649,Julian Champagnie,21716137,pra,core,fallback_used,projected,full,143,14,0.0612
38017649,Julian Champagnie,21716137,pra,core,fallback_used,projected,full,143,15,0.0663
38017649,Julian Champagnie,21716137,pra,core,fallback_used,projected,full,143,16,0.0684
38017649,Julian Champagnie,21716137,pra,core,fallback_used,projected,full,143,17,0.0675
38017649,Julian Champagnie,21716137,pra,core,fallback_used,projected,full,143,18,0.0645
38017649,Julian Champagnie,21716137,pra,core,fallback_used,projected,full,143,19,0.0591
38017649,Julian Champagnie,21716137,pra,core,fallback_used,projected,full,143,20,0.053
38017649,Julian Champagnie,21716137,pra,core,fallback_used,projected,full,143,21,0.047
38017649,Julian Champagnie,21716137,pra,core,fallback_used,projected,full,143,22,0.0422
38017649,Julian Champagnie,21716137,pra,core,fallback_used,projected,full,143,23,0.0384
38017649,Julian Champagnie,21716137,pra,core,fallback_used,projected,full,143,24,0.0343
38017649,Julian Champagnie,21716137,pra,core,fallback_used,projected,full,143,25,0.0299
38017649,Julian Champagnie,21716137,pra,core,fallback_used,projected,full,143,26,0.026
38017649,Julian Champagnie,21716137,pra,core,fallback_used,projected,full,143,27,0.0229
38017649,Julian Champagnie,21716137,pra,core,fallback_used,projected,full,143,28,0.0199
38017649,Julian Champagnie,21716137,pra,core,fallback_used,projected,full,143,29,0.0164
38017649,Julian Champagnie,21716137,pra,core,fallback_used,projected,full,143,30,0.0127
38017649,Julian Champagnie,21716137,pra,core,fallback_used,projected,full,143,31,0.0095
38017649,Julian Champagnie,21716137,pra,core,fallback_used,projected,full,143,32,0.007
38017649,Julian Champagnie,21716137,pra,core,fallback_used,projected,full,143,33,0.0052
38017649,Julian Champagnie,21716137,pra,core,fallback_used,projected,full,143,34,0.0039
38017649,Julian Champagnie,21716137,pra,core,fallback_used,projected,full,143,35,0.0029
38017649,Julian Champagnie,21716137,pra,core,fallback_used,projected,full,143,36,0.002
38017649,Julian Champagnie,21716137,pra,core,fallback_used,projected,full,143,37,0.0013
38017649,Julian Champagnie,21716137,pra,core,fallback_used,projected,full,143,38,0.0008
38017649,Julian Champagnie,21716137,pra,core,fallback_used,projected,full,143,39,0.0005
38017649,Julian Champagnie,21716137,pra,core,fallback_used,projected,full,143,40,0.0003
38017649,Julian Champagnie,21716137,pra,core,fallback_used,projected,full,143,41,0.0002
38017649,Julian Champagnie,21716137,pra,core,fallback_used,projected,full,143,42,0.0002
38017649,Julian Champagnie,21716137,pra,core,fallback_used,projected,full,143,43,0.0001
38017649,Julian Champagnie,21716137,pra,core,fallback_used,projected,full,143,44,0.0001
38017649,Julian Champagnie,21716137,pra,core,fallback_used,projected,full,143,45,0.0001
38017649,Julian Champagnie,21716137,pra,core,fallback_used,projected,full,143,46,0.0001
38017649,Julian Champagnie,21716137,pra,core,fallback_used,projected,full,143,47,0.0
38017649,Julian Champagnie,21716137,pra,core,fallback_used,projected,full,143,48,0.0
38017649,Julian Champagnie,21716137,pra,core,fallback_used,projected,full,143,49,0.0
38017649,Julian Champagnie,21716137,pra,core,fallback_used,projected,full,143,50,0.0
38017649,Julian Champagnie,21716137,pra,core,fallback_used,projected,full,143,51,0.0
38017649,Julian Champagnie,21716137,pra,core,fallback_used,projected,full,143,52,0.0
38017649,Julian Champagnie,21716137,pra,core,fallback_used,projected,full,143,53,0.0
38017649,Julian Champagnie,21716137,pra,core,fallback_used,projected,full,143,54,0.0
38017649,Julian Champagnie,21716137,pra,core,fallback_used,projected,full,143,55,0.0
38017649,Julian Champagnie,21716137,pra,core,fallback_used,projected,full,143,56,0.0
38017649,Julian Champagnie,21716137,pra,core,fallback_used,projected,full,143,57,0.0
38017649,Julian Champagnie,21716137,pra,core,fallback_used,projected,full,143,58,0.0
38017649,Julian Champagnie,21716137,pra,core,fallback_used,projected,full,143,59,0.0
38017649,Julian Champagnie,21716137,pra,core,fallback_used,projected,full,143,60,0.0
38017649,Julian Champagnie,21716137,pra,core,fallback_used,projected,full,143,61,0.0
38017649,Julian Champagnie,21716137,pra,core,fallback_used,projected,full,143,62,0.0
38017649,Julian Champagnie,21716137,pra,core,fallback_used,projected,full,143,63,0.0
38017649,Julian Champagnie,21716137,pra,core,fallback_used,projected,full,143,64,0.0
38017649,Julian Champagnie,21716137,pra,core,fallback_used,projected,full,143,65,0.0
38017649,Julian Champagnie,21716137,pra,core,fallback_used,projected,full,143,66,0.0
38017649,Julian Champagnie,21716137,pra,core,fallback_used,projected,full,143,67,0.0
38017649,Julian Champagnie,21716137,pra,core,fallback_used,projected,full,143,68,0.0
38017649,Julian Champagnie,21716137,pra,core,fallback_used,projected,full,143,69,0.0
38017649,Julian Champagnie,21716137,pra,core,fallback_used,projected,full,143,70,0.0
38017649,Julian Champagnie,21716137,pra,core,fallback_used,projected,full,143,71,0.0
38017649,Julian Champagnie,21716137,pra,core,fallback_used,projected,full,143,72,0.0
38017649,Julian Champagnie,21716137,pra,core,fallback_used,projected,full,143,73,0.0
38017649,Julian Champagnie,21716137,pra,core,fallback_used,projected,full,143,74,0.0
38017649,Julian Champagnie,21716137,pra,core,fallback_used,projected,full,143,75,0.0
38017649,Julian Champagnie,21716137,pra,core,fallback_used,projected,full,143,76,0.0
38017649,Julian Champagnie,21716137,pra,core,fallback_used,projected,full,143,77,0.0
38017649,Julian Champagnie,21716137,pra,core,fallback_used,projected,full,143,78,0.0
38017649,Julian Champagnie,21716137,pra,core,fallback_used,projected,full,143,79,0.0
38017649,Julian Champagnie,21716137,pra,core,fallback_used,projected,full,143,80,0.0
38017649,Julian Champagnie,21716137,pra,core,fallback_used,projected,full,143,81,0.0
38017649,Julian Champagnie,21716137,pra,core,fallback_used,projected,full,143,82,0.0
38017649,Julian Champagnie,21716137,pra,core,fallback_used,projected,full,143,83,0.0
38017649,Julian Champagnie,21716137,pra,core,fallback_used,projected,full,143,84,0.0
38017649,Julian Champagnie,21716137,pra,core,fallback_used,projected,full,143,85,0.0
38017649,Julian Champagnie,21716137,pra,core,fallback_used,projected,full,143,86,0.0
38017649,Julian Champagnie,21716137,pra,core,fallback_used,projected,full,143,87,0.0
38017649,Julian Champagnie,21716137,pra,core,fallback_used,projected,full,143,88,0.0
38017649,Julian Champagnie,21716137,pra,core,fallback_used,projected,full,143,89,0.0
38017649,Julian Champagnie,21716137,pra,core,fallback_used,projected,full,143,90,0.0
38017649,Julian Champagnie,21716137,pra,core,fallback_used,projected,full,143,91,0.0
56677822,Victor Wembanyama,21716137,pts,starter,fallback_used,projected,full,144,0,0.0001
56677822,Victor Wembanyama,21716137,pts,starter,fallback_used,projected,full,144,1,0.0008
56677822,Victor Wembanyama,21716137,pts,starter,fallback_used,projected,full,144,2,0.0001
56677822,Victor Wembanyama,21716137,pts,starter,fallback_used,projected,full,144,3,0.0005
56677822,Victor Wembanyama,21716137,pts,starter,fallback_used,projected,full,144,4,0.0008
56677822,Victor Wembanyama,21716137,pts,starter,fallback_used,projected,full,144,5,0.0011
56677822,Victor Wembanyama,21716137,pts,starter,fallback_used,projected,full,144,6,0.0012
56677822,Victor Wembanyama,21716137,pts,starter,fallback_used,projected,full,144,7,0.0019
56677822,Victor Wembanyama,21716137,pts,starter,fallback_used,projected,full,144,8,0.0035
56677822,Victor Wembanyama,21716137,pts,starter,fallback_used,projected,full,144,9,0.0054
56677822,Victor Wembanyama,21716137,pts,starter,fallback_used,projected,full,144,10,0.0089
56677822,Victor Wembanyama,21716137,pts,starter,fallback_used,projected,full,144,11,0.0054
56677822,Victor Wembanyama,21716137,pts,starter,fallback_used,projected,full,144,12,0.0109
56677822,Victor Wembanyama,21716137,pts,starter,fallback_used,projected,full,144,13,0.0161
56677822,Victor Wembanyama,21716137,pts,starter,fallback_used,projected,full,144,14,0.0223
56677822,Victor Wembanyama,21716137,pts,starter,fallback_used,projected,full,144,15,0.0192
56677822,Victor Wembanyama,21716137,pts,starter,fallback_used,projected,full,144,16,0.0236
56677822,Victor Wembanyama,21716137,pts,starter,fallback_used,projected,full,144,17,0.0273
56677822,Victor Wembanyama,21716137,pts,starter,fallback_used,projected,full,144,18,0.0407
56677822,Victor Wembanyama,21716137,pts,starter,fallback_used,projected,full,144,19,0.0409
56677822,Victor Wembanyama,21716137,pts,starter,fallback_used,projected,full,144,20,0.046
56677822,Victor Wembanyama,21716137,pts,starter,fallback_used,projected,full,144,21,0.0598
56677822,Victor Wembanyama,21716137,pts,starter,fallback_used,projected,full,144,22,0.0628
56677822,Victor Wembanyama,21716137,pts,starter,fallback_used,projected,full,144,23,0.0531
56677822,Victor Wembanyama,21716137,pts,starter,fallback_used,projected,full,144,24,0.0777
56677822,Victor Wembanyama,21716137,pts,starter,fallback_used,projected,full,144,25,0.0687
56677822,Victor Wembanyama,21716137,pts,starter,fallback_used,projected,full,144,26,0.0589
56677822,Victor Wembanyama,21716137,pts,starter,fallback_used,projected,full,144,27,0.048
56677822,Victor Wembanyama,21716137,pts,starter,fallback_used,projected,full,144,28,0.0492
56677822,Victor Wembanyama,21716137,pts,starter,fallback_used,projected,full,144,29,0.0376
56677822,Victor Wembanyama,21716137,pts,starter,fallback_used,projected,full,144,30,0.0476
56677822,Victor Wembanyama,21716137,pts,starter,fallback_used,projected,full,144,31,0.0377
56677822,Victor Wembanyama,21716137,pts,starter,fallback_used,projected,full,144,32,0.02
56677822,Victor Wembanyama,21716137,pts,starter,fallback_used,projected,full,144,33,0.0171
56677822,Victor Wembanyama,21716137,pts,starter,fallback_used,projected,full,144,34,0.0223
56677822,Victor Wembanyama,21716137,pts,starter,fallback_used,projected,full,144,35,0.0091
56677822,Victor Wembanyama,21716137,pts,starter,fallback_used,projected,full,144,36,0.0049
56677822,Victor Wembanyama,21716137,pts,starter,fallback_used,projected,full,144,37,0.0094
56677822,Victor Wembanyama,21716137,pts,starter,fallback_used,projected,full,144,38,0.0089
56677822,Victor Wembanyama,21716137,pts,starter,fallback_used,projected,full,144,39,0.0111
56677822,Victor Wembanyama,21716137,pts,starter,fallback_used,projected,full,144,40,0.0049
56677822,Victor Wembanyama,21716137,pts,starter,fallback_used,projected,full,144,41,0.0028
56677822,Victor Wembanyama,21716137,pts,starter,fallback_used,projected,full,144,42,0.0026
56677822,Victor Wembanyama,21716137,pts,starter,fallback_used,projected,full,144,43,0.0029
56677822,Victor Wembanyama,21716137,pts,starter,fallback_used,projected,full,144,44,0.0023
56677822,Victor Wembanyama,21716137,pts,starter,fallback_used,projected,full,144,45,0.0007
56677822,Victor Wembanyama,21716137,pts,starter,fallback_used,projected,full,144,46,0.0003
56677822,Victor Wembanyama,21716137,pts,starter,fallback_used,projected,full,144,47,0.0012
56677822,Victor Wembanyama,21716137,pts,starter,fallback_used,projected,full,144,48,0.0002
56677822,Victor Wembanyama,21716137,pts,starter,fallback_used,projected,full,144,49,0.0001
56677822,Victor Wembanyama,21716137,pts,starter,fallback_used,projected,full,144,50,0.0002
56677822,Victor Wembanyama,21716137,pts,starter,fallback_used,projected,full,144,51,0.0002
56677822,Victor Wembanyama,21716137,pts,starter,fallback_used,projected,full,144,52,0.0003
56677822,Victor Wembanyama,21716137,pts,starter,fallback_used,projected,full,144,53,0.0001
56677822,Victor Wembanyama,21716137,pts,starter,fallback_used,projected,full,144,54,0.0001
56677822,Victor Wembanyama,21716137,pts,starter,fallback_used,projected,full,144,55,0.0001
56677822,Victor Wembanyama,21716137,pts,starter,fallback_used,projected,full,144,56,0.0
56677822,Victor Wembanyama,21716137,pts,starter,fallback_used,projected,full,144,57,0.0
56677822,Victor Wembanyama,21716137,pts,starter,fallback_used,projected,full,144,58,0.0
56677822,Victor Wembanyama,21716137,pts,starter,fallback_used,projected,full,144,59,0.0
56677822,Victor Wembanyama,21716137,pts,starter,fallback_used,projected,full,144,60,0.0
56677822,Victor Wembanyama,21716137,pts,starter,fallback_used,projected,full,144,61,0.0
56677822,Victor Wembanyama,21716137,pts,starter,fallback_used,projected,full,144,62,0.0
56677822,Victor Wembanyama,21716137,pts,starter,fallback_used,projected,full,144,64,0.0001
56677822,Victor Wembanyama,21716137,reb,starter,fallback_used,projected,full,145,0,0.002
56677822,Victor Wembanyama,21716137,reb,starter,fallback_used,projected,full,145,1,0.0006
56677822,Victor Wembanyama,21716137,reb,starter,fallback_used,projected,full,145,2,0.0042
56677822,Victor Wembanyama,21716137,reb,starter,fallback_used,projected,full,145,3,0.0058
56677822,Victor Wembanyama,21716137,reb,starter,fallback_used,projected,full,145,4,0.0134
56677822,Victor Wembanyama,21716137,reb,starter,fallback_used,projected,full,145,5,0.0349
56677822,Victor Wembanyama,21716137,reb,starter,fallback_used,projected,full,145,6,0.0679
56677822,Victor Wembanyama,21716137,reb,starter,fallback_used,projected,full,145,7,0.0998
56677822,Victor Wembanyama,21716137,reb,starter,fallback_used,projected,full,145,8,0.137
56677822,Victor Wembanyama,21716137,reb,starter,fallback_used,projected,full,145,9,0.2002
56677822,Victor Wembanyama,21716137,reb,starter,fallback_used,projected,full,145,10,0.1672
56677822,Victor Wembanyama,21716137,reb,starter,fallback_used,projected,full,145,11,0.1019
56677822,Victor Wembanyama,21716137,reb,starter,fallback_used,projected,full,145,12,0.0733
56677822,Victor Wembanyama,21716137,reb,starter,fallback_used,projected,full,145,13,0.0539
56677822,Victor Wembanyama,21716137,reb,starter,fallback_used,projected,full,145,14,0.0193
56677822,Victor Wembanyama,21716137,reb,starter,fallback_used,projected,full,145,15,0.0096
56677822,Victor Wembanyama,21716137,reb,starter,fallback_used,projected,full,145,16,0.005
56677822,Victor Wembanyama,21716137,reb,starter,fallback_used,projected,full,145,17,0.0023
56677822,Victor Wembanyama,21716137,reb,starter,fallback_used,projected,full,145,18,0.0015
56677822,Victor Wembanyama,21716137,reb,starter,fallback_used,projected,full,145,19,0.0001
56677822,Victor Wembanyama,21716137,reb,starter,fallback_used,projected,full,145,20,0.0
56677822,Victor Wembanyama,21716137,reb,starter,fallback_used,projected,full,145,21,0.0
56677822,Victor Wembanyama,21716137,reb,starter,fallback_used,projected,full,145,22,0.0
56677822,Victor Wembanyama,21716137,reb,starter,fallback_used,projected,full,145,23,0.0
56677822,Victor Wembanyama,21716137,reb,starter,fallback_used,projected,full,145,24,0.0
56677822,Victor Wembanyama,21716137,reb,starter,fallback_used,projected,full,145,25,0.0
56677822,Victor Wembanyama,21716137,reb,starter,fallback_used,projected,full,145,26,0.0
56677822,Victor Wembanyama,21716137,reb,starter,fallback_used,projected,full,145,27,0.0
56677822,Victor Wembanyama,21716137,reb,starter,fallback_used,projected,full,145,28,0.0
56677822,Victor Wembanyama,21716137,reb,starter,fallback_used,projected,full,145,29,0.0
56677822,Victor Wembanyama,21716137,reb,starter,fallback_used,projected,full,145,30,0.0
56677822,Victor Wembanyama,21716137,ast,starter,fallback_used,projected,full,146,0,0.0135
56677822,Victor Wembanyama,21716137,ast,starter,fallback_used,projected,full,146,1,0.0974
56677822,Victor Wembanyama,21716137,ast,starter,fallback_used,projected,full,146,2,0.3187
56677822,Victor Wembanyama,21716137,ast,starter,fallback_used,projected,full,146,3,0.296
56677822,Victor Wembanyama,21716137,ast,starter,fallback_used,projected,full,146,4,0.2248
56677822,Victor Wembanyama,21716137,ast,starter,fallback_used,projected,full,146,5,0.0428
56677822,Victor Wembanyama,21716137,ast,starter,fallback_used,projected,full,146,6,0.0058
56677822,Victor Wembanyama,21716137,ast,starter,fallback_used,projected,full,146,7,0.001
56677822,Victor Wembanyama,21716137,ast,starter,fallback_used,projected,full,146,8,0.0
56677822,Victor Wembanyama,21716137,ast,starter,fallback_used,projected,full,146,9,0.0
56677822,Victor Wembanyama,21716137,ast,starter,fallback_used,projected,full,146,10,0.0
56677822,Victor Wembanyama,21716137,ast,starter,fallback_used,projected,full,146,11,0.0
56677822,Victor Wembanyama,21716137,ast,starter,fallback_used,projected,full,146,12,0.0
56677822,Victor Wembanyama,21716137,ast,starter,fallback_used,projected,full,146,13,0.0
56677822,Victor Wembanyama,21716137,ast,starter,fallback_used,projected,full,146,14,0.0
56677822,Victor Wembanyama,21716137,ast,starter,fallback_used,projected,full,146,15,0.0
56677822,Victor Wembanyama,21716137,fg3m,starter,fallback_used,projected,full,147,0,0.4085
56677822,Victor Wembanyama,21716137,fg3m,starter,fallback_used,projected,full,147,1,0.1082
56677822,Victor Wembanyama,21716137,fg3m,starter,fallback_used,projected,full,147,2,0.1552
56677822,Victor Wembanyama,21716137,fg3m,starter,fallback_used,projected,full,147,3,0.1279
56677822,Victor Wembanyama,21716137,fg3m,starter,fallback_used,projected,full,147,4,0.0586
56677822,Victor Wembanyama,21716137,fg3m,starter,fallback_used,projected,full,147,5,0.1417
56677822,Victor Wembanyama,21716137,tov,starter,fallback_used,projected,full,148,0,0.1166
56677822,Victor Wembanyama,21716137,tov,starter,fallback_used,projected,full,148,1,0.3444
56677822,Victor Wembanyama,21716137,tov,starter,fallback_used,projected,full,148,2,0.353
56677822,Victor Wembanyama,21716137,tov,starter,fallback_used,projected,full,148,3,0.1383
56677822,Victor Wembanyama,21716137,tov,starter,fallback_used,projected,full,148,4,0.044
56677822,Victor Wembanyama,21716137,tov,starter,fallback_used,projected,full,148,5,0.0035
56677822,Victor Wembanyama,21716137,tov,starter,fallback_used,projected,full,148,6,0.0002
56677822,Victor Wembanyama,21716137,tov,starter,fallback_used,projected,full,148,7,0.0
56677822,Victor Wembanyama,21716137,tov,starter,fallback_used,projected,full,148,8,0.0
56677822,Victor Wembanyama,21716137,tov,starter,fallback_used,projected,full,148,9,0.0
56677822,Victor Wembanyama,21716137,tov,starter,fallback_used,projected,full,148,10,0.0
56677822,Victor Wembanyama,21716137,tov,starter,fallback_used,projected,full,148,11,0.0
56677822,Victor Wembanyama,21716137,tov,starter,fallback_used,projected,full,148,12,0.0
56677822,Victor Wembanyama,21716137,stl,starter,fallback_used,projected,full,149,0,0.5608
56677822,Victor Wembanyama,21716137,stl,starter,fallback_used,projected,full,149,1,0.3269
56677822,Victor Wembanyama,21716137,stl,starter,fallback_used,projected,full,149,2,0.0846
56677822,Victor Wembanyama,21716137,stl,starter,fallback_used,projected,full,149,3,0.0205
56677822,Victor Wembanyama,21716137,stl,starter,fallback_used,projected,full,149,4,0.0072
56677822,Victor Wembanyama,21716137,blk,starter,fallback_used,projected,full,150,0,0.7911
56677822,Victor Wembanyama,21716137,blk,starter,fallback_used,projected,full,150,1,0.0465
56677822,Victor Wembanyama,21716137,blk,starter,fallback_used,projected,full,150,2,0.0751
56677822,Victor Wembanyama,21716137,blk,starter,fallback_used,projected,full,150,3,0.0526
56677822,Victor Wembanyama,21716137,blk,starter,fallback_used,projected,full,150,4,0.0278
56677822,Victor Wembanyama,21716137,blk,starter,fallback_used,projected,full,150,5,0.007
56677822,Victor Wembanyama,21716137,stocks,starter,fallback_used,projected,full,151,0,0.4437
56677822,Victor Wembanyama,21716137,stocks,starter,fallback_used,projected,full,151,1,0.2847
56677822,Victor Wembanyama,21716137,stocks,starter,fallback_used,projected,full,151,2,0.1116
56677822,Victor Wembanyama,21716137,stocks,starter,fallback_used,projected,full,151,3,0.0795
56677822,Victor Wembanyama,21716137,stocks,starter,fallback_used,projected,full,151,4,0.0512
56677822,Victor Wembanyama,21716137,stocks,starter,fallback_used,projected,full,151,5,0.0208
56677822,Victor Wembanyama,21716137,stocks,starter,fallback_used,projected,full,151,6,0.0066
56677822,Victor Wembanyama,21716137,stocks,starter,fallback_used,projected,full,151,7,0.0017
56677822,Victor Wembanyama,21716137,stocks,starter,fallback_used,projected,full,151,8,0.0003
56677822,Victor Wembanyama,21716137,stocks,starter,fallback_used,projected,full,151,9,0.0001
56677822,Victor Wembanyama,21716137,pa,starter,fallback_used,projected,full,152,0,0.0
56677822,Victor Wembanyama,21716137,pa,starter,fallback_used,projected,full,152,1,0.0
56677822,Victor Wembanyama,21716137,pa,starter,fallback_used,projected,full,152,2,0.0001
56677822,Victor Wembanyama,21716137,pa,starter,fallback_used,projected,full,152,3,0.0003
56677822,Victor Wembanyama,21716137,pa,starter,fallback_used,projected,full,152,4,0.0003
56677822,Victor Wembanyama,21716137,pa,starter,fallback_used,projected,full,152,5,0.0005
56677822,Victor Wembanyama,21716137,pa,starter,fallback_used,projected,full,152,6,0.0006
56677822,Victor Wembanyama,21716137,pa,starter,fallback_used,projected,full,152,7,0.0009
56677822,Victor Wembanyama,21716137,pa,starter,fallback_used,projected,full,152,8,0.0012
56677822,Victor Wembanyama,21716137,pa,starter,fallback_used,projected,full,152,9,0.0017
56677822,Victor Wembanyama,21716137,pa,starter,fallback_used,projected,full,152,10,0.0027
56677822,Victor Wembanyama,21716137,pa,starter,fallback_used,projected,full,152,11,0.0042
56677822,Victor Wembanyama,21716137,pa,starter,fallback_used,projected,full,152,12,0.006
56677822,Victor Wembanyama,21716137,pa,starter,fallback_used,projected,full,152,13,0.007
56677822,Victor Wembanyama,21716137,pa,starter,fallback_used,projected,full,152,14,0.0092
56677822,Victor Wembanyama,21716137,pa,starter,fallback_used,projected,full,152,15,0.0124
56677822,Victor Wembanyama,21716137,pa,starter,fallback_used,projected,full,152,16,0.0168
56677822,Victor Wembanyama,21716137,pa,starter,fallback_used,projected,full,152,17,0.0195
56677822,Victor Wembanyama,21716137,pa,starter,fallback_used,projected,full,152,18,0.0222
56677822,Victor Wembanyama,21716137,pa,starter,fallback_used,projected,full,152,19,0.0256
56677822,Victor Wembanyama,21716137,pa,starter,fallback_used,projected,full,152,20,0.0319
56677822,Victor Wembanyama,21716137,pa,starter,fallback_used,projected,full,152,21,0.0376
56677822,Victor Wembanyama,21716137,pa,starter,fallback_used,projected,full,152,22,0.0439
56677822,Victor Wembanyama,21716137,pa,starter,fallback_used,projected,full,152,23,0.0506
56677822,Victor Wembanyama,21716137,pa,starter,fallback_used,projected,full,152,24,0.0563
56677822,Victor Wembanyama,21716137,pa,starter,fallback_used,projected,full,152,25,0.0597
56677822,Victor Wembanyama,21716137,pa,starter,fallback_used,projected,full,152,26,0.0649
56677822,Victor Wembanyama,21716137,pa,starter,fallback_used,projected,full,152,27,0.0663
56677822,Victor Wembanyama,21716137,pa,starter,fallback_used,projected,full,152,28,0.0646
56677822,Victor Wembanyama,21716137,pa,starter,fallback_used,projected,full,152,29,0.0572
56677822,Victor Wembanyama,21716137,pa,starter,fallback_used,projected,full,152,30,0.0509
56677822,Victor Wembanyama,21716137,pa,starter,fallback_used,projected,full,152,31,0.0455
56677822,Victor Wembanyama,21716137,pa,starter,fallback_used,projected,full,152,32,0.0438
56677822,Victor Wembanyama,21716137,pa,starter,fallback_used,projected,full,152,33,0.0392
56677822,Victor Wembanyama,21716137,pa,starter,fallback_used,projected,full,152,34,0.0321
56677822,Victor Wembanyama,21716137,pa,starter,fallback_used,projected,full,152,35,0.0245
56677822,Victor Wembanyama,21716137,pa,starter,fallback_used,projected,full,152,36,0.0196
56677822,Victor Wembanyama,21716137,pa,starter,fallback_used,projected,full,152,37,0.0151
56677822,Victor Wembanyama,21716137,pa,starter,fallback_used,projected,full,152,38,0.0112
56677822,Victor Wembanyama,21716137,pa,starter,fallback_used,projected,full,152,39,0.0086
56677822,Victor Wembanyama,21716137,pa,starter,fallback_used,projected,full,152,40,0.0084
56677822,Victor Wembanyama,21716137,pa,starter,fallback_used,projected,full,152,41,0.0091
56677822,Victor Wembanyama,21716137,pa,starter,fallback_used,projected,full,152,42,0.0076
56677822,Victor Wembanyama,21716137,pa,starter,fallback_used,projected,full,152,43,0.0056
56677822,Victor Wembanyama,21716137,pa,starter,fallback_used,projected,full,152,44,0.0036
56677822,Victor Wembanyama,21716137,pa,starter,fallback_used,projected,full,152,45,0.0029
56677822,Victor Wembanyama,21716137,pa,starter,fallback_used,projected,full,152,46,0.0024
56677822,Victor Wembanyama,21716137,pa,starter,fallback_used,projected,full,152,47,0.0017
56677822,Victor Wembanyama,21716137,pa,starter,fallback_used,projected,full,152,48,0.0011
56677822,Victor Wembanyama,21716137,pa,starter,fallback_used,projected,full,152,49,0.0008
56677822,Victor Wembanyama,21716137,pa,starter,fallback_used,projected,full,152,50,0.0006
56677822,Victor Wembanyama,21716137,pa,starter,fallback_used,projected,full,152,51,0.0004
56677822,Victor Wembanyama,21716137,pa,starter,fallback_used,projected,full,152,52,0.0002
56677822,Victor Wembanyama,21716137,pa,starter,fallback_used,projected,full,152,53,0.0002
56677822,Victor Wembanyama,21716137,pa,starter,fallback_used,projected,full,152,54,0.0002
56677822,Victor Wembanyama,21716137,pa,starter,fallback_used,projected,full,152,55,0.0002
56677822,Victor Wembanyama,21716137,pa,starter,fallback_used,projected,full,152,56,0.0001
56677822,Victor Wembanyama,21716137,pa,starter,fallback_used,projected,full,152,57,0.0001
56677822,Victor Wembanyama,21716137,pa,starter,fallback_used,projected,full,152,58,0.0001
56677822,Victor Wembanyama,21716137,pa,starter,fallback_used,projected,full,152,59,0.0
56677822,Victor Wembanyama,21716137,pa,starter,fallback_used,projected,full,152,60,0.0
56677822,Victor Wembanyama,21716137,pa,starter,fallback_used,projected,full,152,61,0.0
56677822,Victor Wembanyama,21716137,pa,starter,fallback_used,projected,full,152,62,0.0
56677822,Victor Wembanyama,21716137,pa,starter,fallback_used,projected,full,152,63,0.0
56677822,Victor Wembanyama,21716137,pa,starter,fallback_used,projected,full,152,64,0.0
56677822,Victor Wembanyama,21716137,pa,starter,fallback_used,projected,full,152,65,0.0
56677822,Victor Wembanyama,21716137,pa,starter,fallback_used,projected,full,152,66,0.0
56677822,Victor Wembanyama,21716137,pa,starter,fallback_used,projected,full,152,67,0.0
56677822,Victor Wembanyama,21716137,pa,starter,fallback_used,projected,full,152,68,0.0
56677822,Victor Wembanyama,21716137,pa,starter,fallback_used,projected,full,152,69,0.0
56677822,Victor Wembanyama,21716137,pa,starter,fallback_used,projected,full,152,70,0.0
56677822,Victor Wembanyama,21716137,pa,starter,fallback_used,projected,full,152,71,0.0
56677822,Victor Wembanyama,21716137,pa,starter,fallback_used,projected,full,152,72,0.0
56677822,Victor Wembanyama,21716137,pa,starter,fallback_used,projected,full,152,73,0.0
56677822,Victor Wembanyama,21716137,pa,starter,fallback_used,projected,full,152,74,0.0
56677822,Victor Wembanyama,21716137,pa,starter,fallback_used,projected,full,152,75,0.0
56677822,Victor Wembanyama,21716137,pa,starter,fallback_used,projected,full,152,76,0.0
56677822,Victor Wembanyama,21716137,pa,starter,fallback_used,projected,full,152,77,0.0
56677822,Victor Wembanyama,21716137,pr,starter,fallback_used,projected,full,153,0,0.0
56677822,Victor Wembanyama,21716137,pr,starter,fallback_used,projected,full,153,1,0.0
56677822,Victor Wembanyama,21716137,pr,starter,fallback_used,projected,full,153,2,0.0
56677822,Victor Wembanyama,21716137,pr,starter,fallback_used,projected,full,153,3,0.0
56677822,Victor Wembanyama,21716137,pr,starter,fallback_used,projected,full,153,4,0.0
56677822,Victor Wembanyama,21716137,pr,starter,fallback_used,projected,full,153,5,0.0
56677822,Victor Wembanyama,21716137,pr,starter,fallback_used,projected,full,153,6,0.0
56677822,Victor Wembanyama,21716137,pr,starter,fallback_used,projected,full,153,7,0.0001
56677822,Victor Wembanyama,21716137,pr,starter,fallback_used,projected,full,153,8,0.0001
56677822,Victor Wembanyama,21716137,pr,starter,fallback_used,projected,full,153,9,0.0002
56677822,Victor Wembanyama,21716137,pr,starter,fallback_used,projected,full,153,10,0.0004
56677822,Victor Wembanyama,21716137,pr,starter,fallback_used,projected,full,153,11,0.0005
56677822,Victor Wembanyama,21716137,pr,starter,fallback_used,projected,full,153,12,0.0007
56677822,Victor Wembanyama,21716137,pr,starter,fallback_used,projected,full,153,13,0.001
56677822,Victor Wembanyama,21716137,pr,starter,fallback_used,projected,full,153,14,0.0015
56677822,Victor Wembanyama,21716137,pr,starter,fallback_used,projected,full,153,15,0.0021
56677822,Victor Wembanyama,21716137,pr,starter,fallback_used,projected,full,153,16,0.003
56677822,Victor Wembanyama,21716137,pr,starter,fallback_used,projected,full,153,17,0.0042
56677822,Victor Wembanyama,21716137,pr,starter,fallback_used,projected,full,153,18,0.0057
56677822,Victor Wembanyama,21716137,pr,starter,fallback_used,projected,full,153,19,0.0076
56677822,Victor Wembanyama,21716137,pr,starter,fallback_used,projected,full,153,20,0.0096
56677822,Victor Wembanyama,21716137,pr,starter,fallback_used,projected,full,153,21,0.0121
56677822,Victor Wembanyama,21716137,pr,starter,fallback_used,projected,full,153,22,0.0153
56677822,Victor Wembanyama,21716137,pr,starter,fallback_used,projected,full,153,23,0.0188
56677822,Victor Wembanyama,21716137,pr,starter,fallback_used,projected,full,153,24,0.0221
56677822,Victor Wembanyama,21716137,pr,starter,fallback_used,projected,full,153,25,0.026
56677822,Victor Wembanyama,21716137,pr,starter,fallback_used,projected,full,153,26,0.0307
56677822,Victor Wembanyama,21716137,pr,starter,fallback_used,projected,full,153,27,0.0362
56677822,Victor Wembanyama,21716137,pr,starter,fallback_used,projected,full,153,28,0.0414
56677822,Victor Wembanyama,21716137,pr,starter,fallback_used,projected,full,153,29,0.0465
56677822,Victor Wembanyama,21716137,pr,starter,fallback_used,projected,full,153,30,0.0521
56677822,Victor Wembanyama,21716137,pr,starter,fallback_used,projected,full,153,31,0.0563
56677822,Victor Wembanyama,21716137,pr,starter,fallback_used,projected,full,153,32,0.0584
56677822,Victor Wembanyama,21716137,pr,starter,fallback_used,projected,full,153,33,0.0604
56677822,Victor Wembanyama,21716137,pr,starter,fallback_used,projected,full,153,34,0.0601
56677822,Victor Wembanyama,21716137,pr,starter,fallback_used,projected,full,153,35,0.0568
56677822,Victor Wembanyama,21716137,pr,starter,fallback_used,projected,full,153,36,0.0527
56677822,Victor Wembanyama,21716137,pr,starter,fallback_used,projected,full,153,37,0.0488
56677822,Victor Wembanyama,21716137,pr,starter,fallback_used,projected,full,153,38,0.0438
56677822,Victor Wembanyama,21716137,pr,starter,fallback_used,projected,full,153,39,0.0394
56677822,Victor Wembanyama,21716137,pr,starter,fallback_used,projected,full,153,40,0.0344
56677822,Victor Wembanyama,21716137,pr,starter,fallback_used,projected,full,153,41,0.0283
56677822,Victor Wembanyama,21716137,pr,starter,fallback_used,projected,full,153,42,0.023
56677822,Victor Wembanyama,21716137,pr,starter,fallback_used,projected,full,153,43,0.0193
56677822,Victor Wembanyama,21716137,pr,starter,fallback_used,projected,full,153,44,0.0152
56677822,Victor Wembanyama,21716137,pr,starter,fallback_used,projected,full,153,45,0.0119
56677822,Victor Wembanyama,21716137,pr,starter,fallback_used,projected,full,153,46,0.0102
56677822,Victor Wembanyama,21716137,pr,starter,fallback_used,projected,full,153,47,0.009
56677822,Victor Wembanyama,21716137,pr,starter,fallback_used,projected,full,153,48,0.0077
56677822,Victor Wembanyama,21716137,pr,starter,fallback_used,projected,full,153,49,0.0062
56677822,Victor Wembanyama,21716137,pr,starter,fallback_used,projected,full,153,50,0.0049
56677822,Victor Wembanyama,21716137,pr,starter,fallback_used,projected,full,153,51,0.0038
56677822,Victor Wembanyama,21716137,pr,starter,fallback_used,projected,full,153,52,0.0031
56677822,Victor Wembanyama,21716137,pr,starter,fallback_used,projected,full,153,53,0.0023
56677822,Victor Wembanyama,21716137,pr,starter,fallback_used,projected,full,153,54,0.0016
56677822,Victor Wembanyama,21716137,pr,starter,fallback_used,projected,full,153,55,0.0012
56677822,Victor Wembanyama,21716137,pr,starter,fallback_used,projected,full,153,56,0.0009
56677822,Victor Wembanyama,21716137,pr,starter,fallback_used,projected,full,153,57,0.0006
56677822,Victor Wembanyama,21716137,pr,starter,fallback_used,projected,full,153,58,0.0004
56677822,Victor Wembanyama,21716137,pr,starter,fallback_used,projected,full,153,59,0.0003
56677822,Victor Wembanyama,21716137,pr,starter,fallback_used,projected,full,153,60,0.0002
56677822,Victor Wembanyama,21716137,pr,starter,fallback_used,projected,full,153,61,0.0002
56677822,Victor Wembanyama,21716137,pr,starter,fallback_used,projected,full,153,62,0.0001
56677822,Victor Wembanyama,21716137,pr,starter,fallback_used,projected,full,153,63,0.0001
56677822,Victor Wembanyama,21716137,pr,starter,fallback_used,projected,full,153,64,0.0001
56677822,Victor Wembanyama,21716137,pr,starter,fallback_used,projected,full,153,65,0.0001
56677822,Victor Wembanyama,21716137,pr,starter,fallback_used,projected,full,153,66,0.0
56677822,Victor Wembanyama,21716137,pr,starter,fallback_used,projected,full,153,67,0.0
56677822,Victor Wembanyama,21716137,pr,starter,fallback_used,projected,full,153,68,0.0
56677822,Victor Wembanyama,21716137,pr,starter,fallback_used,projected,full,153,69,0.0
56677822,Victor Wembanyama,21716137,pr,starter,fallback_used,projected,full,153,70,0.0
56677822,Victor Wembanyama,21716137,pr,starter,fallback_used,projected,full,153,71,0.0
56677822,Victor Wembanyama,21716137,pr,starter,fallback_used,projected,full,153,72,0.0
56677822,Victor Wembanyama,21716137,pr,starter,fallback_used,projected,full,153,73,0.0
56677822,Victor Wembanyama,21716137,pr,starter,fallback_used,projected,full,153,74,0.0
56677822,Victor Wembanyama,21716137,pr,starter,fallback_used,projected,full,153,75,0.0
56677822,Victor Wembanyama,21716137,pr,starter,fallback_used,projected,full,153,76,0.0
56677822,Victor Wembanyama,21716137,pr,starter,fallback_used,projected,full,153,77,0.0
56677822,Victor Wembanyama,21716137,pr,starter,fallback_used,projected,full,153,78,0.0
56677822,Victor Wembanyama,21716137,pr,starter,fallback_used,projected,full,153,79,0.0
56677822,Victor Wembanyama,21716137,pr,starter,fallback_used,projected,full,153,80,0.0
56677822,Victor Wembanyama,21716137,pr,starter,fallback_used,projected,full,153,81,0.0
56677822,Victor Wembanyama,21716137,pr,starter,fallback_used,projected,full,153,82,0.0
56677822,Victor Wembanyama,21716137,pr,starter,fallback_used,projected,full,153,83,0.0
56677822,Victor Wembanyama,21716137,pr,starter,fallback_used,projected,full,153,84,0.0
56677822,Victor Wembanyama,21716137,pr,starter,fallback_used,projected,full,153,85,0.0
56677822,Victor Wembanyama,21716137,pr,starter,fallback_used,projected,full,153,86,0.0
56677822,Victor Wembanyama,21716137,pr,starter,fallback_used,projected,full,153,87,0.0
56677822,Victor Wembanyama,21716137,pr,starter,fallback_used,projected,full,153,88,0.0
56677822,Victor Wembanyama,21716137,pr,starter,fallback_used,projected,full,153,89,0.0
56677822,Victor Wembanyama,21716137,pr,starter,fallback_used,projected,full,153,90,0.0
56677822,Victor Wembanyama,21716137,pr,starter,fallback_used,projected,full,153,91,0.0
56677822,Victor Wembanyama,21716137,pr,starter,fallback_used,projected,full,153,92,0.0
56677822,Victor Wembanyama,21716137,pr,starter,fallback_used,projected,full,153,93,0.0
56677822,Victor Wembanyama,21716137,pr,starter,fallback_used,projected,full,153,94,0.0
56677822,Victor Wembanyama,21716137,ra,starter,fallback_used,projected,full,154,0,0.0
56677822,Victor Wembanyama,21716137,ra,starter,fallback_used,projected,full,154,1,0.0002
56677822,Victor Wembanyama,21716137,ra,starter,fallback_used,projected,full,154,2,0.0008
56677822,Victor Wembanyama,21716137,ra,starter,fallback_used,projected,full,154,3,0.0013
56677822,Victor Wembanyama,21716137,ra,starter,fallback_used,projected,full,154,4,0.0027
56677822,Victor Wembanyama,21716137,ra,starter,fallback_used,projected,full,154,5,0.0051
56677822,Victor Wembanyama,21716137,ra,starter,fallback_used,projected,full,154,6,0.0113
56677822,Victor Wembanyama,21716137,ra,starter,fallback_used,projected,full,154,7,0.0245
56677822,Victor Wembanyama,21716137,ra,starter,fallback_used,projected,full,154,8,0.0468
56677822,Victor Wembanyama,21716137,ra,starter,fallback_used,projected,full,154,9,0.0764
56677822,Victor Wembanyama,21716137,ra,starter,fallback_used,projected,full,154,10,0.1118
56677822,Victor Wembanyama,21716137,ra,starter,fallback_used,projected,full,154,11,0.1476
56677822,Victor Wembanyama,21716137,ra,starter,fallback_used,projected,full,154,12,0.1589
56677822,Victor Wembanyama,21716137,ra,starter,fallback_used,projected,full,154,13,0.1413
56677822,Victor Wembanyama,21716137,ra,starter,fallback_used,projected,full,154,14,0.1061
56677822,Victor Wembanyama,21716137,ra,starter,fallback_used,projected,full,154,15,0.0723
56677822,Victor Wembanyama,21716137,ra,starter,fallback_used,projected,full,154,16,0.0451
56677822,Victor Wembanyama,21716137,ra,starter,fallback_used,projected,full,154,17,0.0253
56677822,Victor Wembanyama,21716137,ra,starter,fallback_used,projected,full,154,18,0.0119
56677822,Victor Wembanyama,21716137,ra,starter,fallback_used,projected,full,154,19,0.0058
56677822,Victor Wembanyama,21716137,ra,starter,fallback_used,projected,full,154,20,0.0029
56677822,Victor Wembanyama,21716137,ra,starter,fallback_used,projected,full,154,21,0.0013
56677822,Victor Wembanyama,21716137,ra,starter,fallback_used,projected,full,154,22,0.0005
56677822,Victor Wembanyama,21716137,ra,starter,fallback_used,projected,full,154,23,0.0001
56677822,Victor Wembanyama,21716137,ra,starter,fallback_used,projected,full,154,24,0.0
56677822,Victor Wembanyama,21716137,ra,starter,fallback_used,projected,full,154,25,0.0
56677822,Victor Wembanyama,21716137,ra,starter,fallback_used,projected,full,154,26,0.0
56677822,Victor Wembanyama,21716137,ra,starter,fallback_used,projected,full,154,27,0.0
56677822,Victor Wembanyama,21716137,ra,starter,fallback_used,projected,full,154,28,0.0
56677822,Victor Wembanyama,21716137,ra,starter,fallback_used,projected,full,154,29,0.0
56677822,Victor Wembanyama,21716137,ra,starter,fallback_used,projected,full,154,30,0.0
56677822,Victor Wembanyama,21716137,ra,starter,fallback_used,projected,full,154,31,0.0
56677822,Victor Wembanyama,21716137,ra,starter,fallback_used,projected,full,154,32,0.0
56677822,Victor Wembanyama,21716137,ra,starter,fallback_used,projected,full,154,33,0.0
56677822,Victor Wembanyama,21716137,ra,starter,fallback_used,projected,full,154,34,0.0
56677822,Victor Wembanyama,21716137,ra,starter,fallback_used,projected,full,154,35,0.0
56677822,Victor Wembanyama,21716137,ra,starter,fallback_used,projected,full,154,36,0.0
56677822,Victor Wembanyama,21716137,ra,starter,fallback_used,projected,full,154,37,0.0
56677822,Victor Wembanyama,21716137,ra,starter,fallback_used,projected,full,154,38,0.0
56677822,Victor Wembanyama,21716137,ra,starter,fallback_used,projected,full,154,39,0.0
56677822,Victor Wembanyama,21716137,pra,starter,fallback_used,projected,full,155,0,0.0
56677822,Victor Wembanyama,21716137,pra,starter,fallback_used,projected,full,155,1,0.0
56677822,Victor Wembanyama,21716137,pra,starter,fallback_used,projected,full,155,2,0.0
56677822,Victor Wembanyama,21716137,pra,starter,fallback_used,projected,full,155,3,0.0
56677822,Victor Wembanyama,21716137,pra,starter,fallback_used,projected,full,155,4,0.0
56677822,Victor Wembanyama,21716137,pra,starter,fallback_used,projected,full,155,5,0.0
56677822,Victor Wembanyama,21716137,pra,starter,fallback_used,projected,full,155,6,0.0
56677822,Victor Wembanyama,21716137,pra,starter,fallback_used,projected,full,155,7,0.0
56677822,Victor Wembanyama,21716137,pra,starter,fallback_used,projected,full,155,8,0.0
56677822,Victor Wembanyama,21716137,pra,starter,fallback_used,projected,full,155,9,0.0001
56677822,Victor Wembanyama,21716137,pra,starter,fallback_used,projected,full,155,10,0.0001
56677822,Victor Wembanyama,21716137,pra,starter,fallback_used,projected,full,155,11,0.0002
56677822,Victor Wembanyama,21716137,pra,starter,fallback_used,projected,full,155,12,0.0003
56677822,Victor Wembanyama,21716137,pra,starter,fallback_used,projected,full,155,13,0.0004
56677822,Victor Wembanyama,21716137,pra,starter,fallback_used,projected,full,155,14,0.0006
56677822,Victor Wembanyama,21716137,pra,starter,fallback_used,projected,full,155,15,0.0009
56677822,Victor Wembanyama,21716137,pra,starter,fallback_used,projected,full,155,16,0.0012
56677822,Victor Wembanyama,21716137,pra,starter,fallback_used,projected,full,155,17,0.0017
56677822,Victor Wembanyama,21716137,pra,starter,fallback_used,projected,full,155,18,0.0025
56677822,Victor Wembanyama,21716137,pra,starter,fallback_used,projected,full,155,19,0.0034
56677822,Victor Wembanyama,21716137,pra,starter,fallback_used,projected,full,155,20,0.0047
56677822,Victor Wembanyama,21716137,pra,starter,fallback_used,projected,full,155,21,0.0063
56677822,Victor Wembanyama,21716137,pra,starter,fallback_used,projected,full,155,22,0.0082
56677822,Victor Wembanyama,21716137,pra,starter,fallback_used,projected,full,155,23,0.0104
56677822,Victor Wembanyama,21716137,pra,starter,fallback_used,projected,full,155,24,0.0131
56677822,Victor Wembanyama,21716137,pra,starter,fallback_used,projected,full,155,25,0.0162
56677822,Victor Wembanyama,21716137,pra,starter,fallback_used,projected,full,155,26,0.0196
56677822,Victor Wembanyama,21716137,pra,starter,fallback_used,projected,full,155,27,0.0232
56677822,Victor Wembanyama,21716137,pra,starter,fallback_used,projected,full,155,28,0.0274
56677822,Victor Wembanyama,21716137,pra,starter,fallback_used,projected,full,155,29,0.0322
56677822,Victor Wembanyama,21716137,pra,starter,fallback_used,projected,full,155,30,0.0373
56677822,Victor Wembanyama,21716137,pra,starter,fallback_used,projected,full,155,31,0.0425
56677822,Victor Wembanyama,21716137,pra,starter,fallback_used,projected,full,155,32,0.0477
56677822,Victor Wembanyama,21716137,pra,starter,fallback_used,projected,full,155,33,0.0523
56677822,Victor Wembanyama,21716137,pra,starter,fallback_used,projected,full,155,34,0.0559
56677822,Victor Wembanyama,21716137,pra,starter,fallback_used,projected,full,155,35,0.0583
56677822,Victor Wembanyama,21716137,pra,starter,fallback_used,projected,full,155,36,0.0591
56677822,Victor Wembanyama,21716137,pra,starter,fallback_used,projected,full,155,37,0.0581
56677822,Victor Wembanyama,21716137,pra,starter,fallback_used,projected,full,155,38,0.0555
56677822,Victor Wembanyama,21716137,pra,starter,fallback_used,projected,full,155,39,0.0517
56677822,Victor Wembanyama,21716137,pra,starter,fallback_used,projected,full,155,40,0.0474
56677822,Victor Wembanyama,21716137,pra,starter,fallback_used,projected,full,155,41,0.0429
56677822,Victor Wembanyama,21716137,pra,starter,fallback_used,projected,full,155,42,0.038
56677822,Victor Wembanyama,21716137,pra,starter,fallback_used,projected,full,155,43,0.0328
56677822,Victor Wembanyama,21716137,pra,starter,fallback_used,projected,full,155,44,0.0275
56677822,Victor Wembanyama,21716137,pra,starter,fallback_used,projected,full,155,45,0.0227
56677822,Victor Wembanyama,21716137,pra,starter,fallback_used,projected,full,155,46,0.0185
56677822,Victor Wembanyama,21716137,pra,starter,fallback_used,projected,full,155,47,0.0149
56677822,Victor Wembanyama,21716137,pra,starter,fallback_used,projected,full,155,48,0.0121
56677822,Victor Wembanyama,21716137,pra,starter,fallback_used,projected,full,155,49,0.0102
56677822,Victor Wembanyama,21716137,pra,starter,fallback_used,projected,full,155,50,0.0087
56677822,Victor Wembanyama,21716137,pra,starter,fallback_used,projected,full,155,51,0.0073
56677822,Victor Wembanyama,21716137,pra,starter,fallback_used,projected,full,155,52,0.006
56677822,Victor Wembanyama,21716137,pra,starter,fallback_used,projected,full,155,53,0.0048
56677822,Victor Wembanyama,21716137,pra,starter,fallback_used,projected,full,155,54,0.0038
56677822,Victor Wembanyama,21716137,pra,starter,fallback_used,projected,full,155,55,0.0029
56677822,Victor Wembanyama,21716137,pra,starter,fallback_used,projected,full,155,56,0.0022
56677822,Victor Wembanyama,21716137,pra,starter,fallback_used,projected,full,155,57,0.0016
56677822,Victor Wembanyama,21716137,pra,starter,fallback_used,projected,full,155,58,0.0012
56677822,Victor Wembanyama,21716137,pra,starter,fallback_used,projected,full,155,59,0.0009
56677822,Victor Wembanyama,21716137,pra,starter,fallback_used,projected,full,155,60,0.0006
56677822,Victor Wembanyama,21716137,pra,starter,fallback_used,projected,full,155,61,0.0004
56677822,Victor Wembanyama,21716137,pra,starter,fallback_used,projected,full,155,62,0.0003
56677822,Victor Wembanyama,21716137,pra,starter,fallback_used,projected,full,155,63,0.0002
56677822,Victor Wembanyama,21716137,pra,starter,fallback_used,projected,full,155,64,0.0002
56677822,Victor Wembanyama,21716137,pra,starter,fallback_used,projected,full,155,65,0.0001
56677822,Victor Wembanyama,21716137,pra,starter,fallback_used,projected,full,155,66,0.0001
56677822,Victor Wembanyama,21716137,pra,starter,fallback_used,projected,full,155,67,0.0001
56677822,Victor Wembanyama,21716137,pra,starter,fallback_used,projected,full,155,68,0.0001
56677822,Victor Wembanyama,21716137,pra,starter,fallback_used,projected,full,155,69,0.0
56677822,Victor Wembanyama,21716137,pra,starter,fallback_used,projected,full,155,70,0.0
56677822,Victor Wembanyama,21716137,pra,starter,fallback_used,projected,full,155,71,0.0
56677822,Victor Wembanyama,21716137,pra,starter,fallback_used,projected,full,155,72,0.0
56677822,Victor Wembanyama,21716137,pra,starter,fallback_used,projected,full,155,73,0.0
56677822,Victor Wembanyama,21716137,pra,starter,fallback_used,projected,full,155,74,0.0
56677822,Victor Wembanyama,21716137,pra,starter,fallback_used,projected,full,155,75,0.0
56677822,Victor Wembanyama,21716137,pra,starter,fallback_used,projected,full,155,76,0.0
56677822,Victor Wembanyama,21716137,pra,starter,fallback_used,projected,full,155,77,0.0
56677822,Victor Wembanyama,21716137,pra,starter,fallback_used,projected,full,155,78,0.0
56677822,Victor Wembanyama,21716137,pra,starter,fallback_used,projected,full,155,79,0.0
56677822,Victor Wembanyama,21716137,pra,starter,fallback_used,projected,full,155,80,0.0
56677822,Victor Wembanyama,21716137,pra,starter,fallback_used,projected,full,155,81,0.0
56677822,Victor Wembanyama,21716137,pra,starter,fallback_used,projected,full,155,82,0.0
56677822,Victor Wembanyama,21716137,pra,starter,fallback_used,projected,full,155,83,0.0
56677822,Victor Wembanyama,21716137,pra,starter,fallback_used,projected,full,155,84,0.0
56677822,Victor Wembanyama,21716137,pra,starter,fallback_used,projected,full,155,85,0.0
56677822,Victor Wembanyama,21716137,pra,starter,fallback_used,projected,full,155,86,0.0
56677822,Victor Wembanyama,21716137,pra,starter,fallback_used,projected,full,155,87,0.0
56677822,Victor Wembanyama,21716137,pra,starter,fallback_used,projected,full,155,88,0.0
56677822,Victor Wembanyama,21716137,pra,starter,fallback_used,projected,full,155,89,0.0
56677822,Victor Wembanyama,21716137,pra,starter,fallback_used,projected,full,155,90,0.0
56677822,Victor Wembanyama,21716137,pra,starter,fallback_used,projected,full,155,91,0.0
56677822,Victor Wembanyama,21716137,pra,starter,fallback_used,projected,full,155,92,0.0
56677822,Victor Wembanyama,21716137,pra,starter,fallback_used,projected,full,155,93,0.0
56677822,Victor Wembanyama,21716137,pra,starter,fallback_used,projected,full,155,94,0.0
56677822,Victor Wembanyama,21716137,pra,starter,fallback_used,projected,full,155,95,0.0
56677822,Victor Wembanyama,21716137,pra,starter,fallback_used,projected,full,155,96,0.0
56677822,Victor Wembanyama,21716137,pra,starter,fallback_used,projected,full,155,97,0.0
56677822,Victor Wembanyama,21716137,pra,starter,fallback_used,projected,full,155,98,0.0
56677822,Victor Wembanyama,21716137,pra,starter,fallback_used,projected,full,155,99,0.0
1028025261,Stephon Castle,21716137,pts,starter,fallback_used,projected,full,156,0,0.0017
1028025261,Stephon Castle,21716137,pts,starter,fallback_used,projected,full,156,1,0.0007
1028025261,Stephon Castle,21716137,pts,starter,fallback_used,projected,full,156,2,0.002
1028025261,Stephon Castle,21716137,pts,starter,fallback_used,projected,full,156,3,0.0026
1028025261,Stephon Castle,21716137,pts,starter,fallback_used,projected,full,156,4,0.0049
1028025261,Stephon Castle,21716137,pts,starter,fallback_used,projected,full,156,5,0.0091
1028025261,Stephon Castle,21716137,pts,starter,fallback_used,projected,full,156,6,0.0144
1028025261,Stephon Castle,21716137,pts,starter,fallback_used,projected,full,156,7,0.0133
1028025261,Stephon Castle,21716137,pts,starter,fallback_used,projected,full,156,8,0.0228
1028025261,Stephon Castle,21716137,pts,starter,fallback_used,projected,full,156,9,0.0302
1028025261,Stephon Castle,21716137,pts,starter,fallback_used,projected,full,156,10,0.0323
1028025261,Stephon Castle,21716137,pts,starter,fallback_used,projected,full,156,11,0.0336
1028025261,Stephon Castle,21716137,pts,starter,fallback_used,projected,full,156,12,0.0498
1028025261,Stephon Castle,21716137,pts,starter,fallback_used,projected,full,156,13,0.0557
1028025261,Stephon Castle,21716137,pts,starter,fallback_used,projected,full,156,14,0.0505
1028025261,Stephon Castle,21716137,pts,starter,fallback_used,projected,full,156,15,0.0774
1028025261,Stephon Castle,21716137,pts,starter,fallback_used,projected,full,156,16,0.064
1028025261,Stephon Castle,21716137,pts,starter,fallback_used,projected,full,156,17,0.0824
1028025261,Stephon Castle,21716137,pts,starter,fallback_used,projected,full,156,18,0.0803
1028025261,Stephon Castle,21716137,pts,starter,fallback_used,projected,full,156,19,0.0576
1028025261,Stephon Castle,21716137,pts,starter,fallback_used,projected,full,156,20,0.0482
1028025261,Stephon Castle,21716137,pts,starter,fallback_used,projected,full,156,21,0.0487
1028025261,Stephon Castle,21716137,pts,starter,fallback_used,projected,full,156,22,0.049
1028025261,Stephon Castle,21716137,pts,starter,fallback_used,projected,full,156,23,0.0402
1028025261,Stephon Castle,21716137,pts,starter,fallback_used,projected,full,156,24,0.0209
1028025261,Stephon Castle,21716137,pts,starter,fallback_used,projected,full,156,25,0.024
1028025261,Stephon Castle,21716137,pts,starter,fallback_used,projected,full,156,26,0.0199
1028025261,Stephon Castle,21716137,pts,starter,fallback_used,projected,full,156,27,0.0067
1028025261,Stephon Castle,21716137,pts,starter,fallback_used,projected,full,156,28,0.0099
1028025261,Stephon Castle,21716137,pts,starter,fallback_used,projected,full,156,29,0.0114
1028025261,Stephon Castle,21716137,pts,starter,fallback_used,projected,full,156,30,0.014
1028025261,Stephon Castle,21716137,pts,starter,fallback_used,projected,full,156,31,0.0054
1028025261,Stephon Castle,21716137,pts,starter,fallback_used,projected,full,156,32,0.0032
1028025261,Stephon Castle,21716137,pts,starter,fallback_used,projected,full,156,33,0.0046
1028025261,Stephon Castle,21716137,pts,starter,fallback_used,projected,full,156,34,0.0031
1028025261,Stephon Castle,21716137,pts,starter,fallback_used,projected,full,156,35,0.0012
1028025261,Stephon Castle,21716137,pts,starter,fallback_used,projected,full,156,36,0.0015
1028025261,Stephon Castle,21716137,pts,starter,fallback_used,projected,full,156,37,0.0007
1028025261,Stephon Castle,21716137,pts,starter,fallback_used,projected,full,156,38,0.0003
1028025261,Stephon Castle,21716137,pts,starter,fallback_used,projected,full,156,39,0.0004
1028025261,Stephon Castle,21716137,pts,starter,fallback_used,projected,full,156,40,0.0004
1028025261,Stephon Castle,21716137,pts,starter,fallback_used,projected,full,156,41,0.0005
1028025261,Stephon Castle,21716137,pts,starter,fallback_used,projected,full,156,42,0.0001
1028025261,Stephon Castle,21716137,pts,starter,fallback_used,projected,full,156,43,0.0002
1028025261,Stephon Castle,21716137,pts,starter,fallback_used,projected,full,156,44,0.0001
1028025261,Stephon Castle,21716137,pts,starter,fallback_used,projected,full,156,45,0.0
1028025261,Stephon Castle,21716137,pts,starter,fallback_used,projected,full,156,46,0.0001
1028025261,Stephon Castle,21716137,pts,starter,fallback_used,projected,full,156,47,0.0001
1028025261,Stephon Castle,21716137,pts,starter,fallback_used,projected,full,156,48,0.0
1028025261,Stephon Castle,21716137,pts,starter,fallback_used,projected,full,156,49,0.0
1028025261,Stephon Castle,21716137,pts,starter,fallback_used,projected,full,156,50,0.0
1028025261,Stephon Castle,21716137,pts,starter,fallback_used,projected,full,156,55,0.0
1028025261,Stephon Castle,21716137,pts,starter,fallback_used,projected,full,156,57,0.0
1028025261,Stephon Castle,21716137,pts,starter,fallback_used,projected,full,156,80,0.0
1028025261,Stephon Castle,21716137,reb,starter,fallback_used,projected,full,157,0,0.0049
1028025261,Stephon Castle,21716137,reb,starter,fallback_used,projected,full,157,1,0.0136
1028025261,Stephon Castle,21716137,reb,starter,fallback_used,projected,full,157,2,0.0579
1028025261,Stephon Castle,21716137,reb,starter,fallback_used,projected,full,157,3,0.1108
1028025261,Stephon Castle,21716137,reb,starter,fallback_used,projected,full,157,4,0.2076
1028025261,Stephon Castle,21716137,reb,starter,fallback_used,projected,full,157,5,0.2581
1028025261,Stephon Castle,21716137,reb,starter,fallback_used,projected,full,157,6,0.1619
1028025261,Stephon Castle,21716137,reb,starter,fallback_used,projected,full,157,7,0.104
1028025261,Stephon Castle,21716137,reb,starter,fallback_used,projected,full,157,8,0.0555
1028025261,Stephon Castle,21716137,reb,starter,fallback_used,projected,full,157,9,0.0169
1028025261,Stephon Castle,21716137,reb,starter,fallback_used,projected,full,157,10,0.0061
1028025261,Stephon Castle,21716137,reb,starter,fallback_used,projected,full,157,11,0.002
1028025261,Stephon Castle,21716137,reb,starter,fallback_used,projected,full,157,12,0.0005
1028025261,Stephon Castle,21716137,reb,starter,fallback_used,projected,full,157,13,0.0
1028025261,Stephon Castle,21716137,reb,starter,fallback_used,projected,full,157,14,0.0
1028025261,Stephon Castle,21716137,reb,starter,fallback_used,projected,full,157,15,0.0
1028025261,Stephon Castle,21716137,reb,starter,fallback_used,projected,full,157,16,0.0
1028025261,Stephon Castle,21716137,reb,starter,fallback_used,projected,full,157,17,0.0
1028025261,Stephon Castle,21716137,reb,starter,fallback_used,projected,full,157,18,0.0
1028025261,Stephon Castle,21716137,reb,starter,fallback_used,projected,full,157,19,0.0
1028025261,Stephon Castle,21716137,reb,starter,fallback_used,projected,full,157,20,0.0
1028025261,Stephon Castle,21716137,reb,starter,fallback_used,projected,full,157,21,0.0
1028025261,Stephon Castle,21716137,reb,starter,fallback_used,projected,full,157,22,0.0
1028025261,Stephon Castle,21716137,reb,starter,fallback_used,projected,full,157,26,0.0
1028025261,Stephon Castle,21716137,ast,starter,fallback_used,projected,full,158,0,0.0055
1028025261,Stephon Castle,21716137,ast,starter,fallback_used,projected,full,158,1,0.0055
1028025261,Stephon Castle,21716137,ast,starter,fallback_used,projected,full,158,2,0.0261
1028025261,Stephon Castle,21716137,ast,starter,fallback_used,projected,full,158,3,0.0694
1028025261,Stephon Castle,21716137,ast,starter,fallback_used,projected,full,158,4,0.1339
1028025261,Stephon Castle,21716137,ast,starter,fallback_used,projected,full,158,5,0.2462
1028025261,Stephon Castle,21716137,ast,starter,fallback_used,projected,full,158,6,0.2325
1028025261,Stephon Castle,21716137,ast,starter,fallback_used,projected,full,158,7,0.168
1028025261,Stephon Castle,21716137,ast,starter,fallback_used,projected,full,158,8,0.0795
1028025261,Stephon Castle,21716137,ast,starter,fallback_used,projected,full,158,9,0.0236
1028025261,Stephon Castle,21716137,ast,starter,fallback_used,projected,full,158,10,0.0065
1028025261,Stephon Castle,21716137,ast,starter,fallback_used,projected,full,158,11,0.0026
1028025261,Stephon Castle,21716137,ast,starter,fallback_used,projected,full,158,12,0.0005
1028025261,Stephon Castle,21716137,ast,starter,fallback_used,projected,full,158,13,0.0
1028025261,Stephon Castle,21716137,ast,starter,fallback_used,projected,full,158,14,0.0
1028025261,Stephon Castle,21716137,ast,starter,fallback_used,projected,full,158,15,0.0
1028025261,Stephon Castle,21716137,ast,starter,fallback_used,projected,full,158,16,0.0
1028025261,Stephon Castle,21716137,ast,starter,fallback_used,projected,full,158,17,0.0
1028025261,Stephon Castle,21716137,ast,starter,fallback_used,projected,full,158,18,0.0
1028025261,Stephon Castle,21716137,ast,starter,fallback_used,projected,full,158,19,0.0
1028025261,Stephon Castle,21716137,ast,starter,fallback_used,projected,full,158,20,0.0
1028025261,Stephon Castle,21716137,ast,starter,fallback_used,projected,full,158,21,0.0
1028025261,Stephon Castle,21716137,ast,starter,fallback_used,projected,full,158,22,0.0
1028025261,Stephon Castle,21716137,fg3m,starter,fallback_used,projected,full,159,0,0.4041
1028025261,Stephon Castle,21716137,fg3m,starter,fallback_used,projected,full,159,1,0.1824
1028025261,Stephon Castle,21716137,fg3m,starter,fallback_used,projected,full,159,2,0.1821
1028025261,Stephon Castle,21716137,fg3m,starter,fallback_used,projected,full,159,3,0.0857
1028025261,Stephon Castle,21716137,fg3m,starter,fallback_used,projected,full,159,4,0.1457
1028025261,Stephon Castle,21716137,tov,starter,fallback_used,projected,full,160,0,0.1157
1028025261,Stephon Castle,21716137,tov,starter,fallback_used,projected,full,160,1,0.3285
1028025261,Stephon Castle,21716137,tov,starter,fallback_used,projected,full,160,2,0.3347
1028025261,Stephon Castle,21716137,tov,starter,fallback_used,projected,full,160,3,0.164
1028025261,Stephon Castle,21716137,tov,starter,fallback_used,projected,full,160,4,0.051
1028025261,Stephon Castle,21716137,tov,starter,fallback_used,projected,full,160,5,0.0057
1028025261,Stephon Castle,21716137,tov,starter,fallback_used,projected,full,160,6,0.0004
1028025261,Stephon Castle,21716137,tov,starter,fallback_used,projected,full,160,7,0.0
1028025261,Stephon Castle,21716137,tov,starter,fallback_used,projected,full,160,8,0.0
1028025261,Stephon Castle,21716137,tov,starter,fallback_used,projected,full,160,9,0.0
1028025261,Stephon Castle,21716137,tov,starter,fallback_used,projected,full,160,10,0.0
1028025261,Stephon Castle,21716137,tov,starter,fallback_used,projected,full,160,11,0.0
1028025261,Stephon Castle,21716137,tov,starter,fallback_used,projected,full,160,12,0.0
1028025261,Stephon Castle,21716137,stl,starter,fallback_used,projected,full,161,0,0.5603
1028025261,Stephon Castle,21716137,stl,starter,fallback_used,projected,full,161,1,0.3271
1028025261,Stephon Castle,21716137,stl,starter,fallback_used,projected,full,161,2,0.0849
1028025261,Stephon Castle,21716137,stl,starter,fallback_used,projected,full,161,3,0.0205
1028025261,Stephon Castle,21716137,stl,starter,fallback_used,projected,full,161,4,0.0072
1028025261,Stephon Castle,21716137,blk,starter,fallback_used,projected,full,162,0,0.7592
1028025261,Stephon Castle,21716137,blk,starter,fallback_used,projected,full,162,1,0.1682
1028025261,Stephon Castle,21716137,blk,starter,fallback_used,projected,full,162,2,0.0633
1028025261,Stephon Castle,21716137,blk,starter,fallback_used,projected,full,162,3,0.005
1028025261,Stephon Castle,21716137,blk,starter,fallback_used,projected,full,162,10,0.0044
1028025261,Stephon Castle,21716137,stocks,starter,fallback_used,projected,full,163,0,0.4254
1028025261,Stephon Castle,21716137,stocks,starter,fallback_used,projected,full,163,1,0.3426
1028025261,Stephon Castle,21716137,stocks,starter,fallback_used,projected,full,163,2,0.1505
1028025261,Stephon Castle,21716137,stocks,starter,fallback_used,projected,full,163,3,0.0597
1028025261,Stephon Castle,21716137,stocks,starter,fallback_used,projected,full,163,4,0.0178
1028025261,Stephon Castle,21716137,stocks,starter,fallback_used,projected,full,163,5,0.0032
1028025261,Stephon Castle,21716137,stocks,starter,fallback_used,projected,full,163,6,0.0006
1028025261,Stephon Castle,21716137,stocks,starter,fallback_used,projected,full,163,7,0.0
1028025261,Stephon Castle,21716137,stocks,starter,fallback_used,projected,full,163,10,0.0
1028025261,Stephon Castle,21716137,stocks,starter,fallback_used,projected,full,163,11,0.0
1028025261,Stephon Castle,21716137,stocks,starter,fallback_used,projected,full,163,12,0.0
