snapshot_type,snapshot_time_utc,delivery_date,game_id,player_id,player_name,team,opponent,is_home,stat,pmf_json,pmf_mean,mean,median,mode,p0,p_ge_1,p_ge_2,p_ge_3,p_ge_4,p_ge_5,p_ge_6,p_ge_7,p_ge_8,p_ge_9,p_ge_10,p_ge_11,p_ge_12,p_ge_13,p_ge_14,p_ge_15,p_ge_16,p_ge_17,p_ge_18,p_ge_19,p_ge_20,model_version,pmf_source,calibration_source,role_bucket,role_source,calibration_confidence,minutes_mean,minutes_q50,minutes_p10,minutes_p50,minutes_p90,minutes_std,p_inactive_used,rotation_probability,starter_probability,projected_role,player_game_eligible,eligibility_reason,has_current_market_line,sportsbook,book,market_key,line,market_line,p_over,over_price_american,under_price_american,market_no_vig_over_prob,market_no_vig_under_prob,model_p_under,fair_over_odds_american,fair_under_odds_american,edge,edge_over,edge_under,market_snapshot_time_utc,market_coverage_status,finality_status,finality_blocker_codes,injury_freshness_status,lineup_freshness_status,role_freshness_status,odds_freshness_status,outcomes_freshness_status,tov_status,pmf_valid,pmf_sum_error,expected_lineup_status,official_lineup_status,lineup_source,injury_context_source,injury_report_fetched_at_utc
morning,2026-05-24T16:11:10Z,2026-05-24,21713531,89,Alex Caruso,OKC,SAS,False,pts,"{""0"": 0.02071105966457961, ""1"": 0.02891802139397485, ""2"": 0.027442000603367503, ""3"": 0.028183255084191155, ""4"": 0.03443135296025314, ""5"": 0.04811075694549687, ""6"": 0.052248320012034374, ""7"": 0.051880837264255665, ""8"": 0.06335048170366216, ""9"": 0.07373326214396789, ""10"": 0.07512091875916921, ""11"": 0.06902449739849091, ""12"": 0.05687079648541953, ""13"": 0.05362408812647723, ""14"": 0.051841186933273484, ""15"": 0.03693276883040645, ""16"": 0.040987764445130456, ""17"": 0.04746448213157448, ""18"": 0.02655998430197507, ""19"": 0.022999403894719755, ""20"": 0.0196707438958606, ""21"": 0.014644647039563903, ""22"": 0.008816696002113626, ""23"": 0.014730124005215443, ""24"": 0.012388134907819348, ""25"": 0.008340333015477595, ""26"": 0.0026483791893939716, ""27"": 0.0026623269923101702, ""28"": 0.001351396724185393, ""29"": 0.000725831036594114, ""30"": 0.0004889581856661697, ""31"": 0.0001189465591152507, ""32"": 0.0008212777444496837, ""33"": 0.00018540053840388854, ""34"": 8.423984060757133e-05, ""35"": 0.0004687706095444195, ""36"": 0.0001477312440757387, ""37"": 0.0006428045507261649, ""38"": 0.0003754306907647823, ""39"": 9.136766676797718e-05, ""40"": 4.455290470277827e-05, ""41"": 9.119645994055859e-301, ""42"": 4.221809138200642e-05, ""43"": 8.621386419056342e-301, ""44"": 8.363780681074729e-301, ""45"": 3.851367187623408e-05, ""46"": 7.836201685142005e-301, ""47"": 3.593581096360056e-05, ""48"": 7.298122238364598e-301, ""49"": 7.027322047798874e-301, ""50"": 6.756460158380037e-301, ""51"": 6.486332733835378e-301, ""52"": 6.217701463226268e-301, ""53"": 5.951290479703699e-301, ""54"": 5.687783679232041e-301, ""55"": 5.427822446243948e-301, ""56"": 5.17200378872909e-301, ""57"": 4.920878880977662e-301, ""58"": 4.674952008120695e-301, ""59"": 4.434679902750664e-301, ""60"": 4.2004714604181634e-301, ""61"": 3.9726878175532285e-301, ""62"": 3.751642772524089e-301, ""63"": 3.5376035280548126e-301, ""64"": 3.3307917311138844e-301, ""65"": 3.1313847846861934e-301, ""66"": 2.939517404516196e-301, ""67"": 2.7552833929815907e-301, ""68"": 2.578737601693131e-301, ""69"": 2.409898054238985e-301, ""70"": 2.248748200625791e-301, ""71"": 2.0952392754514937e-301, ""72"": 1.949292732593377e-301, ""73"": 1.8108027302355096e-301, ""74"": 1.6796386413054852e-301, ""75"": 1.55564756586635e-301, ""76"": 1.4386568236214858e-301, ""77"": 1.3284764064724316e-301, ""78"": 1.2249013729274594e-301, ""79"": 1.1277141681007025e-301, ""80"": 1.036686855023307e-301}",11.0044,11.0044,10,10,0.0207,0.9793,0.9504,0.9229,0.8947,0.8603,0.8122,0.76,0.7081,0.6447,0.571,0.4959,0.4268,0.37,0.3164,0.2645,0.2276,0.1866,0.1391,0.1126,0.0896,614c522d#phase10c,stat_grid:pmf_sim_v1+role_aware_pmf_cal_v1:rotation+monotone_pit_cdf_v1,phase8_role_aware_pmf_cal_v1+monotone_inactive_global_v1,rotation,projected_minutes,high,22.5514,21.9169,10.2327,21.9169,31.3872,8.3936,0.05,0.8866,0.1937,rotation,True,current_market_line,True,williamhill_us,williamhill_us,player_pts_over_under,10.5,10.5,0.4959,-132.0,-102.0,0.5298,0.4702,0.5041,102.0,-102.0,-0.0339,-0.0339,0.0339,2026-05-24T16:09:59.066825Z,full,provisional,lineup_unconfirmed,fallback_used,projected,derived_from_projected_minutes,ok,finals_pending,current_phase8,ok,0.0,projected,not_available_yet,bdl_lineup_freshness_manifest,bdl_plus_nba_official,2026-05-24T16:10:20Z
morning,2026-05-24T16:11:10Z,2026-05-24,21713531,89,Alex Caruso,OKC,SAS,False,pts,"{""0"": 0.02071105966457961, ""1"": 0.02891802139397485, ""2"": 0.027442000603367503, ""3"": 0.028183255084191155, ""4"": 0.03443135296025314, ""5"": 0.04811075694549687, ""6"": 0.052248320012034374, ""7"": 0.051880837264255665, ""8"": 0.06335048170366216, ""9"": 0.07373326214396789, ""10"": 0.07512091875916921, ""11"": 0.06902449739849091, ""12"": 0.05687079648541953, ""13"": 0.05362408812647723, ""14"": 0.051841186933273484, ""15"": 0.03693276883040645, ""16"": 0.040987764445130456, ""17"": 0.04746448213157448, ""18"": 0.02655998430197507, ""19"": 0.022999403894719755, ""20"": 0.0196707438958606, ""21"": 0.014644647039563903, ""22"": 0.008816696002113626, ""23"": 0.014730124005215443, ""24"": 0.012388134907819348, ""25"": 0.008340333015477595, ""26"": 0.0026483791893939716, ""27"": 0.0026623269923101702, ""28"": 0.001351396724185393, ""29"": 0.000725831036594114, ""30"": 0.0004889581856661697, ""31"": 0.0001189465591152507, ""32"": 0.0008212777444496837, ""33"": 0.00018540053840388854, ""34"": 8.423984060757133e-05, ""35"": 0.0004687706095444195, ""36"": 0.0001477312440757387, ""37"": 0.0006428045507261649, ""38"": 0.0003754306907647823, ""39"": 9.136766676797718e-05, ""40"": 4.455290470277827e-05, ""41"": 9.119645994055859e-301, ""42"": 4.221809138200642e-05, ""43"": 8.621386419056342e-301, ""44"": 8.363780681074729e-301, ""45"": 3.851367187623408e-05, ""46"": 7.836201685142005e-301, ""47"": 3.593581096360056e-05, ""48"": 7.298122238364598e-301, ""49"": 7.027322047798874e-301, ""50"": 6.756460158380037e-301, ""51"": 6.486332733835378e-301, ""52"": 6.217701463226268e-301, ""53"": 5.951290479703699e-301, ""54"": 5.687783679232041e-301, ""55"": 5.427822446243948e-301, ""56"": 5.17200378872909e-301, ""57"": 4.920878880977662e-301, ""58"": 4.674952008120695e-301, ""59"": 4.434679902750664e-301, ""60"": 4.2004714604181634e-301, ""61"": 3.9726878175532285e-301, ""62"": 3.751642772524089e-301, ""63"": 3.5376035280548126e-301, ""64"": 3.3307917311138844e-301, ""65"": 3.1313847846861934e-301, ""66"": 2.939517404516196e-301, ""67"": 2.7552833929815907e-301, ""68"": 2.578737601693131e-301, ""69"": 2.409898054238985e-301, ""70"": 2.248748200625791e-301, ""71"": 2.0952392754514937e-301, ""72"": 1.949292732593377e-301, ""73"": 1.8108027302355096e-301, ""74"": 1.6796386413054852e-301, ""75"": 1.55564756586635e-301, ""76"": 1.4386568236214858e-301, ""77"": 1.3284764064724316e-301, ""78"": 1.2249013729274594e-301, ""79"": 1.1277141681007025e-301, ""80"": 1.036686855023307e-301}",11.0044,11.0044,10,10,0.0207,0.9793,0.9504,0.9229,0.8947,0.8603,0.8122,0.76,0.7081,0.6447,0.571,0.4959,0.4268,0.37,0.3164,0.2645,0.2276,0.1866,0.1391,0.1126,0.0896,614c522d#phase10c,stat_grid:pmf_sim_v1+role_aware_pmf_cal_v1:rotation+monotone_pit_cdf_v1,phase8_role_aware_pmf_cal_v1+monotone_inactive_global_v1,rotation,projected_minutes,high,22.5514,21.9169,10.2327,21.9169,31.3872,8.3936,0.05,0.8866,0.1937,rotation,True,current_market_line,True,draftkings,draftkings,player_pts_over_under,10.5,10.5,0.4959,-120.0,-106.0,0.5146,0.4854,0.5041,102.0,-102.0,-0.0187,-0.0187,0.0187,2026-05-24T16:09:59.066825Z,full,provisional,lineup_unconfirmed,fallback_used,projected,derived_from_projected_minutes,ok,finals_pending,current_phase8,ok,0.0,projected,not_available_yet,bdl_lineup_freshness_manifest,bdl_plus_nba_official,2026-05-24T16:10:20Z
morning,2026-05-24T16:11:10Z,2026-05-24,21713531,89,Alex Caruso,OKC,SAS,False,pts,"{""0"": 0.02071105966457961, ""1"": 0.02891802139397485, ""2"": 0.027442000603367503, ""3"": 0.028183255084191155, ""4"": 0.03443135296025314, ""5"": 0.04811075694549687, ""6"": 0.052248320012034374, ""7"": 0.051880837264255665, ""8"": 0.06335048170366216, ""9"": 0.07373326214396789, ""10"": 0.07512091875916921, ""11"": 0.06902449739849091, ""12"": 0.05687079648541953, ""13"": 0.05362408812647723, ""14"": 0.051841186933273484, ""15"": 0.03693276883040645, ""16"": 0.040987764445130456, ""17"": 0.04746448213157448, ""18"": 0.02655998430197507, ""19"": 0.022999403894719755, ""20"": 0.0196707438958606, ""21"": 0.014644647039563903, ""22"": 0.008816696002113626, ""23"": 0.014730124005215443, ""24"": 0.012388134907819348, ""25"": 0.008340333015477595, ""26"": 0.0026483791893939716, ""27"": 0.0026623269923101702, ""28"": 0.001351396724185393, ""29"": 0.000725831036594114, ""30"": 0.0004889581856661697, ""31"": 0.0001189465591152507, ""32"": 0.0008212777444496837, ""33"": 0.00018540053840388854, ""34"": 8.423984060757133e-05, ""35"": 0.0004687706095444195, ""36"": 0.0001477312440757387, ""37"": 0.0006428045507261649, ""38"": 0.0003754306907647823, ""39"": 9.136766676797718e-05, ""40"": 4.455290470277827e-05, ""41"": 9.119645994055859e-301, ""42"": 4.221809138200642e-05, ""43"": 8.621386419056342e-301, ""44"": 8.363780681074729e-301, ""45"": 3.851367187623408e-05, ""46"": 7.836201685142005e-301, ""47"": 3.593581096360056e-05, ""48"": 7.298122238364598e-301, ""49"": 7.027322047798874e-301, ""50"": 6.756460158380037e-301, ""51"": 6.486332733835378e-301, ""52"": 6.217701463226268e-301, ""53"": 5.951290479703699e-301, ""54"": 5.687783679232041e-301, ""55"": 5.427822446243948e-301, ""56"": 5.17200378872909e-301, ""57"": 4.920878880977662e-301, ""58"": 4.674952008120695e-301, ""59"": 4.434679902750664e-301, ""60"": 4.2004714604181634e-301, ""61"": 3.9726878175532285e-301, ""62"": 3.751642772524089e-301, ""63"": 3.5376035280548126e-301, ""64"": 3.3307917311138844e-301, ""65"": 3.1313847846861934e-301, ""66"": 2.939517404516196e-301, ""67"": 2.7552833929815907e-301, ""68"": 2.578737601693131e-301, ""69"": 2.409898054238985e-301, ""70"": 2.248748200625791e-301, ""71"": 2.0952392754514937e-301, ""72"": 1.949292732593377e-301, ""73"": 1.8108027302355096e-301, ""74"": 1.6796386413054852e-301, ""75"": 1.55564756586635e-301, ""76"": 1.4386568236214858e-301, ""77"": 1.3284764064724316e-301, ""78"": 1.2249013729274594e-301, ""79"": 1.1277141681007025e-301, ""80"": 1.036686855023307e-301}",11.0044,11.0044,10,10,0.0207,0.9793,0.9504,0.9229,0.8947,0.8603,0.8122,0.76,0.7081,0.6447,0.571,0.4959,0.4268,0.37,0.3164,0.2645,0.2276,0.1866,0.1391,0.1126,0.0896,614c522d#phase10c,stat_grid:pmf_sim_v1+role_aware_pmf_cal_v1:rotation+monotone_pit_cdf_v1,phase8_role_aware_pmf_cal_v1+monotone_inactive_global_v1,rotation,projected_minutes,high,22.5514,21.9169,10.2327,21.9169,31.3872,8.3936,0.05,0.8866,0.1937,rotation,True,current_market_line,True,betonlineag,betonlineag,player_pts_over_under,10.5,10.5,0.4959,-123.0,-104.0,0.5197,0.4803,0.5041,102.0,-102.0,-0.0238,-0.0238,0.0238,2026-05-24T16:09:59.066825Z,full,provisional,lineup_unconfirmed,fallback_used,projected,derived_from_projected_minutes,ok,finals_pending,current_phase8,ok,0.0,projected,not_available_yet,bdl_lineup_freshness_manifest,bdl_plus_nba_official,2026-05-24T16:10:20Z
morning,2026-05-24T16:11:10Z,2026-05-24,21713531,89,Alex Caruso,OKC,SAS,False,pts,"{""0"": 0.02071105966457961, ""1"": 0.02891802139397485, ""2"": 0.027442000603367503, ""3"": 0.028183255084191155, ""4"": 0.03443135296025314, ""5"": 0.04811075694549687, ""6"": 0.052248320012034374, ""7"": 0.051880837264255665, ""8"": 0.06335048170366216, ""9"": 0.07373326214396789, ""10"": 0.07512091875916921, ""11"": 0.06902449739849091, ""12"": 0.05687079648541953, ""13"": 0.05362408812647723, ""14"": 0.051841186933273484, ""15"": 0.03693276883040645, ""16"": 0.040987764445130456, ""17"": 0.04746448213157448, ""18"": 0.02655998430197507, ""19"": 0.022999403894719755, ""20"": 0.0196707438958606, ""21"": 0.014644647039563903, ""22"": 0.008816696002113626, ""23"": 0.014730124005215443, ""24"": 0.012388134907819348, ""25"": 0.008340333015477595, ""26"": 0.0026483791893939716, ""27"": 0.0026623269923101702, ""28"": 0.001351396724185393, ""29"": 0.000725831036594114, ""30"": 0.0004889581856661697, ""31"": 0.0001189465591152507, ""32"": 0.0008212777444496837, ""33"": 0.00018540053840388854, ""34"": 8.423984060757133e-05, ""35"": 0.0004687706095444195, ""36"": 0.0001477312440757387, ""37"": 0.0006428045507261649, ""38"": 0.0003754306907647823, ""39"": 9.136766676797718e-05, ""40"": 4.455290470277827e-05, ""41"": 9.119645994055859e-301, ""42"": 4.221809138200642e-05, ""43"": 8.621386419056342e-301, ""44"": 8.363780681074729e-301, ""45"": 3.851367187623408e-05, ""46"": 7.836201685142005e-301, ""47"": 3.593581096360056e-05, ""48"": 7.298122238364598e-301, ""49"": 7.027322047798874e-301, ""50"": 6.756460158380037e-301, ""51"": 6.486332733835378e-301, ""52"": 6.217701463226268e-301, ""53"": 5.951290479703699e-301, ""54"": 5.687783679232041e-301, ""55"": 5.427822446243948e-301, ""56"": 5.17200378872909e-301, ""57"": 4.920878880977662e-301, ""58"": 4.674952008120695e-301, ""59"": 4.434679902750664e-301, ""60"": 4.2004714604181634e-301, ""61"": 3.9726878175532285e-301, ""62"": 3.751642772524089e-301, ""63"": 3.5376035280548126e-301, ""64"": 3.3307917311138844e-301, ""65"": 3.1313847846861934e-301, ""66"": 2.939517404516196e-301, ""67"": 2.7552833929815907e-301, ""68"": 2.578737601693131e-301, ""69"": 2.409898054238985e-301, ""70"": 2.248748200625791e-301, ""71"": 2.0952392754514937e-301, ""72"": 1.949292732593377e-301, ""73"": 1.8108027302355096e-301, ""74"": 1.6796386413054852e-301, ""75"": 1.55564756586635e-301, ""76"": 1.4386568236214858e-301, ""77"": 1.3284764064724316e-301, ""78"": 1.2249013729274594e-301, ""79"": 1.1277141681007025e-301, ""80"": 1.036686855023307e-301}",11.0044,11.0044,10,10,0.0207,0.9793,0.9504,0.9229,0.8947,0.8603,0.8122,0.76,0.7081,0.6447,0.571,0.4959,0.4268,0.37,0.3164,0.2645,0.2276,0.1866,0.1391,0.1126,0.0896,614c522d#phase10c,stat_grid:pmf_sim_v1+role_aware_pmf_cal_v1:rotation+monotone_pit_cdf_v1,phase8_role_aware_pmf_cal_v1+monotone_inactive_global_v1,rotation,projected_minutes,high,22.5514,21.9169,10.2327,21.9169,31.3872,8.3936,0.05,0.8866,0.1937,rotation,True,current_market_line,True,betmgm,betmgm,player_pts_over_under,10.5,10.5,0.4959,-135.0,100.0,0.5347,0.4653,0.5041,102.0,-102.0,-0.0388,-0.0388,0.0388,2026-05-24T16:09:59.066825Z,full,provisional,lineup_unconfirmed,fallback_used,projected,derived_from_projected_minutes,ok,finals_pending,current_phase8,ok,0.0,projected,not_available_yet,bdl_lineup_freshness_manifest,bdl_plus_nba_official,2026-05-24T16:10:20Z
morning,2026-05-24T16:11:10Z,2026-05-24,21713531,89,Alex Caruso,OKC,SAS,False,pts,"{""0"": 0.02071105966457961, ""1"": 0.02891802139397485, ""2"": 0.027442000603367503, ""3"": 0.028183255084191155, ""4"": 0.03443135296025314, ""5"": 0.04811075694549687, ""6"": 0.052248320012034374, ""7"": 0.051880837264255665, ""8"": 0.06335048170366216, ""9"": 0.07373326214396789, ""10"": 0.07512091875916921, ""11"": 0.06902449739849091, ""12"": 0.05687079648541953, ""13"": 0.05362408812647723, ""14"": 0.051841186933273484, ""15"": 0.03693276883040645, ""16"": 0.040987764445130456, ""17"": 0.04746448213157448, ""18"": 0.02655998430197507, ""19"": 0.022999403894719755, ""20"": 0.0196707438958606, ""21"": 0.014644647039563903, ""22"": 0.008816696002113626, ""23"": 0.014730124005215443, ""24"": 0.012388134907819348, ""25"": 0.008340333015477595, ""26"": 0.0026483791893939716, ""27"": 0.0026623269923101702, ""28"": 0.001351396724185393, ""29"": 0.000725831036594114, ""30"": 0.0004889581856661697, ""31"": 0.0001189465591152507, ""32"": 0.0008212777444496837, ""33"": 0.00018540053840388854, ""34"": 8.423984060757133e-05, ""35"": 0.0004687706095444195, ""36"": 0.0001477312440757387, ""37"": 0.0006428045507261649, ""38"": 0.0003754306907647823, ""39"": 9.136766676797718e-05, ""40"": 4.455290470277827e-05, ""41"": 9.119645994055859e-301, ""42"": 4.221809138200642e-05, ""43"": 8.621386419056342e-301, ""44"": 8.363780681074729e-301, ""45"": 3.851367187623408e-05, ""46"": 7.836201685142005e-301, ""47"": 3.593581096360056e-05, ""48"": 7.298122238364598e-301, ""49"": 7.027322047798874e-301, ""50"": 6.756460158380037e-301, ""51"": 6.486332733835378e-301, ""52"": 6.217701463226268e-301, ""53"": 5.951290479703699e-301, ""54"": 5.687783679232041e-301, ""55"": 5.427822446243948e-301, ""56"": 5.17200378872909e-301, ""57"": 4.920878880977662e-301, ""58"": 4.674952008120695e-301, ""59"": 4.434679902750664e-301, ""60"": 4.2004714604181634e-301, ""61"": 3.9726878175532285e-301, ""62"": 3.751642772524089e-301, ""63"": 3.5376035280548126e-301, ""64"": 3.3307917311138844e-301, ""65"": 3.1313847846861934e-301, ""66"": 2.939517404516196e-301, ""67"": 2.7552833929815907e-301, ""68"": 2.578737601693131e-301, ""69"": 2.409898054238985e-301, ""70"": 2.248748200625791e-301, ""71"": 2.0952392754514937e-301, ""72"": 1.949292732593377e-301, ""73"": 1.8108027302355096e-301, ""74"": 1.6796386413054852e-301, ""75"": 1.55564756586635e-301, ""76"": 1.4386568236214858e-301, ""77"": 1.3284764064724316e-301, ""78"": 1.2249013729274594e-301, ""79"": 1.1277141681007025e-301, ""80"": 1.036686855023307e-301}",11.0044,11.0044,10,10,0.0207,0.9793,0.9504,0.9229,0.8947,0.8603,0.8122,0.76,0.7081,0.6447,0.571,0.4959,0.4268,0.37,0.3164,0.2645,0.2276,0.1866,0.1391,0.1126,0.0896,614c522d#phase10c,stat_grid:pmf_sim_v1+role_aware_pmf_cal_v1:rotation+monotone_pit_cdf_v1,phase8_role_aware_pmf_cal_v1+monotone_inactive_global_v1,rotation,projected_minutes,high,22.5514,21.9169,10.2327,21.9169,31.3872,8.3936,0.05,0.8866,0.1937,rotation,True,current_market_line,True,betrivers,betrivers,player_pts_over_under,10.5,10.5,0.4959,-124.0,-110.0,0.5138,0.4862,0.5041,102.0,-102.0,-0.0179,-0.0179,0.0179,2026-05-24T16:09:59.066825Z,full,provisional,lineup_unconfirmed,fallback_used,projected,derived_from_projected_minutes,ok,finals_pending,current_phase8,ok,0.0,projected,not_available_yet,bdl_lineup_freshness_manifest,bdl_plus_nba_official,2026-05-24T16:10:20Z
morning,2026-05-24T16:11:10Z,2026-05-24,21713531,89,Alex Caruso,OKC,SAS,False,pts,"{""0"": 0.02071105966457961, ""1"": 0.02891802139397485, ""2"": 0.027442000603367503, ""3"": 0.028183255084191155, ""4"": 0.03443135296025314, ""5"": 0.04811075694549687, ""6"": 0.052248320012034374, ""7"": 0.051880837264255665, ""8"": 0.06335048170366216, ""9"": 0.07373326214396789, ""10"": 0.07512091875916921, ""11"": 0.06902449739849091, ""12"": 0.05687079648541953, ""13"": 0.05362408812647723, ""14"": 0.051841186933273484, ""15"": 0.03693276883040645, ""16"": 0.040987764445130456, ""17"": 0.04746448213157448, ""18"": 0.02655998430197507, ""19"": 0.022999403894719755, ""20"": 0.0196707438958606, ""21"": 0.014644647039563903, ""22"": 0.008816696002113626, ""23"": 0.014730124005215443, ""24"": 0.012388134907819348, ""25"": 0.008340333015477595, ""26"": 0.0026483791893939716, ""27"": 0.0026623269923101702, ""28"": 0.001351396724185393, ""29"": 0.000725831036594114, ""30"": 0.0004889581856661697, ""31"": 0.0001189465591152507, ""32"": 0.0008212777444496837, ""33"": 0.00018540053840388854, ""34"": 8.423984060757133e-05, ""35"": 0.0004687706095444195, ""36"": 0.0001477312440757387, ""37"": 0.0006428045507261649, ""38"": 0.0003754306907647823, ""39"": 9.136766676797718e-05, ""40"": 4.455290470277827e-05, ""41"": 9.119645994055859e-301, ""42"": 4.221809138200642e-05, ""43"": 8.621386419056342e-301, ""44"": 8.363780681074729e-301, ""45"": 3.851367187623408e-05, ""46"": 7.836201685142005e-301, ""47"": 3.593581096360056e-05, ""48"": 7.298122238364598e-301, ""49"": 7.027322047798874e-301, ""50"": 6.756460158380037e-301, ""51"": 6.486332733835378e-301, ""52"": 6.217701463226268e-301, ""53"": 5.951290479703699e-301, ""54"": 5.687783679232041e-301, ""55"": 5.427822446243948e-301, ""56"": 5.17200378872909e-301, ""57"": 4.920878880977662e-301, ""58"": 4.674952008120695e-301, ""59"": 4.434679902750664e-301, ""60"": 4.2004714604181634e-301, ""61"": 3.9726878175532285e-301, ""62"": 3.751642772524089e-301, ""63"": 3.5376035280548126e-301, ""64"": 3.3307917311138844e-301, ""65"": 3.1313847846861934e-301, ""66"": 2.939517404516196e-301, ""67"": 2.7552833929815907e-301, ""68"": 2.578737601693131e-301, ""69"": 2.409898054238985e-301, ""70"": 2.248748200625791e-301, ""71"": 2.0952392754514937e-301, ""72"": 1.949292732593377e-301, ""73"": 1.8108027302355096e-301, ""74"": 1.6796386413054852e-301, ""75"": 1.55564756586635e-301, ""76"": 1.4386568236214858e-301, ""77"": 1.3284764064724316e-301, ""78"": 1.2249013729274594e-301, ""79"": 1.1277141681007025e-301, ""80"": 1.036686855023307e-301}",11.0044,11.0044,10,10,0.0207,0.9793,0.9504,0.9229,0.8947,0.8603,0.8122,0.76,0.7081,0.6447,0.571,0.4959,0.4268,0.37,0.3164,0.2645,0.2276,0.1866,0.1391,0.1126,0.0896,614c522d#phase10c,stat_grid:pmf_sim_v1+role_aware_pmf_cal_v1:rotation+monotone_pit_cdf_v1,phase8_role_aware_pmf_cal_v1+monotone_inactive_global_v1,rotation,projected_minutes,high,22.5514,21.9169,10.2327,21.9169,31.3872,8.3936,0.05,0.8866,0.1937,rotation,True,current_market_line,True,betrivers,betrivers,player_pts_over_under,11.5,11.5,0.4268,112.0,-152.0,0.4388,0.5612,0.5732,134.0,-134.0,-0.012,-0.012,0.012,2026-05-24T16:09:59.066825Z,full,provisional,lineup_unconfirmed,fallback_used,projected,derived_from_projected_minutes,ok,finals_pending,current_phase8,ok,0.0,projected,not_available_yet,bdl_lineup_freshness_manifest,bdl_plus_nba_official,2026-05-24T16:10:20Z
morning,2026-05-24T16:11:10Z,2026-05-24,21713531,89,Alex Caruso,OKC,SAS,False,pts,"{""0"": 0.02071105966457961, ""1"": 0.02891802139397485, ""2"": 0.027442000603367503, ""3"": 0.028183255084191155, ""4"": 0.03443135296025314, ""5"": 0.04811075694549687, ""6"": 0.052248320012034374, ""7"": 0.051880837264255665, ""8"": 0.06335048170366216, ""9"": 0.07373326214396789, ""10"": 0.07512091875916921, ""11"": 0.06902449739849091, ""12"": 0.05687079648541953, ""13"": 0.05362408812647723, ""14"": 0.051841186933273484, ""15"": 0.03693276883040645, ""16"": 0.040987764445130456, ""17"": 0.04746448213157448, ""18"": 0.02655998430197507, ""19"": 0.022999403894719755, ""20"": 0.0196707438958606, ""21"": 0.014644647039563903, ""22"": 0.008816696002113626, ""23"": 0.014730124005215443, ""24"": 0.012388134907819348, ""25"": 0.008340333015477595, ""26"": 0.0026483791893939716, ""27"": 0.0026623269923101702, ""28"": 0.001351396724185393, ""29"": 0.000725831036594114, ""30"": 0.0004889581856661697, ""31"": 0.0001189465591152507, ""32"": 0.0008212777444496837, ""33"": 0.00018540053840388854, ""34"": 8.423984060757133e-05, ""35"": 0.0004687706095444195, ""36"": 0.0001477312440757387, ""37"": 0.0006428045507261649, ""38"": 0.0003754306907647823, ""39"": 9.136766676797718e-05, ""40"": 4.455290470277827e-05, ""41"": 9.119645994055859e-301, ""42"": 4.221809138200642e-05, ""43"": 8.621386419056342e-301, ""44"": 8.363780681074729e-301, ""45"": 3.851367187623408e-05, ""46"": 7.836201685142005e-301, ""47"": 3.593581096360056e-05, ""48"": 7.298122238364598e-301, ""49"": 7.027322047798874e-301, ""50"": 6.756460158380037e-301, ""51"": 6.486332733835378e-301, ""52"": 6.217701463226268e-301, ""53"": 5.951290479703699e-301, ""54"": 5.687783679232041e-301, ""55"": 5.427822446243948e-301, ""56"": 5.17200378872909e-301, ""57"": 4.920878880977662e-301, ""58"": 4.674952008120695e-301, ""59"": 4.434679902750664e-301, ""60"": 4.2004714604181634e-301, ""61"": 3.9726878175532285e-301, ""62"": 3.751642772524089e-301, ""63"": 3.5376035280548126e-301, ""64"": 3.3307917311138844e-301, ""65"": 3.1313847846861934e-301, ""66"": 2.939517404516196e-301, ""67"": 2.7552833929815907e-301, ""68"": 2.578737601693131e-301, ""69"": 2.409898054238985e-301, ""70"": 2.248748200625791e-301, ""71"": 2.0952392754514937e-301, ""72"": 1.949292732593377e-301, ""73"": 1.8108027302355096e-301, ""74"": 1.6796386413054852e-301, ""75"": 1.55564756586635e-301, ""76"": 1.4386568236214858e-301, ""77"": 1.3284764064724316e-301, ""78"": 1.2249013729274594e-301, ""79"": 1.1277141681007025e-301, ""80"": 1.036686855023307e-301}",11.0044,11.0044,10,10,0.0207,0.9793,0.9504,0.9229,0.8947,0.8603,0.8122,0.76,0.7081,0.6447,0.571,0.4959,0.4268,0.37,0.3164,0.2645,0.2276,0.1866,0.1391,0.1126,0.0896,614c522d#phase10c,stat_grid:pmf_sim_v1+role_aware_pmf_cal_v1:rotation+monotone_pit_cdf_v1,phase8_role_aware_pmf_cal_v1+monotone_inactive_global_v1,rotation,projected_minutes,high,22.5514,21.9169,10.2327,21.9169,31.3872,8.3936,0.05,0.8866,0.1937,rotation,True,current_market_line,True,bovada,bovada,player_pts_over_under,8.5,8.5,0.6447,-245.0,180.0,0.6654,0.3346,0.3553,-181.0,181.0,-0.0206,-0.0206,0.0206,2026-05-24T16:09:59.066825Z,full,provisional,lineup_unconfirmed,fallback_used,projected,derived_from_projected_minutes,ok,finals_pending,current_phase8,ok,0.0,projected,not_available_yet,bdl_lineup_freshness_manifest,bdl_plus_nba_official,2026-05-24T16:10:20Z
morning,2026-05-24T16:11:10Z,2026-05-24,21713531,89,Alex Caruso,OKC,SAS,False,pts,"{""0"": 0.02071105966457961, ""1"": 0.02891802139397485, ""2"": 0.027442000603367503, ""3"": 0.028183255084191155, ""4"": 0.03443135296025314, ""5"": 0.04811075694549687, ""6"": 0.052248320012034374, ""7"": 0.051880837264255665, ""8"": 0.06335048170366216, ""9"": 0.07373326214396789, ""10"": 0.07512091875916921, ""11"": 0.06902449739849091, ""12"": 0.05687079648541953, ""13"": 0.05362408812647723, ""14"": 0.051841186933273484, ""15"": 0.03693276883040645, ""16"": 0.040987764445130456, ""17"": 0.04746448213157448, ""18"": 0.02655998430197507, ""19"": 0.022999403894719755, ""20"": 0.0196707438958606, ""21"": 0.014644647039563903, ""22"": 0.008816696002113626, ""23"": 0.014730124005215443, ""24"": 0.012388134907819348, ""25"": 0.008340333015477595, ""26"": 0.0026483791893939716, ""27"": 0.0026623269923101702, ""28"": 0.001351396724185393, ""29"": 0.000725831036594114, ""30"": 0.0004889581856661697, ""31"": 0.0001189465591152507, ""32"": 0.0008212777444496837, ""33"": 0.00018540053840388854, ""34"": 8.423984060757133e-05, ""35"": 0.0004687706095444195, ""36"": 0.0001477312440757387, ""37"": 0.0006428045507261649, ""38"": 0.0003754306907647823, ""39"": 9.136766676797718e-05, ""40"": 4.455290470277827e-05, ""41"": 9.119645994055859e-301, ""42"": 4.221809138200642e-05, ""43"": 8.621386419056342e-301, ""44"": 8.363780681074729e-301, ""45"": 3.851367187623408e-05, ""46"": 7.836201685142005e-301, ""47"": 3.593581096360056e-05, ""48"": 7.298122238364598e-301, ""49"": 7.027322047798874e-301, ""50"": 6.756460158380037e-301, ""51"": 6.486332733835378e-301, ""52"": 6.217701463226268e-301, ""53"": 5.951290479703699e-301, ""54"": 5.687783679232041e-301, ""55"": 5.427822446243948e-301, ""56"": 5.17200378872909e-301, ""57"": 4.920878880977662e-301, ""58"": 4.674952008120695e-301, ""59"": 4.434679902750664e-301, ""60"": 4.2004714604181634e-301, ""61"": 3.9726878175532285e-301, ""62"": 3.751642772524089e-301, ""63"": 3.5376035280548126e-301, ""64"": 3.3307917311138844e-301, ""65"": 3.1313847846861934e-301, ""66"": 2.939517404516196e-301, ""67"": 2.7552833929815907e-301, ""68"": 2.578737601693131e-301, ""69"": 2.409898054238985e-301, ""70"": 2.248748200625791e-301, ""71"": 2.0952392754514937e-301, ""72"": 1.949292732593377e-301, ""73"": 1.8108027302355096e-301, ""74"": 1.6796386413054852e-301, ""75"": 1.55564756586635e-301, ""76"": 1.4386568236214858e-301, ""77"": 1.3284764064724316e-301, ""78"": 1.2249013729274594e-301, ""79"": 1.1277141681007025e-301, ""80"": 1.036686855023307e-301}",11.0044,11.0044,10,10,0.0207,0.9793,0.9504,0.9229,0.8947,0.8603,0.8122,0.76,0.7081,0.6447,0.571,0.4959,0.4268,0.37,0.3164,0.2645,0.2276,0.1866,0.1391,0.1126,0.0896,614c522d#phase10c,stat_grid:pmf_sim_v1+role_aware_pmf_cal_v1:rotation+monotone_pit_cdf_v1,phase8_role_aware_pmf_cal_v1+monotone_inactive_global_v1,rotation,projected_minutes,high,22.5514,21.9169,10.2327,21.9169,31.3872,8.3936,0.05,0.8866,0.1937,rotation,True,current_market_line,True,bovada,bovada,player_pts_over_under,9.5,9.5,0.571,-170.0,130.0,0.5915,0.4085,0.429,-133.0,133.0,-0.0205,-0.0205,0.0205,2026-05-24T16:09:59.066825Z,full,provisional,lineup_unconfirmed,fallback_used,projected,derived_from_projected_minutes,ok,finals_pending,current_phase8,ok,0.0,projected,not_available_yet,bdl_lineup_freshness_manifest,bdl_plus_nba_official,2026-05-24T16:10:20Z
morning,2026-05-24T16:11:10Z,2026-05-24,21713531,89,Alex Caruso,OKC,SAS,False,pts,"{""0"": 0.02071105966457961, ""1"": 0.02891802139397485, ""2"": 0.027442000603367503, ""3"": 0.028183255084191155, ""4"": 0.03443135296025314, ""5"": 0.04811075694549687, ""6"": 0.052248320012034374, ""7"": 0.051880837264255665, ""8"": 0.06335048170366216, ""9"": 0.07373326214396789, ""10"": 0.07512091875916921, ""11"": 0.06902449739849091, ""12"": 0.05687079648541953, ""13"": 0.05362408812647723, ""14"": 0.051841186933273484, ""15"": 0.03693276883040645, ""16"": 0.040987764445130456, ""17"": 0.04746448213157448, ""18"": 0.02655998430197507, ""19"": 0.022999403894719755, ""20"": 0.0196707438958606, ""21"": 0.014644647039563903, ""22"": 0.008816696002113626, ""23"": 0.014730124005215443, ""24"": 0.012388134907819348, ""25"": 0.008340333015477595, ""26"": 0.0026483791893939716, ""27"": 0.0026623269923101702, ""28"": 0.001351396724185393, ""29"": 0.000725831036594114, ""30"": 0.0004889581856661697, ""31"": 0.0001189465591152507, ""32"": 0.0008212777444496837, ""33"": 0.00018540053840388854, ""34"": 8.423984060757133e-05, ""35"": 0.0004687706095444195, ""36"": 0.0001477312440757387, ""37"": 0.0006428045507261649, ""38"": 0.0003754306907647823, ""39"": 9.136766676797718e-05, ""40"": 4.455290470277827e-05, ""41"": 9.119645994055859e-301, ""42"": 4.221809138200642e-05, ""43"": 8.621386419056342e-301, ""44"": 8.363780681074729e-301, ""45"": 3.851367187623408e-05, ""46"": 7.836201685142005e-301, ""47"": 3.593581096360056e-05, ""48"": 7.298122238364598e-301, ""49"": 7.027322047798874e-301, ""50"": 6.756460158380037e-301, ""51"": 6.486332733835378e-301, ""52"": 6.217701463226268e-301, ""53"": 5.951290479703699e-301, ""54"": 5.687783679232041e-301, ""55"": 5.427822446243948e-301, ""56"": 5.17200378872909e-301, ""57"": 4.920878880977662e-301, ""58"": 4.674952008120695e-301, ""59"": 4.434679902750664e-301, ""60"": 4.2004714604181634e-301, ""61"": 3.9726878175532285e-301, ""62"": 3.751642772524089e-301, ""63"": 3.5376035280548126e-301, ""64"": 3.3307917311138844e-301, ""65"": 3.1313847846861934e-301, ""66"": 2.939517404516196e-301, ""67"": 2.7552833929815907e-301, ""68"": 2.578737601693131e-301, ""69"": 2.409898054238985e-301, ""70"": 2.248748200625791e-301, ""71"": 2.0952392754514937e-301, ""72"": 1.949292732593377e-301, ""73"": 1.8108027302355096e-301, ""74"": 1.6796386413054852e-301, ""75"": 1.55564756586635e-301, ""76"": 1.4386568236214858e-301, ""77"": 1.3284764064724316e-301, ""78"": 1.2249013729274594e-301, ""79"": 1.1277141681007025e-301, ""80"": 1.036686855023307e-301}",11.0044,11.0044,10,10,0.0207,0.9793,0.9504,0.9229,0.8947,0.8603,0.8122,0.76,0.7081,0.6447,0.571,0.4959,0.4268,0.37,0.3164,0.2645,0.2276,0.1866,0.1391,0.1126,0.0896,614c522d#phase10c,stat_grid:pmf_sim_v1+role_aware_pmf_cal_v1:rotation+monotone_pit_cdf_v1,phase8_role_aware_pmf_cal_v1+monotone_inactive_global_v1,rotation,projected_minutes,high,22.5514,21.9169,10.2327,21.9169,31.3872,8.3936,0.05,0.8866,0.1937,rotation,True,current_market_line,True,bovada,bovada,player_pts_over_under,10.5,10.5,0.4959,-125.0,-105.0,0.5203,0.4797,0.5041,102.0,-102.0,-0.0244,-0.0244,0.0244,2026-05-24T16:09:59.066825Z,full,provisional,lineup_unconfirmed,fallback_used,projected,derived_from_projected_minutes,ok,finals_pending,current_phase8,ok,0.0,projected,not_available_yet,bdl_lineup_freshness_manifest,bdl_plus_nba_official,2026-05-24T16:10:20Z
morning,2026-05-24T16:11:10Z,2026-05-24,21713531,89,Alex Caruso,OKC,SAS,False,pts,"{""0"": 0.02071105966457961, ""1"": 0.02891802139397485, ""2"": 0.027442000603367503, ""3"": 0.028183255084191155, ""4"": 0.03443135296025314, ""5"": 0.04811075694549687, ""6"": 0.052248320012034374, ""7"": 0.051880837264255665, ""8"": 0.06335048170366216, ""9"": 0.07373326214396789, ""10"": 0.07512091875916921, ""11"": 0.06902449739849091, ""12"": 0.05687079648541953, ""13"": 0.05362408812647723, ""14"": 0.051841186933273484, ""15"": 0.03693276883040645, ""16"": 0.040987764445130456, ""17"": 0.04746448213157448, ""18"": 0.02655998430197507, ""19"": 0.022999403894719755, ""20"": 0.0196707438958606, ""21"": 0.014644647039563903, ""22"": 0.008816696002113626, ""23"": 0.014730124005215443, ""24"": 0.012388134907819348, ""25"": 0.008340333015477595, ""26"": 0.0026483791893939716, ""27"": 0.0026623269923101702, ""28"": 0.001351396724185393, ""29"": 0.000725831036594114, ""30"": 0.0004889581856661697, ""31"": 0.0001189465591152507, ""32"": 0.0008212777444496837, ""33"": 0.00018540053840388854, ""34"": 8.423984060757133e-05, ""35"": 0.0004687706095444195, ""36"": 0.0001477312440757387, ""37"": 0.0006428045507261649, ""38"": 0.0003754306907647823, ""39"": 9.136766676797718e-05, ""40"": 4.455290470277827e-05, ""41"": 9.119645994055859e-301, ""42"": 4.221809138200642e-05, ""43"": 8.621386419056342e-301, ""44"": 8.363780681074729e-301, ""45"": 3.851367187623408e-05, ""46"": 7.836201685142005e-301, ""47"": 3.593581096360056e-05, ""48"": 7.298122238364598e-301, ""49"": 7.027322047798874e-301, ""50"": 6.756460158380037e-301, ""51"": 6.486332733835378e-301, ""52"": 6.217701463226268e-301, ""53"": 5.951290479703699e-301, ""54"": 5.687783679232041e-301, ""55"": 5.427822446243948e-301, ""56"": 5.17200378872909e-301, ""57"": 4.920878880977662e-301, ""58"": 4.674952008120695e-301, ""59"": 4.434679902750664e-301, ""60"": 4.2004714604181634e-301, ""61"": 3.9726878175532285e-301, ""62"": 3.751642772524089e-301, ""63"": 3.5376035280548126e-301, ""64"": 3.3307917311138844e-301, ""65"": 3.1313847846861934e-301, ""66"": 2.939517404516196e-301, ""67"": 2.7552833929815907e-301, ""68"": 2.578737601693131e-301, ""69"": 2.409898054238985e-301, ""70"": 2.248748200625791e-301, ""71"": 2.0952392754514937e-301, ""72"": 1.949292732593377e-301, ""73"": 1.8108027302355096e-301, ""74"": 1.6796386413054852e-301, ""75"": 1.55564756586635e-301, ""76"": 1.4386568236214858e-301, ""77"": 1.3284764064724316e-301, ""78"": 1.2249013729274594e-301, ""79"": 1.1277141681007025e-301, ""80"": 1.036686855023307e-301}",11.0044,11.0044,10,10,0.0207,0.9793,0.9504,0.9229,0.8947,0.8603,0.8122,0.76,0.7081,0.6447,0.571,0.4959,0.4268,0.37,0.3164,0.2645,0.2276,0.1866,0.1391,0.1126,0.0896,614c522d#phase10c,stat_grid:pmf_sim_v1+role_aware_pmf_cal_v1:rotation+monotone_pit_cdf_v1,phase8_role_aware_pmf_cal_v1+monotone_inactive_global_v1,rotation,projected_minutes,high,22.5514,21.9169,10.2327,21.9169,31.3872,8.3936,0.05,0.8866,0.1937,rotation,True,current_market_line,True,bovada,bovada,player_pts_over_under,11.5,11.5,0.4268,105.0,-135.0,0.4592,0.5408,0.5732,134.0,-134.0,-0.0324,-0.0324,0.0324,2026-05-24T16:09:59.066825Z,full,provisional,lineup_unconfirmed,fallback_used,projected,derived_from_projected_minutes,ok,finals_pending,current_phase8,ok,0.0,projected,not_available_yet,bdl_lineup_freshness_manifest,bdl_plus_nba_official,2026-05-24T16:10:20Z
morning,2026-05-24T16:11:10Z,2026-05-24,21713531,89,Alex Caruso,OKC,SAS,False,pts,"{""0"": 0.02071105966457961, ""1"": 0.02891802139397485, ""2"": 0.027442000603367503, ""3"": 0.028183255084191155, ""4"": 0.03443135296025314, ""5"": 0.04811075694549687, ""6"": 0.052248320012034374, ""7"": 0.051880837264255665, ""8"": 0.06335048170366216, ""9"": 0.07373326214396789, ""10"": 0.07512091875916921, ""11"": 0.06902449739849091, ""12"": 0.05687079648541953, ""13"": 0.05362408812647723, ""14"": 0.051841186933273484, ""15"": 0.03693276883040645, ""16"": 0.040987764445130456, ""17"": 0.04746448213157448, ""18"": 0.02655998430197507, ""19"": 0.022999403894719755, ""20"": 0.0196707438958606, ""21"": 0.014644647039563903, ""22"": 0.008816696002113626, ""23"": 0.014730124005215443, ""24"": 0.012388134907819348, ""25"": 0.008340333015477595, ""26"": 0.0026483791893939716, ""27"": 0.0026623269923101702, ""28"": 0.001351396724185393, ""29"": 0.000725831036594114, ""30"": 0.0004889581856661697, ""31"": 0.0001189465591152507, ""32"": 0.0008212777444496837, ""33"": 0.00018540053840388854, ""34"": 8.423984060757133e-05, ""35"": 0.0004687706095444195, ""36"": 0.0001477312440757387, ""37"": 0.0006428045507261649, ""38"": 0.0003754306907647823, ""39"": 9.136766676797718e-05, ""40"": 4.455290470277827e-05, ""41"": 9.119645994055859e-301, ""42"": 4.221809138200642e-05, ""43"": 8.621386419056342e-301, ""44"": 8.363780681074729e-301, ""45"": 3.851367187623408e-05, ""46"": 7.836201685142005e-301, ""47"": 3.593581096360056e-05, ""48"": 7.298122238364598e-301, ""49"": 7.027322047798874e-301, ""50"": 6.756460158380037e-301, ""51"": 6.486332733835378e-301, ""52"": 6.217701463226268e-301, ""53"": 5.951290479703699e-301, ""54"": 5.687783679232041e-301, ""55"": 5.427822446243948e-301, ""56"": 5.17200378872909e-301, ""57"": 4.920878880977662e-301, ""58"": 4.674952008120695e-301, ""59"": 4.434679902750664e-301, ""60"": 4.2004714604181634e-301, ""61"": 3.9726878175532285e-301, ""62"": 3.751642772524089e-301, ""63"": 3.5376035280548126e-301, ""64"": 3.3307917311138844e-301, ""65"": 3.1313847846861934e-301, ""66"": 2.939517404516196e-301, ""67"": 2.7552833929815907e-301, ""68"": 2.578737601693131e-301, ""69"": 2.409898054238985e-301, ""70"": 2.248748200625791e-301, ""71"": 2.0952392754514937e-301, ""72"": 1.949292732593377e-301, ""73"": 1.8108027302355096e-301, ""74"": 1.6796386413054852e-301, ""75"": 1.55564756586635e-301, ""76"": 1.4386568236214858e-301, ""77"": 1.3284764064724316e-301, ""78"": 1.2249013729274594e-301, ""79"": 1.1277141681007025e-301, ""80"": 1.036686855023307e-301}",11.0044,11.0044,10,10,0.0207,0.9793,0.9504,0.9229,0.8947,0.8603,0.8122,0.76,0.7081,0.6447,0.571,0.4959,0.4268,0.37,0.3164,0.2645,0.2276,0.1866,0.1391,0.1126,0.0896,614c522d#phase10c,stat_grid:pmf_sim_v1+role_aware_pmf_cal_v1:rotation+monotone_pit_cdf_v1,phase8_role_aware_pmf_cal_v1+monotone_inactive_global_v1,rotation,projected_minutes,high,22.5514,21.9169,10.2327,21.9169,31.3872,8.3936,0.05,0.8866,0.1937,rotation,True,current_market_line,True,bovada,bovada,player_pts_over_under,12.5,12.5,0.37,140.0,-185.0,0.3909,0.6091,0.63,170.0,-170.0,-0.021,-0.021,0.021,2026-05-24T16:09:59.066825Z,full,provisional,lineup_unconfirmed,fallback_used,projected,derived_from_projected_minutes,ok,finals_pending,current_phase8,ok,0.0,projected,not_available_yet,bdl_lineup_freshness_manifest,bdl_plus_nba_official,2026-05-24T16:10:20Z
morning,2026-05-24T16:11:10Z,2026-05-24,21713531,89,Alex Caruso,OKC,SAS,False,pts,"{""0"": 0.02071105966457961, ""1"": 0.02891802139397485, ""2"": 0.027442000603367503, ""3"": 0.028183255084191155, ""4"": 0.03443135296025314, ""5"": 0.04811075694549687, ""6"": 0.052248320012034374, ""7"": 0.051880837264255665, ""8"": 0.06335048170366216, ""9"": 0.07373326214396789, ""10"": 0.07512091875916921, ""11"": 0.06902449739849091, ""12"": 0.05687079648541953, ""13"": 0.05362408812647723, ""14"": 0.051841186933273484, ""15"": 0.03693276883040645, ""16"": 0.040987764445130456, ""17"": 0.04746448213157448, ""18"": 0.02655998430197507, ""19"": 0.022999403894719755, ""20"": 0.0196707438958606, ""21"": 0.014644647039563903, ""22"": 0.008816696002113626, ""23"": 0.014730124005215443, ""24"": 0.012388134907819348, ""25"": 0.008340333015477595, ""26"": 0.0026483791893939716, ""27"": 0.0026623269923101702, ""28"": 0.001351396724185393, ""29"": 0.000725831036594114, ""30"": 0.0004889581856661697, ""31"": 0.0001189465591152507, ""32"": 0.0008212777444496837, ""33"": 0.00018540053840388854, ""34"": 8.423984060757133e-05, ""35"": 0.0004687706095444195, ""36"": 0.0001477312440757387, ""37"": 0.0006428045507261649, ""38"": 0.0003754306907647823, ""39"": 9.136766676797718e-05, ""40"": 4.455290470277827e-05, ""41"": 9.119645994055859e-301, ""42"": 4.221809138200642e-05, ""43"": 8.621386419056342e-301, ""44"": 8.363780681074729e-301, ""45"": 3.851367187623408e-05, ""46"": 7.836201685142005e-301, ""47"": 3.593581096360056e-05, ""48"": 7.298122238364598e-301, ""49"": 7.027322047798874e-301, ""50"": 6.756460158380037e-301, ""51"": 6.486332733835378e-301, ""52"": 6.217701463226268e-301, ""53"": 5.951290479703699e-301, ""54"": 5.687783679232041e-301, ""55"": 5.427822446243948e-301, ""56"": 5.17200378872909e-301, ""57"": 4.920878880977662e-301, ""58"": 4.674952008120695e-301, ""59"": 4.434679902750664e-301, ""60"": 4.2004714604181634e-301, ""61"": 3.9726878175532285e-301, ""62"": 3.751642772524089e-301, ""63"": 3.5376035280548126e-301, ""64"": 3.3307917311138844e-301, ""65"": 3.1313847846861934e-301, ""66"": 2.939517404516196e-301, ""67"": 2.7552833929815907e-301, ""68"": 2.578737601693131e-301, ""69"": 2.409898054238985e-301, ""70"": 2.248748200625791e-301, ""71"": 2.0952392754514937e-301, ""72"": 1.949292732593377e-301, ""73"": 1.8108027302355096e-301, ""74"": 1.6796386413054852e-301, ""75"": 1.55564756586635e-301, ""76"": 1.4386568236214858e-301, ""77"": 1.3284764064724316e-301, ""78"": 1.2249013729274594e-301, ""79"": 1.1277141681007025e-301, ""80"": 1.036686855023307e-301}",11.0044,11.0044,10,10,0.0207,0.9793,0.9504,0.9229,0.8947,0.8603,0.8122,0.76,0.7081,0.6447,0.571,0.4959,0.4268,0.37,0.3164,0.2645,0.2276,0.1866,0.1391,0.1126,0.0896,614c522d#phase10c,stat_grid:pmf_sim_v1+role_aware_pmf_cal_v1:rotation+monotone_pit_cdf_v1,phase8_role_aware_pmf_cal_v1+monotone_inactive_global_v1,rotation,projected_minutes,high,22.5514,21.9169,10.2327,21.9169,31.3872,8.3936,0.05,0.8866,0.1937,rotation,True,current_market_line,True,bovada,bovada,player_pts_over_under,13.5,13.5,0.3164,180.0,-245.0,0.3346,0.6654,0.6836,216.0,-216.0,-0.0183,-0.0183,0.0183,2026-05-24T16:09:59.066825Z,full,provisional,lineup_unconfirmed,fallback_used,projected,derived_from_projected_minutes,ok,finals_pending,current_phase8,ok,0.0,projected,not_available_yet,bdl_lineup_freshness_manifest,bdl_plus_nba_official,2026-05-24T16:10:20Z
morning,2026-05-24T16:11:10Z,2026-05-24,21713531,89,Alex Caruso,OKC,SAS,False,pts,"{""0"": 0.02071105966457961, ""1"": 0.02891802139397485, ""2"": 0.027442000603367503, ""3"": 0.028183255084191155, ""4"": 0.03443135296025314, ""5"": 0.04811075694549687, ""6"": 0.052248320012034374, ""7"": 0.051880837264255665, ""8"": 0.06335048170366216, ""9"": 0.07373326214396789, ""10"": 0.07512091875916921, ""11"": 0.06902449739849091, ""12"": 0.05687079648541953, ""13"": 0.05362408812647723, ""14"": 0.051841186933273484, ""15"": 0.03693276883040645, ""16"": 0.040987764445130456, ""17"": 0.04746448213157448, ""18"": 0.02655998430197507, ""19"": 0.022999403894719755, ""20"": 0.0196707438958606, ""21"": 0.014644647039563903, ""22"": 0.008816696002113626, ""23"": 0.014730124005215443, ""24"": 0.012388134907819348, ""25"": 0.008340333015477595, ""26"": 0.0026483791893939716, ""27"": 0.0026623269923101702, ""28"": 0.001351396724185393, ""29"": 0.000725831036594114, ""30"": 0.0004889581856661697, ""31"": 0.0001189465591152507, ""32"": 0.0008212777444496837, ""33"": 0.00018540053840388854, ""34"": 8.423984060757133e-05, ""35"": 0.0004687706095444195, ""36"": 0.0001477312440757387, ""37"": 0.0006428045507261649, ""38"": 0.0003754306907647823, ""39"": 9.136766676797718e-05, ""40"": 4.455290470277827e-05, ""41"": 9.119645994055859e-301, ""42"": 4.221809138200642e-05, ""43"": 8.621386419056342e-301, ""44"": 8.363780681074729e-301, ""45"": 3.851367187623408e-05, ""46"": 7.836201685142005e-301, ""47"": 3.593581096360056e-05, ""48"": 7.298122238364598e-301, ""49"": 7.027322047798874e-301, ""50"": 6.756460158380037e-301, ""51"": 6.486332733835378e-301, ""52"": 6.217701463226268e-301, ""53"": 5.951290479703699e-301, ""54"": 5.687783679232041e-301, ""55"": 5.427822446243948e-301, ""56"": 5.17200378872909e-301, ""57"": 4.920878880977662e-301, ""58"": 4.674952008120695e-301, ""59"": 4.434679902750664e-301, ""60"": 4.2004714604181634e-301, ""61"": 3.9726878175532285e-301, ""62"": 3.751642772524089e-301, ""63"": 3.5376035280548126e-301, ""64"": 3.3307917311138844e-301, ""65"": 3.1313847846861934e-301, ""66"": 2.939517404516196e-301, ""67"": 2.7552833929815907e-301, ""68"": 2.578737601693131e-301, ""69"": 2.409898054238985e-301, ""70"": 2.248748200625791e-301, ""71"": 2.0952392754514937e-301, ""72"": 1.949292732593377e-301, ""73"": 1.8108027302355096e-301, ""74"": 1.6796386413054852e-301, ""75"": 1.55564756586635e-301, ""76"": 1.4386568236214858e-301, ""77"": 1.3284764064724316e-301, ""78"": 1.2249013729274594e-301, ""79"": 1.1277141681007025e-301, ""80"": 1.036686855023307e-301}",11.0044,11.0044,10,10,0.0207,0.9793,0.9504,0.9229,0.8947,0.8603,0.8122,0.76,0.7081,0.6447,0.571,0.4959,0.4268,0.37,0.3164,0.2645,0.2276,0.1866,0.1391,0.1126,0.0896,614c522d#phase10c,stat_grid:pmf_sim_v1+role_aware_pmf_cal_v1:rotation+monotone_pit_cdf_v1,phase8_role_aware_pmf_cal_v1+monotone_inactive_global_v1,rotation,projected_minutes,high,22.5514,21.9169,10.2327,21.9169,31.3872,8.3936,0.05,0.8866,0.1937,rotation,True,current_market_line,True,fanduel,fanduel,player_pts_over_under,10.5,10.5,0.4959,-125.0,-106.0,0.5192,0.4808,0.5041,102.0,-102.0,-0.0233,-0.0233,0.0233,2026-05-24T16:09:59.066825Z,full,provisional,lineup_unconfirmed,fallback_used,projected,derived_from_projected_minutes,ok,finals_pending,current_phase8,ok,0.0,projected,not_available_yet,bdl_lineup_freshness_manifest,bdl_plus_nba_official,2026-05-24T16:10:20Z
morning,2026-05-24T16:11:10Z,2026-05-24,21713531,89,Alex Caruso,OKC,SAS,False,pts,"{""0"": 0.02071105966457961, ""1"": 0.02891802139397485, ""2"": 0.027442000603367503, ""3"": 0.028183255084191155, ""4"": 0.03443135296025314, ""5"": 0.04811075694549687, ""6"": 0.052248320012034374, ""7"": 0.051880837264255665, ""8"": 0.06335048170366216, ""9"": 0.07373326214396789, ""10"": 0.07512091875916921, ""11"": 0.06902449739849091, ""12"": 0.05687079648541953, ""13"": 0.05362408812647723, ""14"": 0.051841186933273484, ""15"": 0.03693276883040645, ""16"": 0.040987764445130456, ""17"": 0.04746448213157448, ""18"": 0.02655998430197507, ""19"": 0.022999403894719755, ""20"": 0.0196707438958606, ""21"": 0.014644647039563903, ""22"": 0.008816696002113626, ""23"": 0.014730124005215443, ""24"": 0.012388134907819348, ""25"": 0.008340333015477595, ""26"": 0.0026483791893939716, ""27"": 0.0026623269923101702, ""28"": 0.001351396724185393, ""29"": 0.000725831036594114, ""30"": 0.0004889581856661697, ""31"": 0.0001189465591152507, ""32"": 0.0008212777444496837, ""33"": 0.00018540053840388854, ""34"": 8.423984060757133e-05, ""35"": 0.0004687706095444195, ""36"": 0.0001477312440757387, ""37"": 0.0006428045507261649, ""38"": 0.0003754306907647823, ""39"": 9.136766676797718e-05, ""40"": 4.455290470277827e-05, ""41"": 9.119645994055859e-301, ""42"": 4.221809138200642e-05, ""43"": 8.621386419056342e-301, ""44"": 8.363780681074729e-301, ""45"": 3.851367187623408e-05, ""46"": 7.836201685142005e-301, ""47"": 3.593581096360056e-05, ""48"": 7.298122238364598e-301, ""49"": 7.027322047798874e-301, ""50"": 6.756460158380037e-301, ""51"": 6.486332733835378e-301, ""52"": 6.217701463226268e-301, ""53"": 5.951290479703699e-301, ""54"": 5.687783679232041e-301, ""55"": 5.427822446243948e-301, ""56"": 5.17200378872909e-301, ""57"": 4.920878880977662e-301, ""58"": 4.674952008120695e-301, ""59"": 4.434679902750664e-301, ""60"": 4.2004714604181634e-301, ""61"": 3.9726878175532285e-301, ""62"": 3.751642772524089e-301, ""63"": 3.5376035280548126e-301, ""64"": 3.3307917311138844e-301, ""65"": 3.1313847846861934e-301, ""66"": 2.939517404516196e-301, ""67"": 2.7552833929815907e-301, ""68"": 2.578737601693131e-301, ""69"": 2.409898054238985e-301, ""70"": 2.248748200625791e-301, ""71"": 2.0952392754514937e-301, ""72"": 1.949292732593377e-301, ""73"": 1.8108027302355096e-301, ""74"": 1.6796386413054852e-301, ""75"": 1.55564756586635e-301, ""76"": 1.4386568236214858e-301, ""77"": 1.3284764064724316e-301, ""78"": 1.2249013729274594e-301, ""79"": 1.1277141681007025e-301, ""80"": 1.036686855023307e-301}",11.0044,11.0044,10,10,0.0207,0.9793,0.9504,0.9229,0.8947,0.8603,0.8122,0.76,0.7081,0.6447,0.571,0.4959,0.4268,0.37,0.3164,0.2645,0.2276,0.1866,0.1391,0.1126,0.0896,614c522d#phase10c,stat_grid:pmf_sim_v1+role_aware_pmf_cal_v1:rotation+monotone_pit_cdf_v1,phase8_role_aware_pmf_cal_v1+monotone_inactive_global_v1,rotation,projected_minutes,high,22.5514,21.9169,10.2327,21.9169,31.3872,8.3936,0.05,0.8866,0.1937,rotation,True,current_market_line,True,fanduel,fanduel,player_pts_over_under,11.5,11.5,0.4268,106.0,-140.0,0.4542,0.5458,0.5732,134.0,-134.0,-0.0274,-0.0274,0.0274,2026-05-24T16:09:59.066825Z,full,provisional,lineup_unconfirmed,fallback_used,projected,derived_from_projected_minutes,ok,finals_pending,current_phase8,ok,0.0,projected,not_available_yet,bdl_lineup_freshness_manifest,bdl_plus_nba_official,2026-05-24T16:10:20Z
morning,2026-05-24T16:11:10Z,2026-05-24,21713531,89,Alex Caruso,OKC,SAS,False,pts,"{""0"": 0.02071105966457961, ""1"": 0.02891802139397485, ""2"": 0.027442000603367503, ""3"": 0.028183255084191155, ""4"": 0.03443135296025314, ""5"": 0.04811075694549687, ""6"": 0.052248320012034374, ""7"": 0.051880837264255665, ""8"": 0.06335048170366216, ""9"": 0.07373326214396789, ""10"": 0.07512091875916921, ""11"": 0.06902449739849091, ""12"": 0.05687079648541953, ""13"": 0.05362408812647723, ""14"": 0.051841186933273484, ""15"": 0.03693276883040645, ""16"": 0.040987764445130456, ""17"": 0.04746448213157448, ""18"": 0.02655998430197507, ""19"": 0.022999403894719755, ""20"": 0.0196707438958606, ""21"": 0.014644647039563903, ""22"": 0.008816696002113626, ""23"": 0.014730124005215443, ""24"": 0.012388134907819348, ""25"": 0.008340333015477595, ""26"": 0.0026483791893939716, ""27"": 0.0026623269923101702, ""28"": 0.001351396724185393, ""29"": 0.000725831036594114, ""30"": 0.0004889581856661697, ""31"": 0.0001189465591152507, ""32"": 0.0008212777444496837, ""33"": 0.00018540053840388854, ""34"": 8.423984060757133e-05, ""35"": 0.0004687706095444195, ""36"": 0.0001477312440757387, ""37"": 0.0006428045507261649, ""38"": 0.0003754306907647823, ""39"": 9.136766676797718e-05, ""40"": 4.455290470277827e-05, ""41"": 9.119645994055859e-301, ""42"": 4.221809138200642e-05, ""43"": 8.621386419056342e-301, ""44"": 8.363780681074729e-301, ""45"": 3.851367187623408e-05, ""46"": 7.836201685142005e-301, ""47"": 3.593581096360056e-05, ""48"": 7.298122238364598e-301, ""49"": 7.027322047798874e-301, ""50"": 6.756460158380037e-301, ""51"": 6.486332733835378e-301, ""52"": 6.217701463226268e-301, ""53"": 5.951290479703699e-301, ""54"": 5.687783679232041e-301, ""55"": 5.427822446243948e-301, ""56"": 5.17200378872909e-301, ""57"": 4.920878880977662e-301, ""58"": 4.674952008120695e-301, ""59"": 4.434679902750664e-301, ""60"": 4.2004714604181634e-301, ""61"": 3.9726878175532285e-301, ""62"": 3.751642772524089e-301, ""63"": 3.5376035280548126e-301, ""64"": 3.3307917311138844e-301, ""65"": 3.1313847846861934e-301, ""66"": 2.939517404516196e-301, ""67"": 2.7552833929815907e-301, ""68"": 2.578737601693131e-301, ""69"": 2.409898054238985e-301, ""70"": 2.248748200625791e-301, ""71"": 2.0952392754514937e-301, ""72"": 1.949292732593377e-301, ""73"": 1.8108027302355096e-301, ""74"": 1.6796386413054852e-301, ""75"": 1.55564756586635e-301, ""76"": 1.4386568236214858e-301, ""77"": 1.3284764064724316e-301, ""78"": 1.2249013729274594e-301, ""79"": 1.1277141681007025e-301, ""80"": 1.036686855023307e-301}",11.0044,11.0044,10,10,0.0207,0.9793,0.9504,0.9229,0.8947,0.8603,0.8122,0.76,0.7081,0.6447,0.571,0.4959,0.4268,0.37,0.3164,0.2645,0.2276,0.1866,0.1391,0.1126,0.0896,614c522d#phase10c,stat_grid:pmf_sim_v1+role_aware_pmf_cal_v1:rotation+monotone_pit_cdf_v1,phase8_role_aware_pmf_cal_v1+monotone_inactive_global_v1,rotation,projected_minutes,high,22.5514,21.9169,10.2327,21.9169,31.3872,8.3936,0.05,0.8866,0.1937,rotation,True,current_market_line,True,fanduel,fanduel,player_pts_over_under,12.5,12.5,0.37,138.0,-186.0,0.3925,0.6075,0.63,170.0,-170.0,-0.0225,-0.0225,0.0225,2026-05-24T16:09:59.066825Z,full,provisional,lineup_unconfirmed,fallback_used,projected,derived_from_projected_minutes,ok,finals_pending,current_phase8,ok,0.0,projected,not_available_yet,bdl_lineup_freshness_manifest,bdl_plus_nba_official,2026-05-24T16:10:20Z
morning,2026-05-24T16:11:10Z,2026-05-24,21713531,89,Alex Caruso,OKC,SAS,False,pts,"{""0"": 0.02071105966457961, ""1"": 0.02891802139397485, ""2"": 0.027442000603367503, ""3"": 0.028183255084191155, ""4"": 0.03443135296025314, ""5"": 0.04811075694549687, ""6"": 0.052248320012034374, ""7"": 0.051880837264255665, ""8"": 0.06335048170366216, ""9"": 0.07373326214396789, ""10"": 0.07512091875916921, ""11"": 0.06902449739849091, ""12"": 0.05687079648541953, ""13"": 0.05362408812647723, ""14"": 0.051841186933273484, ""15"": 0.03693276883040645, ""16"": 0.040987764445130456, ""17"": 0.04746448213157448, ""18"": 0.02655998430197507, ""19"": 0.022999403894719755, ""20"": 0.0196707438958606, ""21"": 0.014644647039563903, ""22"": 0.008816696002113626, ""23"": 0.014730124005215443, ""24"": 0.012388134907819348, ""25"": 0.008340333015477595, ""26"": 0.0026483791893939716, ""27"": 0.0026623269923101702, ""28"": 0.001351396724185393, ""29"": 0.000725831036594114, ""30"": 0.0004889581856661697, ""31"": 0.0001189465591152507, ""32"": 0.0008212777444496837, ""33"": 0.00018540053840388854, ""34"": 8.423984060757133e-05, ""35"": 0.0004687706095444195, ""36"": 0.0001477312440757387, ""37"": 0.0006428045507261649, ""38"": 0.0003754306907647823, ""39"": 9.136766676797718e-05, ""40"": 4.455290470277827e-05, ""41"": 9.119645994055859e-301, ""42"": 4.221809138200642e-05, ""43"": 8.621386419056342e-301, ""44"": 8.363780681074729e-301, ""45"": 3.851367187623408e-05, ""46"": 7.836201685142005e-301, ""47"": 3.593581096360056e-05, ""48"": 7.298122238364598e-301, ""49"": 7.027322047798874e-301, ""50"": 6.756460158380037e-301, ""51"": 6.486332733835378e-301, ""52"": 6.217701463226268e-301, ""53"": 5.951290479703699e-301, ""54"": 5.687783679232041e-301, ""55"": 5.427822446243948e-301, ""56"": 5.17200378872909e-301, ""57"": 4.920878880977662e-301, ""58"": 4.674952008120695e-301, ""59"": 4.434679902750664e-301, ""60"": 4.2004714604181634e-301, ""61"": 3.9726878175532285e-301, ""62"": 3.751642772524089e-301, ""63"": 3.5376035280548126e-301, ""64"": 3.3307917311138844e-301, ""65"": 3.1313847846861934e-301, ""66"": 2.939517404516196e-301, ""67"": 2.7552833929815907e-301, ""68"": 2.578737601693131e-301, ""69"": 2.409898054238985e-301, ""70"": 2.248748200625791e-301, ""71"": 2.0952392754514937e-301, ""72"": 1.949292732593377e-301, ""73"": 1.8108027302355096e-301, ""74"": 1.6796386413054852e-301, ""75"": 1.55564756586635e-301, ""76"": 1.4386568236214858e-301, ""77"": 1.3284764064724316e-301, ""78"": 1.2249013729274594e-301, ""79"": 1.1277141681007025e-301, ""80"": 1.036686855023307e-301}",11.0044,11.0044,10,10,0.0207,0.9793,0.9504,0.9229,0.8947,0.8603,0.8122,0.76,0.7081,0.6447,0.571,0.4959,0.4268,0.37,0.3164,0.2645,0.2276,0.1866,0.1391,0.1126,0.0896,614c522d#phase10c,stat_grid:pmf_sim_v1+role_aware_pmf_cal_v1:rotation+monotone_pit_cdf_v1,phase8_role_aware_pmf_cal_v1+monotone_inactive_global_v1,rotation,projected_minutes,high,22.5514,21.9169,10.2327,21.9169,31.3872,8.3936,0.05,0.8866,0.1937,rotation,True,current_market_line,True,fanduel,fanduel,player_pts_over_under,13.5,13.5,0.3164,174.0,-240.0,0.3408,0.6592,0.6836,216.0,-216.0,-0.0245,-0.0245,0.0245,2026-05-24T16:09:59.066825Z,full,provisional,lineup_unconfirmed,fallback_used,projected,derived_from_projected_minutes,ok,finals_pending,current_phase8,ok,0.0,projected,not_available_yet,bdl_lineup_freshness_manifest,bdl_plus_nba_official,2026-05-24T16:10:20Z
morning,2026-05-24T16:11:10Z,2026-05-24,21713531,89,Alex Caruso,OKC,SAS,False,pts,"{""0"": 0.02071105966457961, ""1"": 0.02891802139397485, ""2"": 0.027442000603367503, ""3"": 0.028183255084191155, ""4"": 0.03443135296025314, ""5"": 0.04811075694549687, ""6"": 0.052248320012034374, ""7"": 0.051880837264255665, ""8"": 0.06335048170366216, ""9"": 0.07373326214396789, ""10"": 0.07512091875916921, ""11"": 0.06902449739849091, ""12"": 0.05687079648541953, ""13"": 0.05362408812647723, ""14"": 0.051841186933273484, ""15"": 0.03693276883040645, ""16"": 0.040987764445130456, ""17"": 0.04746448213157448, ""18"": 0.02655998430197507, ""19"": 0.022999403894719755, ""20"": 0.0196707438958606, ""21"": 0.014644647039563903, ""22"": 0.008816696002113626, ""23"": 0.014730124005215443, ""24"": 0.012388134907819348, ""25"": 0.008340333015477595, ""26"": 0.0026483791893939716, ""27"": 0.0026623269923101702, ""28"": 0.001351396724185393, ""29"": 0.000725831036594114, ""30"": 0.0004889581856661697, ""31"": 0.0001189465591152507, ""32"": 0.0008212777444496837, ""33"": 0.00018540053840388854, ""34"": 8.423984060757133e-05, ""35"": 0.0004687706095444195, ""36"": 0.0001477312440757387, ""37"": 0.0006428045507261649, ""38"": 0.0003754306907647823, ""39"": 9.136766676797718e-05, ""40"": 4.455290470277827e-05, ""41"": 9.119645994055859e-301, ""42"": 4.221809138200642e-05, ""43"": 8.621386419056342e-301, ""44"": 8.363780681074729e-301, ""45"": 3.851367187623408e-05, ""46"": 7.836201685142005e-301, ""47"": 3.593581096360056e-05, ""48"": 7.298122238364598e-301, ""49"": 7.027322047798874e-301, ""50"": 6.756460158380037e-301, ""51"": 6.486332733835378e-301, ""52"": 6.217701463226268e-301, ""53"": 5.951290479703699e-301, ""54"": 5.687783679232041e-301, ""55"": 5.427822446243948e-301, ""56"": 5.17200378872909e-301, ""57"": 4.920878880977662e-301, ""58"": 4.674952008120695e-301, ""59"": 4.434679902750664e-301, ""60"": 4.2004714604181634e-301, ""61"": 3.9726878175532285e-301, ""62"": 3.751642772524089e-301, ""63"": 3.5376035280548126e-301, ""64"": 3.3307917311138844e-301, ""65"": 3.1313847846861934e-301, ""66"": 2.939517404516196e-301, ""67"": 2.7552833929815907e-301, ""68"": 2.578737601693131e-301, ""69"": 2.409898054238985e-301, ""70"": 2.248748200625791e-301, ""71"": 2.0952392754514937e-301, ""72"": 1.949292732593377e-301, ""73"": 1.8108027302355096e-301, ""74"": 1.6796386413054852e-301, ""75"": 1.55564756586635e-301, ""76"": 1.4386568236214858e-301, ""77"": 1.3284764064724316e-301, ""78"": 1.2249013729274594e-301, ""79"": 1.1277141681007025e-301, ""80"": 1.036686855023307e-301}",11.0044,11.0044,10,10,0.0207,0.9793,0.9504,0.9229,0.8947,0.8603,0.8122,0.76,0.7081,0.6447,0.571,0.4959,0.4268,0.37,0.3164,0.2645,0.2276,0.1866,0.1391,0.1126,0.0896,614c522d#phase10c,stat_grid:pmf_sim_v1+role_aware_pmf_cal_v1:rotation+monotone_pit_cdf_v1,phase8_role_aware_pmf_cal_v1+monotone_inactive_global_v1,rotation,projected_minutes,high,22.5514,21.9169,10.2327,21.9169,31.3872,8.3936,0.05,0.8866,0.1937,rotation,True,current_market_line,True,fanduel,fanduel,player_pts_over_under,14.5,14.5,0.2645,220.0,-310.0,0.2924,0.7076,0.7355,278.0,-278.0,-0.0279,-0.0279,0.0279,2026-05-24T16:09:59.066825Z,full,provisional,lineup_unconfirmed,fallback_used,projected,derived_from_projected_minutes,ok,finals_pending,current_phase8,ok,0.0,projected,not_available_yet,bdl_lineup_freshness_manifest,bdl_plus_nba_official,2026-05-24T16:10:20Z
morning,2026-05-24T16:11:10Z,2026-05-24,21713531,89,Alex Caruso,OKC,SAS,False,pts,"{""0"": 0.02071105966457961, ""1"": 0.02891802139397485, ""2"": 0.027442000603367503, ""3"": 0.028183255084191155, ""4"": 0.03443135296025314, ""5"": 0.04811075694549687, ""6"": 0.052248320012034374, ""7"": 0.051880837264255665, ""8"": 0.06335048170366216, ""9"": 0.07373326214396789, ""10"": 0.07512091875916921, ""11"": 0.06902449739849091, ""12"": 0.05687079648541953, ""13"": 0.05362408812647723, ""14"": 0.051841186933273484, ""15"": 0.03693276883040645, ""16"": 0.040987764445130456, ""17"": 0.04746448213157448, ""18"": 0.02655998430197507, ""19"": 0.022999403894719755, ""20"": 0.0196707438958606, ""21"": 0.014644647039563903, ""22"": 0.008816696002113626, ""23"": 0.014730124005215443, ""24"": 0.012388134907819348, ""25"": 0.008340333015477595, ""26"": 0.0026483791893939716, ""27"": 0.0026623269923101702, ""28"": 0.001351396724185393, ""29"": 0.000725831036594114, ""30"": 0.0004889581856661697, ""31"": 0.0001189465591152507, ""32"": 0.0008212777444496837, ""33"": 0.00018540053840388854, ""34"": 8.423984060757133e-05, ""35"": 0.0004687706095444195, ""36"": 0.0001477312440757387, ""37"": 0.0006428045507261649, ""38"": 0.0003754306907647823, ""39"": 9.136766676797718e-05, ""40"": 4.455290470277827e-05, ""41"": 9.119645994055859e-301, ""42"": 4.221809138200642e-05, ""43"": 8.621386419056342e-301, ""44"": 8.363780681074729e-301, ""45"": 3.851367187623408e-05, ""46"": 7.836201685142005e-301, ""47"": 3.593581096360056e-05, ""48"": 7.298122238364598e-301, ""49"": 7.027322047798874e-301, ""50"": 6.756460158380037e-301, ""51"": 6.486332733835378e-301, ""52"": 6.217701463226268e-301, ""53"": 5.951290479703699e-301, ""54"": 5.687783679232041e-301, ""55"": 5.427822446243948e-301, ""56"": 5.17200378872909e-301, ""57"": 4.920878880977662e-301, ""58"": 4.674952008120695e-301, ""59"": 4.434679902750664e-301, ""60"": 4.2004714604181634e-301, ""61"": 3.9726878175532285e-301, ""62"": 3.751642772524089e-301, ""63"": 3.5376035280548126e-301, ""64"": 3.3307917311138844e-301, ""65"": 3.1313847846861934e-301, ""66"": 2.939517404516196e-301, ""67"": 2.7552833929815907e-301, ""68"": 2.578737601693131e-301, ""69"": 2.409898054238985e-301, ""70"": 2.248748200625791e-301, ""71"": 2.0952392754514937e-301, ""72"": 1.949292732593377e-301, ""73"": 1.8108027302355096e-301, ""74"": 1.6796386413054852e-301, ""75"": 1.55564756586635e-301, ""76"": 1.4386568236214858e-301, ""77"": 1.3284764064724316e-301, ""78"": 1.2249013729274594e-301, ""79"": 1.1277141681007025e-301, ""80"": 1.036686855023307e-301}",11.0044,11.0044,10,10,0.0207,0.9793,0.9504,0.9229,0.8947,0.8603,0.8122,0.76,0.7081,0.6447,0.571,0.4959,0.4268,0.37,0.3164,0.2645,0.2276,0.1866,0.1391,0.1126,0.0896,614c522d#phase10c,stat_grid:pmf_sim_v1+role_aware_pmf_cal_v1:rotation+monotone_pit_cdf_v1,phase8_role_aware_pmf_cal_v1+monotone_inactive_global_v1,rotation,projected_minutes,high,22.5514,21.9169,10.2327,21.9169,31.3872,8.3936,0.05,0.8866,0.1937,rotation,True,current_market_line,True,fanduel,fanduel,player_pts_over_under,9.5,9.5,0.571,-160.0,120.0,0.5752,0.4248,0.429,-133.0,133.0,-0.0042,-0.0042,0.0042,2026-05-24T16:09:59.066825Z,full,provisional,lineup_unconfirmed,fallback_used,projected,derived_from_projected_minutes,ok,finals_pending,current_phase8,ok,0.0,projected,not_available_yet,bdl_lineup_freshness_manifest,bdl_plus_nba_official,2026-05-24T16:10:20Z
morning,2026-05-24T16:11:10Z,2026-05-24,21713531,89,Alex Caruso,OKC,SAS,False,pts,"{""0"": 0.02071105966457961, ""1"": 0.02891802139397485, ""2"": 0.027442000603367503, ""3"": 0.028183255084191155, ""4"": 0.03443135296025314, ""5"": 0.04811075694549687, ""6"": 0.052248320012034374, ""7"": 0.051880837264255665, ""8"": 0.06335048170366216, ""9"": 0.07373326214396789, ""10"": 0.07512091875916921, ""11"": 0.06902449739849091, ""12"": 0.05687079648541953, ""13"": 0.05362408812647723, ""14"": 0.051841186933273484, ""15"": 0.03693276883040645, ""16"": 0.040987764445130456, ""17"": 0.04746448213157448, ""18"": 0.02655998430197507, ""19"": 0.022999403894719755, ""20"": 0.0196707438958606, ""21"": 0.014644647039563903, ""22"": 0.008816696002113626, ""23"": 0.014730124005215443, ""24"": 0.012388134907819348, ""25"": 0.008340333015477595, ""26"": 0.0026483791893939716, ""27"": 0.0026623269923101702, ""28"": 0.001351396724185393, ""29"": 0.000725831036594114, ""30"": 0.0004889581856661697, ""31"": 0.0001189465591152507, ""32"": 0.0008212777444496837, ""33"": 0.00018540053840388854, ""34"": 8.423984060757133e-05, ""35"": 0.0004687706095444195, ""36"": 0.0001477312440757387, ""37"": 0.0006428045507261649, ""38"": 0.0003754306907647823, ""39"": 9.136766676797718e-05, ""40"": 4.455290470277827e-05, ""41"": 9.119645994055859e-301, ""42"": 4.221809138200642e-05, ""43"": 8.621386419056342e-301, ""44"": 8.363780681074729e-301, ""45"": 3.851367187623408e-05, ""46"": 7.836201685142005e-301, ""47"": 3.593581096360056e-05, ""48"": 7.298122238364598e-301, ""49"": 7.027322047798874e-301, ""50"": 6.756460158380037e-301, ""51"": 6.486332733835378e-301, ""52"": 6.217701463226268e-301, ""53"": 5.951290479703699e-301, ""54"": 5.687783679232041e-301, ""55"": 5.427822446243948e-301, ""56"": 5.17200378872909e-301, ""57"": 4.920878880977662e-301, ""58"": 4.674952008120695e-301, ""59"": 4.434679902750664e-301, ""60"": 4.2004714604181634e-301, ""61"": 3.9726878175532285e-301, ""62"": 3.751642772524089e-301, ""63"": 3.5376035280548126e-301, ""64"": 3.3307917311138844e-301, ""65"": 3.1313847846861934e-301, ""66"": 2.939517404516196e-301, ""67"": 2.7552833929815907e-301, ""68"": 2.578737601693131e-301, ""69"": 2.409898054238985e-301, ""70"": 2.248748200625791e-301, ""71"": 2.0952392754514937e-301, ""72"": 1.949292732593377e-301, ""73"": 1.8108027302355096e-301, ""74"": 1.6796386413054852e-301, ""75"": 1.55564756586635e-301, ""76"": 1.4386568236214858e-301, ""77"": 1.3284764064724316e-301, ""78"": 1.2249013729274594e-301, ""79"": 1.1277141681007025e-301, ""80"": 1.036686855023307e-301}",11.0044,11.0044,10,10,0.0207,0.9793,0.9504,0.9229,0.8947,0.8603,0.8122,0.76,0.7081,0.6447,0.571,0.4959,0.4268,0.37,0.3164,0.2645,0.2276,0.1866,0.1391,0.1126,0.0896,614c522d#phase10c,stat_grid:pmf_sim_v1+role_aware_pmf_cal_v1:rotation+monotone_pit_cdf_v1,phase8_role_aware_pmf_cal_v1+monotone_inactive_global_v1,rotation,projected_minutes,high,22.5514,21.9169,10.2327,21.9169,31.3872,8.3936,0.05,0.8866,0.1937,rotation,True,current_market_line,True,fanduel,fanduel,player_pts_over_under,8.5,8.5,0.6447,-210.0,154.0,0.6324,0.3676,0.3553,-181.0,181.0,0.0123,0.0123,-0.0123,2026-05-24T16:09:59.066825Z,full,provisional,lineup_unconfirmed,fallback_used,projected,derived_from_projected_minutes,ok,finals_pending,current_phase8,ok,0.0,projected,not_available_yet,bdl_lineup_freshness_manifest,bdl_plus_nba_official,2026-05-24T16:10:20Z
morning,2026-05-24T16:11:10Z,2026-05-24,21713531,89,Alex Caruso,OKC,SAS,False,pts,"{""0"": 0.02071105966457961, ""1"": 0.02891802139397485, ""2"": 0.027442000603367503, ""3"": 0.028183255084191155, ""4"": 0.03443135296025314, ""5"": 0.04811075694549687, ""6"": 0.052248320012034374, ""7"": 0.051880837264255665, ""8"": 0.06335048170366216, ""9"": 0.07373326214396789, ""10"": 0.07512091875916921, ""11"": 0.06902449739849091, ""12"": 0.05687079648541953, ""13"": 0.05362408812647723, ""14"": 0.051841186933273484, ""15"": 0.03693276883040645, ""16"": 0.040987764445130456, ""17"": 0.04746448213157448, ""18"": 0.02655998430197507, ""19"": 0.022999403894719755, ""20"": 0.0196707438958606, ""21"": 0.014644647039563903, ""22"": 0.008816696002113626, ""23"": 0.014730124005215443, ""24"": 0.012388134907819348, ""25"": 0.008340333015477595, ""26"": 0.0026483791893939716, ""27"": 0.0026623269923101702, ""28"": 0.001351396724185393, ""29"": 0.000725831036594114, ""30"": 0.0004889581856661697, ""31"": 0.0001189465591152507, ""32"": 0.0008212777444496837, ""33"": 0.00018540053840388854, ""34"": 8.423984060757133e-05, ""35"": 0.0004687706095444195, ""36"": 0.0001477312440757387, ""37"": 0.0006428045507261649, ""38"": 0.0003754306907647823, ""39"": 9.136766676797718e-05, ""40"": 4.455290470277827e-05, ""41"": 9.119645994055859e-301, ""42"": 4.221809138200642e-05, ""43"": 8.621386419056342e-301, ""44"": 8.363780681074729e-301, ""45"": 3.851367187623408e-05, ""46"": 7.836201685142005e-301, ""47"": 3.593581096360056e-05, ""48"": 7.298122238364598e-301, ""49"": 7.027322047798874e-301, ""50"": 6.756460158380037e-301, ""51"": 6.486332733835378e-301, ""52"": 6.217701463226268e-301, ""53"": 5.951290479703699e-301, ""54"": 5.687783679232041e-301, ""55"": 5.427822446243948e-301, ""56"": 5.17200378872909e-301, ""57"": 4.920878880977662e-301, ""58"": 4.674952008120695e-301, ""59"": 4.434679902750664e-301, ""60"": 4.2004714604181634e-301, ""61"": 3.9726878175532285e-301, ""62"": 3.751642772524089e-301, ""63"": 3.5376035280548126e-301, ""64"": 3.3307917311138844e-301, ""65"": 3.1313847846861934e-301, ""66"": 2.939517404516196e-301, ""67"": 2.7552833929815907e-301, ""68"": 2.578737601693131e-301, ""69"": 2.409898054238985e-301, ""70"": 2.248748200625791e-301, ""71"": 2.0952392754514937e-301, ""72"": 1.949292732593377e-301, ""73"": 1.8108027302355096e-301, ""74"": 1.6796386413054852e-301, ""75"": 1.55564756586635e-301, ""76"": 1.4386568236214858e-301, ""77"": 1.3284764064724316e-301, ""78"": 1.2249013729274594e-301, ""79"": 1.1277141681007025e-301, ""80"": 1.036686855023307e-301}",11.0044,11.0044,10,10,0.0207,0.9793,0.9504,0.9229,0.8947,0.8603,0.8122,0.76,0.7081,0.6447,0.571,0.4959,0.4268,0.37,0.3164,0.2645,0.2276,0.1866,0.1391,0.1126,0.0896,614c522d#phase10c,stat_grid:pmf_sim_v1+role_aware_pmf_cal_v1:rotation+monotone_pit_cdf_v1,phase8_role_aware_pmf_cal_v1+monotone_inactive_global_v1,rotation,projected_minutes,high,22.5514,21.9169,10.2327,21.9169,31.3872,8.3936,0.05,0.8866,0.1937,rotation,True,current_market_line,True,fanduel,fanduel,player_pts_over_under,7.5,7.5,0.7081,-300.0,210.0,0.6992,0.3008,0.2919,-243.0,243.0,0.0088,0.0088,-0.0088,2026-05-24T16:09:59.066825Z,full,provisional,lineup_unconfirmed,fallback_used,projected,derived_from_projected_minutes,ok,finals_pending,current_phase8,ok,0.0,projected,not_available_yet,bdl_lineup_freshness_manifest,bdl_plus_nba_official,2026-05-24T16:10:20Z
morning,2026-05-24T16:11:10Z,2026-05-24,21713531,89,Alex Caruso,OKC,SAS,False,pts,"{""0"": 0.02071105966457961, ""1"": 0.02891802139397485, ""2"": 0.027442000603367503, ""3"": 0.028183255084191155, ""4"": 0.03443135296025314, ""5"": 0.04811075694549687, ""6"": 0.052248320012034374, ""7"": 0.051880837264255665, ""8"": 0.06335048170366216, ""9"": 0.07373326214396789, ""10"": 0.07512091875916921, ""11"": 0.06902449739849091, ""12"": 0.05687079648541953, ""13"": 0.05362408812647723, ""14"": 0.051841186933273484, ""15"": 0.03693276883040645, ""16"": 0.040987764445130456, ""17"": 0.04746448213157448, ""18"": 0.02655998430197507, ""19"": 0.022999403894719755, ""20"": 0.0196707438958606, ""21"": 0.014644647039563903, ""22"": 0.008816696002113626, ""23"": 0.014730124005215443, ""24"": 0.012388134907819348, ""25"": 0.008340333015477595, ""26"": 0.0026483791893939716, ""27"": 0.0026623269923101702, ""28"": 0.001351396724185393, ""29"": 0.000725831036594114, ""30"": 0.0004889581856661697, ""31"": 0.0001189465591152507, ""32"": 0.0008212777444496837, ""33"": 0.00018540053840388854, ""34"": 8.423984060757133e-05, ""35"": 0.0004687706095444195, ""36"": 0.0001477312440757387, ""37"": 0.0006428045507261649, ""38"": 0.0003754306907647823, ""39"": 9.136766676797718e-05, ""40"": 4.455290470277827e-05, ""41"": 9.119645994055859e-301, ""42"": 4.221809138200642e-05, ""43"": 8.621386419056342e-301, ""44"": 8.363780681074729e-301, ""45"": 3.851367187623408e-05, ""46"": 7.836201685142005e-301, ""47"": 3.593581096360056e-05, ""48"": 7.298122238364598e-301, ""49"": 7.027322047798874e-301, ""50"": 6.756460158380037e-301, ""51"": 6.486332733835378e-301, ""52"": 6.217701463226268e-301, ""53"": 5.951290479703699e-301, ""54"": 5.687783679232041e-301, ""55"": 5.427822446243948e-301, ""56"": 5.17200378872909e-301, ""57"": 4.920878880977662e-301, ""58"": 4.674952008120695e-301, ""59"": 4.434679902750664e-301, ""60"": 4.2004714604181634e-301, ""61"": 3.9726878175532285e-301, ""62"": 3.751642772524089e-301, ""63"": 3.5376035280548126e-301, ""64"": 3.3307917311138844e-301, ""65"": 3.1313847846861934e-301, ""66"": 2.939517404516196e-301, ""67"": 2.7552833929815907e-301, ""68"": 2.578737601693131e-301, ""69"": 2.409898054238985e-301, ""70"": 2.248748200625791e-301, ""71"": 2.0952392754514937e-301, ""72"": 1.949292732593377e-301, ""73"": 1.8108027302355096e-301, ""74"": 1.6796386413054852e-301, ""75"": 1.55564756586635e-301, ""76"": 1.4386568236214858e-301, ""77"": 1.3284764064724316e-301, ""78"": 1.2249013729274594e-301, ""79"": 1.1277141681007025e-301, ""80"": 1.036686855023307e-301}",11.0044,11.0044,10,10,0.0207,0.9793,0.9504,0.9229,0.8947,0.8603,0.8122,0.76,0.7081,0.6447,0.571,0.4959,0.4268,0.37,0.3164,0.2645,0.2276,0.1866,0.1391,0.1126,0.0896,614c522d#phase10c,stat_grid:pmf_sim_v1+role_aware_pmf_cal_v1:rotation+monotone_pit_cdf_v1,phase8_role_aware_pmf_cal_v1+monotone_inactive_global_v1,rotation,projected_minutes,high,22.5514,21.9169,10.2327,21.9169,31.3872,8.3936,0.05,0.8866,0.1937,rotation,True,current_market_line,True,fanduel,fanduel,player_pts_over_under,6.5,6.5,0.76,-390.0,265.0,0.7439,0.2561,0.24,-317.0,317.0,0.016,0.016,-0.016,2026-05-24T16:09:59.066825Z,full,provisional,lineup_unconfirmed,fallback_used,projected,derived_from_projected_minutes,ok,finals_pending,current_phase8,ok,0.0,projected,not_available_yet,bdl_lineup_freshness_manifest,bdl_plus_nba_official,2026-05-24T16:10:20Z
morning,2026-05-24T16:11:10Z,2026-05-24,21713531,89,Alex Caruso,OKC,SAS,False,pts,"{""0"": 0.02071105966457961, ""1"": 0.02891802139397485, ""2"": 0.027442000603367503, ""3"": 0.028183255084191155, ""4"": 0.03443135296025314, ""5"": 0.04811075694549687, ""6"": 0.052248320012034374, ""7"": 0.051880837264255665, ""8"": 0.06335048170366216, ""9"": 0.07373326214396789, ""10"": 0.07512091875916921, ""11"": 0.06902449739849091, ""12"": 0.05687079648541953, ""13"": 0.05362408812647723, ""14"": 0.051841186933273484, ""15"": 0.03693276883040645, ""16"": 0.040987764445130456, ""17"": 0.04746448213157448, ""18"": 0.02655998430197507, ""19"": 0.022999403894719755, ""20"": 0.0196707438958606, ""21"": 0.014644647039563903, ""22"": 0.008816696002113626, ""23"": 0.014730124005215443, ""24"": 0.012388134907819348, ""25"": 0.008340333015477595, ""26"": 0.0026483791893939716, ""27"": 0.0026623269923101702, ""28"": 0.001351396724185393, ""29"": 0.000725831036594114, ""30"": 0.0004889581856661697, ""31"": 0.0001189465591152507, ""32"": 0.0008212777444496837, ""33"": 0.00018540053840388854, ""34"": 8.423984060757133e-05, ""35"": 0.0004687706095444195, ""36"": 0.0001477312440757387, ""37"": 0.0006428045507261649, ""38"": 0.0003754306907647823, ""39"": 9.136766676797718e-05, ""40"": 4.455290470277827e-05, ""41"": 9.119645994055859e-301, ""42"": 4.221809138200642e-05, ""43"": 8.621386419056342e-301, ""44"": 8.363780681074729e-301, ""45"": 3.851367187623408e-05, ""46"": 7.836201685142005e-301, ""47"": 3.593581096360056e-05, ""48"": 7.298122238364598e-301, ""49"": 7.027322047798874e-301, ""50"": 6.756460158380037e-301, ""51"": 6.486332733835378e-301, ""52"": 6.217701463226268e-301, ""53"": 5.951290479703699e-301, ""54"": 5.687783679232041e-301, ""55"": 5.427822446243948e-301, ""56"": 5.17200378872909e-301, ""57"": 4.920878880977662e-301, ""58"": 4.674952008120695e-301, ""59"": 4.434679902750664e-301, ""60"": 4.2004714604181634e-301, ""61"": 3.9726878175532285e-301, ""62"": 3.751642772524089e-301, ""63"": 3.5376035280548126e-301, ""64"": 3.3307917311138844e-301, ""65"": 3.1313847846861934e-301, ""66"": 2.939517404516196e-301, ""67"": 2.7552833929815907e-301, ""68"": 2.578737601693131e-301, ""69"": 2.409898054238985e-301, ""70"": 2.248748200625791e-301, ""71"": 2.0952392754514937e-301, ""72"": 1.949292732593377e-301, ""73"": 1.8108027302355096e-301, ""74"": 1.6796386413054852e-301, ""75"": 1.55564756586635e-301, ""76"": 1.4386568236214858e-301, ""77"": 1.3284764064724316e-301, ""78"": 1.2249013729274594e-301, ""79"": 1.1277141681007025e-301, ""80"": 1.036686855023307e-301}",11.0044,11.0044,10,10,0.0207,0.9793,0.9504,0.9229,0.8947,0.8603,0.8122,0.76,0.7081,0.6447,0.571,0.4959,0.4268,0.37,0.3164,0.2645,0.2276,0.1866,0.1391,0.1126,0.0896,614c522d#phase10c,stat_grid:pmf_sim_v1+role_aware_pmf_cal_v1:rotation+monotone_pit_cdf_v1,phase8_role_aware_pmf_cal_v1+monotone_inactive_global_v1,rotation,projected_minutes,high,22.5514,21.9169,10.2327,21.9169,31.3872,8.3936,0.05,0.8866,0.1937,rotation,True,current_market_line,True,fanduel,fanduel,player_pts_over_under,5.5,5.5,0.8122,-580.0,360.0,0.7969,0.2031,0.1878,-432.0,432.0,0.0153,0.0153,-0.0153,2026-05-24T16:09:59.066825Z,full,provisional,lineup_unconfirmed,fallback_used,projected,derived_from_projected_minutes,ok,finals_pending,current_phase8,ok,0.0,projected,not_available_yet,bdl_lineup_freshness_manifest,bdl_plus_nba_official,2026-05-24T16:10:20Z
morning,2026-05-24T16:11:10Z,2026-05-24,21713531,89,Alex Caruso,OKC,SAS,False,pts,"{""0"": 0.02071105966457961, ""1"": 0.02891802139397485, ""2"": 0.027442000603367503, ""3"": 0.028183255084191155, ""4"": 0.03443135296025314, ""5"": 0.04811075694549687, ""6"": 0.052248320012034374, ""7"": 0.051880837264255665, ""8"": 0.06335048170366216, ""9"": 0.07373326214396789, ""10"": 0.07512091875916921, ""11"": 0.06902449739849091, ""12"": 0.05687079648541953, ""13"": 0.05362408812647723, ""14"": 0.051841186933273484, ""15"": 0.03693276883040645, ""16"": 0.040987764445130456, ""17"": 0.04746448213157448, ""18"": 0.02655998430197507, ""19"": 0.022999403894719755, ""20"": 0.0196707438958606, ""21"": 0.014644647039563903, ""22"": 0.008816696002113626, ""23"": 0.014730124005215443, ""24"": 0.012388134907819348, ""25"": 0.008340333015477595, ""26"": 0.0026483791893939716, ""27"": 0.0026623269923101702, ""28"": 0.001351396724185393, ""29"": 0.000725831036594114, ""30"": 0.0004889581856661697, ""31"": 0.0001189465591152507, ""32"": 0.0008212777444496837, ""33"": 0.00018540053840388854, ""34"": 8.423984060757133e-05, ""35"": 0.0004687706095444195, ""36"": 0.0001477312440757387, ""37"": 0.0006428045507261649, ""38"": 0.0003754306907647823, ""39"": 9.136766676797718e-05, ""40"": 4.455290470277827e-05, ""41"": 9.119645994055859e-301, ""42"": 4.221809138200642e-05, ""43"": 8.621386419056342e-301, ""44"": 8.363780681074729e-301, ""45"": 3.851367187623408e-05, ""46"": 7.836201685142005e-301, ""47"": 3.593581096360056e-05, ""48"": 7.298122238364598e-301, ""49"": 7.027322047798874e-301, ""50"": 6.756460158380037e-301, ""51"": 6.486332733835378e-301, ""52"": 6.217701463226268e-301, ""53"": 5.951290479703699e-301, ""54"": 5.687783679232041e-301, ""55"": 5.427822446243948e-301, ""56"": 5.17200378872909e-301, ""57"": 4.920878880977662e-301, ""58"": 4.674952008120695e-301, ""59"": 4.434679902750664e-301, ""60"": 4.2004714604181634e-301, ""61"": 3.9726878175532285e-301, ""62"": 3.751642772524089e-301, ""63"": 3.5376035280548126e-301, ""64"": 3.3307917311138844e-301, ""65"": 3.1313847846861934e-301, ""66"": 2.939517404516196e-301, ""67"": 2.7552833929815907e-301, ""68"": 2.578737601693131e-301, ""69"": 2.409898054238985e-301, ""70"": 2.248748200625791e-301, ""71"": 2.0952392754514937e-301, ""72"": 1.949292732593377e-301, ""73"": 1.8108027302355096e-301, ""74"": 1.6796386413054852e-301, ""75"": 1.55564756586635e-301, ""76"": 1.4386568236214858e-301, ""77"": 1.3284764064724316e-301, ""78"": 1.2249013729274594e-301, ""79"": 1.1277141681007025e-301, ""80"": 1.036686855023307e-301}",11.0044,11.0044,10,10,0.0207,0.9793,0.9504,0.9229,0.8947,0.8603,0.8122,0.76,0.7081,0.6447,0.571,0.4959,0.4268,0.37,0.3164,0.2645,0.2276,0.1866,0.1391,0.1126,0.0896,614c522d#phase10c,stat_grid:pmf_sim_v1+role_aware_pmf_cal_v1:rotation+monotone_pit_cdf_v1,phase8_role_aware_pmf_cal_v1+monotone_inactive_global_v1,rotation,projected_minutes,high,22.5514,21.9169,10.2327,21.9169,31.3872,8.3936,0.05,0.8866,0.1937,rotation,True,current_market_line,True,hardrockbet_fl,hardrockbet_fl,player_pts_over_under,11.5,11.5,0.4268,-105.0,-125.0,0.4797,0.5203,0.5732,134.0,-134.0,-0.0529,-0.0529,0.0529,2026-05-24T16:09:59.066825Z,full,provisional,lineup_unconfirmed,fallback_used,projected,derived_from_projected_minutes,ok,finals_pending,current_phase8,ok,0.0,projected,not_available_yet,bdl_lineup_freshness_manifest,bdl_plus_nba_official,2026-05-24T16:10:20Z
morning,2026-05-24T16:11:10Z,2026-05-24,21713531,89,Alex Caruso,OKC,SAS,False,pts,"{""0"": 0.02071105966457961, ""1"": 0.02891802139397485, ""2"": 0.027442000603367503, ""3"": 0.028183255084191155, ""4"": 0.03443135296025314, ""5"": 0.04811075694549687, ""6"": 0.052248320012034374, ""7"": 0.051880837264255665, ""8"": 0.06335048170366216, ""9"": 0.07373326214396789, ""10"": 0.07512091875916921, ""11"": 0.06902449739849091, ""12"": 0.05687079648541953, ""13"": 0.05362408812647723, ""14"": 0.051841186933273484, ""15"": 0.03693276883040645, ""16"": 0.040987764445130456, ""17"": 0.04746448213157448, ""18"": 0.02655998430197507, ""19"": 0.022999403894719755, ""20"": 0.0196707438958606, ""21"": 0.014644647039563903, ""22"": 0.008816696002113626, ""23"": 0.014730124005215443, ""24"": 0.012388134907819348, ""25"": 0.008340333015477595, ""26"": 0.0026483791893939716, ""27"": 0.0026623269923101702, ""28"": 0.001351396724185393, ""29"": 0.000725831036594114, ""30"": 0.0004889581856661697, ""31"": 0.0001189465591152507, ""32"": 0.0008212777444496837, ""33"": 0.00018540053840388854, ""34"": 8.423984060757133e-05, ""35"": 0.0004687706095444195, ""36"": 0.0001477312440757387, ""37"": 0.0006428045507261649, ""38"": 0.0003754306907647823, ""39"": 9.136766676797718e-05, ""40"": 4.455290470277827e-05, ""41"": 9.119645994055859e-301, ""42"": 4.221809138200642e-05, ""43"": 8.621386419056342e-301, ""44"": 8.363780681074729e-301, ""45"": 3.851367187623408e-05, ""46"": 7.836201685142005e-301, ""47"": 3.593581096360056e-05, ""48"": 7.298122238364598e-301, ""49"": 7.027322047798874e-301, ""50"": 6.756460158380037e-301, ""51"": 6.486332733835378e-301, ""52"": 6.217701463226268e-301, ""53"": 5.951290479703699e-301, ""54"": 5.687783679232041e-301, ""55"": 5.427822446243948e-301, ""56"": 5.17200378872909e-301, ""57"": 4.920878880977662e-301, ""58"": 4.674952008120695e-301, ""59"": 4.434679902750664e-301, ""60"": 4.2004714604181634e-301, ""61"": 3.9726878175532285e-301, ""62"": 3.751642772524089e-301, ""63"": 3.5376035280548126e-301, ""64"": 3.3307917311138844e-301, ""65"": 3.1313847846861934e-301, ""66"": 2.939517404516196e-301, ""67"": 2.7552833929815907e-301, ""68"": 2.578737601693131e-301, ""69"": 2.409898054238985e-301, ""70"": 2.248748200625791e-301, ""71"": 2.0952392754514937e-301, ""72"": 1.949292732593377e-301, ""73"": 1.8108027302355096e-301, ""74"": 1.6796386413054852e-301, ""75"": 1.55564756586635e-301, ""76"": 1.4386568236214858e-301, ""77"": 1.3284764064724316e-301, ""78"": 1.2249013729274594e-301, ""79"": 1.1277141681007025e-301, ""80"": 1.036686855023307e-301}",11.0044,11.0044,10,10,0.0207,0.9793,0.9504,0.9229,0.8947,0.8603,0.8122,0.76,0.7081,0.6447,0.571,0.4959,0.4268,0.37,0.3164,0.2645,0.2276,0.1866,0.1391,0.1126,0.0896,614c522d#phase10c,stat_grid:pmf_sim_v1+role_aware_pmf_cal_v1:rotation+monotone_pit_cdf_v1,phase8_role_aware_pmf_cal_v1+monotone_inactive_global_v1,rotation,projected_minutes,high,22.5514,21.9169,10.2327,21.9169,31.3872,8.3936,0.05,0.8866,0.1937,rotation,True,current_market_line,True,betparx,betparx,player_pts_over_under,11.5,11.5,0.4268,112.0,-152.0,0.4388,0.5612,0.5732,134.0,-134.0,-0.012,-0.012,0.012,2026-05-24T16:09:59.066825Z,full,provisional,lineup_unconfirmed,fallback_used,projected,derived_from_projected_minutes,ok,finals_pending,current_phase8,ok,0.0,projected,not_available_yet,bdl_lineup_freshness_manifest,bdl_plus_nba_official,2026-05-24T16:10:20Z
morning,2026-05-24T16:11:10Z,2026-05-24,21713531,89,Alex Caruso,OKC,SAS,False,pts,"{""0"": 0.02071105966457961, ""1"": 0.02891802139397485, ""2"": 0.027442000603367503, ""3"": 0.028183255084191155, ""4"": 0.03443135296025314, ""5"": 0.04811075694549687, ""6"": 0.052248320012034374, ""7"": 0.051880837264255665, ""8"": 0.06335048170366216, ""9"": 0.07373326214396789, ""10"": 0.07512091875916921, ""11"": 0.06902449739849091, ""12"": 0.05687079648541953, ""13"": 0.05362408812647723, ""14"": 0.051841186933273484, ""15"": 0.03693276883040645, ""16"": 0.040987764445130456, ""17"": 0.04746448213157448, ""18"": 0.02655998430197507, ""19"": 0.022999403894719755, ""20"": 0.0196707438958606, ""21"": 0.014644647039563903, ""22"": 0.008816696002113626, ""23"": 0.014730124005215443, ""24"": 0.012388134907819348, ""25"": 0.008340333015477595, ""26"": 0.0026483791893939716, ""27"": 0.0026623269923101702, ""28"": 0.001351396724185393, ""29"": 0.000725831036594114, ""30"": 0.0004889581856661697, ""31"": 0.0001189465591152507, ""32"": 0.0008212777444496837, ""33"": 0.00018540053840388854, ""34"": 8.423984060757133e-05, ""35"": 0.0004687706095444195, ""36"": 0.0001477312440757387, ""37"": 0.0006428045507261649, ""38"": 0.0003754306907647823, ""39"": 9.136766676797718e-05, ""40"": 4.455290470277827e-05, ""41"": 9.119645994055859e-301, ""42"": 4.221809138200642e-05, ""43"": 8.621386419056342e-301, ""44"": 8.363780681074729e-301, ""45"": 3.851367187623408e-05, ""46"": 7.836201685142005e-301, ""47"": 3.593581096360056e-05, ""48"": 7.298122238364598e-301, ""49"": 7.027322047798874e-301, ""50"": 6.756460158380037e-301, ""51"": 6.486332733835378e-301, ""52"": 6.217701463226268e-301, ""53"": 5.951290479703699e-301, ""54"": 5.687783679232041e-301, ""55"": 5.427822446243948e-301, ""56"": 5.17200378872909e-301, ""57"": 4.920878880977662e-301, ""58"": 4.674952008120695e-301, ""59"": 4.434679902750664e-301, ""60"": 4.2004714604181634e-301, ""61"": 3.9726878175532285e-301, ""62"": 3.751642772524089e-301, ""63"": 3.5376035280548126e-301, ""64"": 3.3307917311138844e-301, ""65"": 3.1313847846861934e-301, ""66"": 2.939517404516196e-301, ""67"": 2.7552833929815907e-301, ""68"": 2.578737601693131e-301, ""69"": 2.409898054238985e-301, ""70"": 2.248748200625791e-301, ""71"": 2.0952392754514937e-301, ""72"": 1.949292732593377e-301, ""73"": 1.8108027302355096e-301, ""74"": 1.6796386413054852e-301, ""75"": 1.55564756586635e-301, ""76"": 1.4386568236214858e-301, ""77"": 1.3284764064724316e-301, ""78"": 1.2249013729274594e-301, ""79"": 1.1277141681007025e-301, ""80"": 1.036686855023307e-301}",11.0044,11.0044,10,10,0.0207,0.9793,0.9504,0.9229,0.8947,0.8603,0.8122,0.76,0.7081,0.6447,0.571,0.4959,0.4268,0.37,0.3164,0.2645,0.2276,0.1866,0.1391,0.1126,0.0896,614c522d#phase10c,stat_grid:pmf_sim_v1+role_aware_pmf_cal_v1:rotation+monotone_pit_cdf_v1,phase8_role_aware_pmf_cal_v1+monotone_inactive_global_v1,rotation,projected_minutes,high,22.5514,21.9169,10.2327,21.9169,31.3872,8.3936,0.05,0.8866,0.1937,rotation,True,current_market_line,True,fliff,fliff,player_pts_over_under,10.5,10.5,0.4959,-140.0,-105.0,0.5325,0.4675,0.5041,102.0,-102.0,-0.0366,-0.0366,0.0366,2026-05-24T16:09:59.066825Z,full,provisional,lineup_unconfirmed,fallback_used,projected,derived_from_projected_minutes,ok,finals_pending,current_phase8,ok,0.0,projected,not_available_yet,bdl_lineup_freshness_manifest,bdl_plus_nba_official,2026-05-24T16:10:20Z
morning,2026-05-24T16:11:10Z,2026-05-24,21713531,89,Alex Caruso,OKC,SAS,False,pts,"{""0"": 0.02071105966457961, ""1"": 0.02891802139397485, ""2"": 0.027442000603367503, ""3"": 0.028183255084191155, ""4"": 0.03443135296025314, ""5"": 0.04811075694549687, ""6"": 0.052248320012034374, ""7"": 0.051880837264255665, ""8"": 0.06335048170366216, ""9"": 0.07373326214396789, ""10"": 0.07512091875916921, ""11"": 0.06902449739849091, ""12"": 0.05687079648541953, ""13"": 0.05362408812647723, ""14"": 0.051841186933273484, ""15"": 0.03693276883040645, ""16"": 0.040987764445130456, ""17"": 0.04746448213157448, ""18"": 0.02655998430197507, ""19"": 0.022999403894719755, ""20"": 0.0196707438958606, ""21"": 0.014644647039563903, ""22"": 0.008816696002113626, ""23"": 0.014730124005215443, ""24"": 0.012388134907819348, ""25"": 0.008340333015477595, ""26"": 0.0026483791893939716, ""27"": 0.0026623269923101702, ""28"": 0.001351396724185393, ""29"": 0.000725831036594114, ""30"": 0.0004889581856661697, ""31"": 0.0001189465591152507, ""32"": 0.0008212777444496837, ""33"": 0.00018540053840388854, ""34"": 8.423984060757133e-05, ""35"": 0.0004687706095444195, ""36"": 0.0001477312440757387, ""37"": 0.0006428045507261649, ""38"": 0.0003754306907647823, ""39"": 9.136766676797718e-05, ""40"": 4.455290470277827e-05, ""41"": 9.119645994055859e-301, ""42"": 4.221809138200642e-05, ""43"": 8.621386419056342e-301, ""44"": 8.363780681074729e-301, ""45"": 3.851367187623408e-05, ""46"": 7.836201685142005e-301, ""47"": 3.593581096360056e-05, ""48"": 7.298122238364598e-301, ""49"": 7.027322047798874e-301, ""50"": 6.756460158380037e-301, ""51"": 6.486332733835378e-301, ""52"": 6.217701463226268e-301, ""53"": 5.951290479703699e-301, ""54"": 5.687783679232041e-301, ""55"": 5.427822446243948e-301, ""56"": 5.17200378872909e-301, ""57"": 4.920878880977662e-301, ""58"": 4.674952008120695e-301, ""59"": 4.434679902750664e-301, ""60"": 4.2004714604181634e-301, ""61"": 3.9726878175532285e-301, ""62"": 3.751642772524089e-301, ""63"": 3.5376035280548126e-301, ""64"": 3.3307917311138844e-301, ""65"": 3.1313847846861934e-301, ""66"": 2.939517404516196e-301, ""67"": 2.7552833929815907e-301, ""68"": 2.578737601693131e-301, ""69"": 2.409898054238985e-301, ""70"": 2.248748200625791e-301, ""71"": 2.0952392754514937e-301, ""72"": 1.949292732593377e-301, ""73"": 1.8108027302355096e-301, ""74"": 1.6796386413054852e-301, ""75"": 1.55564756586635e-301, ""76"": 1.4386568236214858e-301, ""77"": 1.3284764064724316e-301, ""78"": 1.2249013729274594e-301, ""79"": 1.1277141681007025e-301, ""80"": 1.036686855023307e-301}",11.0044,11.0044,10,10,0.0207,0.9793,0.9504,0.9229,0.8947,0.8603,0.8122,0.76,0.7081,0.6447,0.571,0.4959,0.4268,0.37,0.3164,0.2645,0.2276,0.1866,0.1391,0.1126,0.0896,614c522d#phase10c,stat_grid:pmf_sim_v1+role_aware_pmf_cal_v1:rotation+monotone_pit_cdf_v1,phase8_role_aware_pmf_cal_v1+monotone_inactive_global_v1,rotation,projected_minutes,high,22.5514,21.9169,10.2327,21.9169,31.3872,8.3936,0.05,0.8866,0.1937,rotation,True,current_market_line,True,betparx,betparx,player_pts_over_under,10.5,10.5,0.4959,-122.0,-108.0,0.5142,0.4858,0.5041,102.0,-102.0,-0.0183,-0.0183,0.0183,2026-05-24T16:09:59.066825Z,full,provisional,lineup_unconfirmed,fallback_used,projected,derived_from_projected_minutes,ok,finals_pending,current_phase8,ok,0.0,projected,not_available_yet,bdl_lineup_freshness_manifest,bdl_plus_nba_official,2026-05-24T16:10:20Z
morning,2026-05-24T16:11:10Z,2026-05-24,21713531,89,Alex Caruso,OKC,SAS,False,pts,"{""0"": 0.02071105966457961, ""1"": 0.02891802139397485, ""2"": 0.027442000603367503, ""3"": 0.028183255084191155, ""4"": 0.03443135296025314, ""5"": 0.04811075694549687, ""6"": 0.052248320012034374, ""7"": 0.051880837264255665, ""8"": 0.06335048170366216, ""9"": 0.07373326214396789, ""10"": 0.07512091875916921, ""11"": 0.06902449739849091, ""12"": 0.05687079648541953, ""13"": 0.05362408812647723, ""14"": 0.051841186933273484, ""15"": 0.03693276883040645, ""16"": 0.040987764445130456, ""17"": 0.04746448213157448, ""18"": 0.02655998430197507, ""19"": 0.022999403894719755, ""20"": 0.0196707438958606, ""21"": 0.014644647039563903, ""22"": 0.008816696002113626, ""23"": 0.014730124005215443, ""24"": 0.012388134907819348, ""25"": 0.008340333015477595, ""26"": 0.0026483791893939716, ""27"": 0.0026623269923101702, ""28"": 0.001351396724185393, ""29"": 0.000725831036594114, ""30"": 0.0004889581856661697, ""31"": 0.0001189465591152507, ""32"": 0.0008212777444496837, ""33"": 0.00018540053840388854, ""34"": 8.423984060757133e-05, ""35"": 0.0004687706095444195, ""36"": 0.0001477312440757387, ""37"": 0.0006428045507261649, ""38"": 0.0003754306907647823, ""39"": 9.136766676797718e-05, ""40"": 4.455290470277827e-05, ""41"": 9.119645994055859e-301, ""42"": 4.221809138200642e-05, ""43"": 8.621386419056342e-301, ""44"": 8.363780681074729e-301, ""45"": 3.851367187623408e-05, ""46"": 7.836201685142005e-301, ""47"": 3.593581096360056e-05, ""48"": 7.298122238364598e-301, ""49"": 7.027322047798874e-301, ""50"": 6.756460158380037e-301, ""51"": 6.486332733835378e-301, ""52"": 6.217701463226268e-301, ""53"": 5.951290479703699e-301, ""54"": 5.687783679232041e-301, ""55"": 5.427822446243948e-301, ""56"": 5.17200378872909e-301, ""57"": 4.920878880977662e-301, ""58"": 4.674952008120695e-301, ""59"": 4.434679902750664e-301, ""60"": 4.2004714604181634e-301, ""61"": 3.9726878175532285e-301, ""62"": 3.751642772524089e-301, ""63"": 3.5376035280548126e-301, ""64"": 3.3307917311138844e-301, ""65"": 3.1313847846861934e-301, ""66"": 2.939517404516196e-301, ""67"": 2.7552833929815907e-301, ""68"": 2.578737601693131e-301, ""69"": 2.409898054238985e-301, ""70"": 2.248748200625791e-301, ""71"": 2.0952392754514937e-301, ""72"": 1.949292732593377e-301, ""73"": 1.8108027302355096e-301, ""74"": 1.6796386413054852e-301, ""75"": 1.55564756586635e-301, ""76"": 1.4386568236214858e-301, ""77"": 1.3284764064724316e-301, ""78"": 1.2249013729274594e-301, ""79"": 1.1277141681007025e-301, ""80"": 1.036686855023307e-301}",11.0044,11.0044,10,10,0.0207,0.9793,0.9504,0.9229,0.8947,0.8603,0.8122,0.76,0.7081,0.6447,0.571,0.4959,0.4268,0.37,0.3164,0.2645,0.2276,0.1866,0.1391,0.1126,0.0896,614c522d#phase10c,stat_grid:pmf_sim_v1+role_aware_pmf_cal_v1:rotation+monotone_pit_cdf_v1,phase8_role_aware_pmf_cal_v1+monotone_inactive_global_v1,rotation,projected_minutes,high,22.5514,21.9169,10.2327,21.9169,31.3872,8.3936,0.05,0.8866,0.1937,rotation,True,current_market_line,True,espnbet,espnbet,player_pts_over_under,10.5,10.5,0.4959,-125.0,-105.0,0.5203,0.4797,0.5041,102.0,-102.0,-0.0244,-0.0244,0.0244,2026-05-24T16:09:59.066825Z,full,provisional,lineup_unconfirmed,fallback_used,projected,derived_from_projected_minutes,ok,finals_pending,current_phase8,ok,0.0,projected,not_available_yet,bdl_lineup_freshness_manifest,bdl_plus_nba_official,2026-05-24T16:10:20Z
morning,2026-05-24T16:11:10Z,2026-05-24,21713531,89,Alex Caruso,OKC,SAS,False,pts,"{""0"": 0.02071105966457961, ""1"": 0.02891802139397485, ""2"": 0.027442000603367503, ""3"": 0.028183255084191155, ""4"": 0.03443135296025314, ""5"": 0.04811075694549687, ""6"": 0.052248320012034374, ""7"": 0.051880837264255665, ""8"": 0.06335048170366216, ""9"": 0.07373326214396789, ""10"": 0.07512091875916921, ""11"": 0.06902449739849091, ""12"": 0.05687079648541953, ""13"": 0.05362408812647723, ""14"": 0.051841186933273484, ""15"": 0.03693276883040645, ""16"": 0.040987764445130456, ""17"": 0.04746448213157448, ""18"": 0.02655998430197507, ""19"": 0.022999403894719755, ""20"": 0.0196707438958606, ""21"": 0.014644647039563903, ""22"": 0.008816696002113626, ""23"": 0.014730124005215443, ""24"": 0.012388134907819348, ""25"": 0.008340333015477595, ""26"": 0.0026483791893939716, ""27"": 0.0026623269923101702, ""28"": 0.001351396724185393, ""29"": 0.000725831036594114, ""30"": 0.0004889581856661697, ""31"": 0.0001189465591152507, ""32"": 0.0008212777444496837, ""33"": 0.00018540053840388854, ""34"": 8.423984060757133e-05, ""35"": 0.0004687706095444195, ""36"": 0.0001477312440757387, ""37"": 0.0006428045507261649, ""38"": 0.0003754306907647823, ""39"": 9.136766676797718e-05, ""40"": 4.455290470277827e-05, ""41"": 9.119645994055859e-301, ""42"": 4.221809138200642e-05, ""43"": 8.621386419056342e-301, ""44"": 8.363780681074729e-301, ""45"": 3.851367187623408e-05, ""46"": 7.836201685142005e-301, ""47"": 3.593581096360056e-05, ""48"": 7.298122238364598e-301, ""49"": 7.027322047798874e-301, ""50"": 6.756460158380037e-301, ""51"": 6.486332733835378e-301, ""52"": 6.217701463226268e-301, ""53"": 5.951290479703699e-301, ""54"": 5.687783679232041e-301, ""55"": 5.427822446243948e-301, ""56"": 5.17200378872909e-301, ""57"": 4.920878880977662e-301, ""58"": 4.674952008120695e-301, ""59"": 4.434679902750664e-301, ""60"": 4.2004714604181634e-301, ""61"": 3.9726878175532285e-301, ""62"": 3.751642772524089e-301, ""63"": 3.5376035280548126e-301, ""64"": 3.3307917311138844e-301, ""65"": 3.1313847846861934e-301, ""66"": 2.939517404516196e-301, ""67"": 2.7552833929815907e-301, ""68"": 2.578737601693131e-301, ""69"": 2.409898054238985e-301, ""70"": 2.248748200625791e-301, ""71"": 2.0952392754514937e-301, ""72"": 1.949292732593377e-301, ""73"": 1.8108027302355096e-301, ""74"": 1.6796386413054852e-301, ""75"": 1.55564756586635e-301, ""76"": 1.4386568236214858e-301, ""77"": 1.3284764064724316e-301, ""78"": 1.2249013729274594e-301, ""79"": 1.1277141681007025e-301, ""80"": 1.036686855023307e-301}",11.0044,11.0044,10,10,0.0207,0.9793,0.9504,0.9229,0.8947,0.8603,0.8122,0.76,0.7081,0.6447,0.571,0.4959,0.4268,0.37,0.3164,0.2645,0.2276,0.1866,0.1391,0.1126,0.0896,614c522d#phase10c,stat_grid:pmf_sim_v1+role_aware_pmf_cal_v1:rotation+monotone_pit_cdf_v1,phase8_role_aware_pmf_cal_v1+monotone_inactive_global_v1,rotation,projected_minutes,high,22.5514,21.9169,10.2327,21.9169,31.3872,8.3936,0.05,0.8866,0.1937,rotation,True,current_market_line,True,espnbet,espnbet,player_pts_over_under,9.5,9.5,0.571,-165.0,125.0,0.5835,0.4165,0.429,-133.0,133.0,-0.0125,-0.0125,0.0125,2026-05-24T16:09:59.066825Z,full,provisional,lineup_unconfirmed,fallback_used,projected,derived_from_projected_minutes,ok,finals_pending,current_phase8,ok,0.0,projected,not_available_yet,bdl_lineup_freshness_manifest,bdl_plus_nba_official,2026-05-24T16:10:20Z
morning,2026-05-24T16:11:10Z,2026-05-24,21713531,89,Alex Caruso,OKC,SAS,False,pts,"{""0"": 0.02071105966457961, ""1"": 0.02891802139397485, ""2"": 0.027442000603367503, ""3"": 0.028183255084191155, ""4"": 0.03443135296025314, ""5"": 0.04811075694549687, ""6"": 0.052248320012034374, ""7"": 0.051880837264255665, ""8"": 0.06335048170366216, ""9"": 0.07373326214396789, ""10"": 0.07512091875916921, ""11"": 0.06902449739849091, ""12"": 0.05687079648541953, ""13"": 0.05362408812647723, ""14"": 0.051841186933273484, ""15"": 0.03693276883040645, ""16"": 0.040987764445130456, ""17"": 0.04746448213157448, ""18"": 0.02655998430197507, ""19"": 0.022999403894719755, ""20"": 0.0196707438958606, ""21"": 0.014644647039563903, ""22"": 0.008816696002113626, ""23"": 0.014730124005215443, ""24"": 0.012388134907819348, ""25"": 0.008340333015477595, ""26"": 0.0026483791893939716, ""27"": 0.0026623269923101702, ""28"": 0.001351396724185393, ""29"": 0.000725831036594114, ""30"": 0.0004889581856661697, ""31"": 0.0001189465591152507, ""32"": 0.0008212777444496837, ""33"": 0.00018540053840388854, ""34"": 8.423984060757133e-05, ""35"": 0.0004687706095444195, ""36"": 0.0001477312440757387, ""37"": 0.0006428045507261649, ""38"": 0.0003754306907647823, ""39"": 9.136766676797718e-05, ""40"": 4.455290470277827e-05, ""41"": 9.119645994055859e-301, ""42"": 4.221809138200642e-05, ""43"": 8.621386419056342e-301, ""44"": 8.363780681074729e-301, ""45"": 3.851367187623408e-05, ""46"": 7.836201685142005e-301, ""47"": 3.593581096360056e-05, ""48"": 7.298122238364598e-301, ""49"": 7.027322047798874e-301, ""50"": 6.756460158380037e-301, ""51"": 6.486332733835378e-301, ""52"": 6.217701463226268e-301, ""53"": 5.951290479703699e-301, ""54"": 5.687783679232041e-301, ""55"": 5.427822446243948e-301, ""56"": 5.17200378872909e-301, ""57"": 4.920878880977662e-301, ""58"": 4.674952008120695e-301, ""59"": 4.434679902750664e-301, ""60"": 4.2004714604181634e-301, ""61"": 3.9726878175532285e-301, ""62"": 3.751642772524089e-301, ""63"": 3.5376035280548126e-301, ""64"": 3.3307917311138844e-301, ""65"": 3.1313847846861934e-301, ""66"": 2.939517404516196e-301, ""67"": 2.7552833929815907e-301, ""68"": 2.578737601693131e-301, ""69"": 2.409898054238985e-301, ""70"": 2.248748200625791e-301, ""71"": 2.0952392754514937e-301, ""72"": 1.949292732593377e-301, ""73"": 1.8108027302355096e-301, ""74"": 1.6796386413054852e-301, ""75"": 1.55564756586635e-301, ""76"": 1.4386568236214858e-301, ""77"": 1.3284764064724316e-301, ""78"": 1.2249013729274594e-301, ""79"": 1.1277141681007025e-301, ""80"": 1.036686855023307e-301}",11.0044,11.0044,10,10,0.0207,0.9793,0.9504,0.9229,0.8947,0.8603,0.8122,0.76,0.7081,0.6447,0.571,0.4959,0.4268,0.37,0.3164,0.2645,0.2276,0.1866,0.1391,0.1126,0.0896,614c522d#phase10c,stat_grid:pmf_sim_v1+role_aware_pmf_cal_v1:rotation+monotone_pit_cdf_v1,phase8_role_aware_pmf_cal_v1+monotone_inactive_global_v1,rotation,projected_minutes,high,22.5514,21.9169,10.2327,21.9169,31.3872,8.3936,0.05,0.8866,0.1937,rotation,True,current_market_line,True,espnbet,espnbet,player_pts_over_under,11.5,11.5,0.4268,100.0,-130.0,0.4694,0.5306,0.5732,134.0,-134.0,-0.0425,-0.0425,0.0425,2026-05-24T16:09:59.066825Z,full,provisional,lineup_unconfirmed,fallback_used,projected,derived_from_projected_minutes,ok,finals_pending,current_phase8,ok,0.0,projected,not_available_yet,bdl_lineup_freshness_manifest,bdl_plus_nba_official,2026-05-24T16:10:20Z
morning,2026-05-24T16:11:10Z,2026-05-24,21713531,89,Alex Caruso,OKC,SAS,False,pts,"{""0"": 0.02071105966457961, ""1"": 0.02891802139397485, ""2"": 0.027442000603367503, ""3"": 0.028183255084191155, ""4"": 0.03443135296025314, ""5"": 0.04811075694549687, ""6"": 0.052248320012034374, ""7"": 0.051880837264255665, ""8"": 0.06335048170366216, ""9"": 0.07373326214396789, ""10"": 0.07512091875916921, ""11"": 0.06902449739849091, ""12"": 0.05687079648541953, ""13"": 0.05362408812647723, ""14"": 0.051841186933273484, ""15"": 0.03693276883040645, ""16"": 0.040987764445130456, ""17"": 0.04746448213157448, ""18"": 0.02655998430197507, ""19"": 0.022999403894719755, ""20"": 0.0196707438958606, ""21"": 0.014644647039563903, ""22"": 0.008816696002113626, ""23"": 0.014730124005215443, ""24"": 0.012388134907819348, ""25"": 0.008340333015477595, ""26"": 0.0026483791893939716, ""27"": 0.0026623269923101702, ""28"": 0.001351396724185393, ""29"": 0.000725831036594114, ""30"": 0.0004889581856661697, ""31"": 0.0001189465591152507, ""32"": 0.0008212777444496837, ""33"": 0.00018540053840388854, ""34"": 8.423984060757133e-05, ""35"": 0.0004687706095444195, ""36"": 0.0001477312440757387, ""37"": 0.0006428045507261649, ""38"": 0.0003754306907647823, ""39"": 9.136766676797718e-05, ""40"": 4.455290470277827e-05, ""41"": 9.119645994055859e-301, ""42"": 4.221809138200642e-05, ""43"": 8.621386419056342e-301, ""44"": 8.363780681074729e-301, ""45"": 3.851367187623408e-05, ""46"": 7.836201685142005e-301, ""47"": 3.593581096360056e-05, ""48"": 7.298122238364598e-301, ""49"": 7.027322047798874e-301, ""50"": 6.756460158380037e-301, ""51"": 6.486332733835378e-301, ""52"": 6.217701463226268e-301, ""53"": 5.951290479703699e-301, ""54"": 5.687783679232041e-301, ""55"": 5.427822446243948e-301, ""56"": 5.17200378872909e-301, ""57"": 4.920878880977662e-301, ""58"": 4.674952008120695e-301, ""59"": 4.434679902750664e-301, ""60"": 4.2004714604181634e-301, ""61"": 3.9726878175532285e-301, ""62"": 3.751642772524089e-301, ""63"": 3.5376035280548126e-301, ""64"": 3.3307917311138844e-301, ""65"": 3.1313847846861934e-301, ""66"": 2.939517404516196e-301, ""67"": 2.7552833929815907e-301, ""68"": 2.578737601693131e-301, ""69"": 2.409898054238985e-301, ""70"": 2.248748200625791e-301, ""71"": 2.0952392754514937e-301, ""72"": 1.949292732593377e-301, ""73"": 1.8108027302355096e-301, ""74"": 1.6796386413054852e-301, ""75"": 1.55564756586635e-301, ""76"": 1.4386568236214858e-301, ""77"": 1.3284764064724316e-301, ""78"": 1.2249013729274594e-301, ""79"": 1.1277141681007025e-301, ""80"": 1.036686855023307e-301}",11.0044,11.0044,10,10,0.0207,0.9793,0.9504,0.9229,0.8947,0.8603,0.8122,0.76,0.7081,0.6447,0.571,0.4959,0.4268,0.37,0.3164,0.2645,0.2276,0.1866,0.1391,0.1126,0.0896,614c522d#phase10c,stat_grid:pmf_sim_v1+role_aware_pmf_cal_v1:rotation+monotone_pit_cdf_v1,phase8_role_aware_pmf_cal_v1+monotone_inactive_global_v1,rotation,projected_minutes,high,22.5514,21.9169,10.2327,21.9169,31.3872,8.3936,0.05,0.8866,0.1937,rotation,True,current_market_line,True,hardrockbet_az,hardrockbet_az,player_pts_over_under,11.5,11.5,0.4268,-105.0,-125.0,0.4797,0.5203,0.5732,134.0,-134.0,-0.0529,-0.0529,0.0529,2026-05-24T16:09:59.066825Z,full,provisional,lineup_unconfirmed,fallback_used,projected,derived_from_projected_minutes,ok,finals_pending,current_phase8,ok,0.0,projected,not_available_yet,bdl_lineup_freshness_manifest,bdl_plus_nba_official,2026-05-24T16:10:20Z
morning,2026-05-24T16:11:10Z,2026-05-24,21713531,89,Alex Caruso,OKC,SAS,False,pts,"{""0"": 0.02071105966457961, ""1"": 0.02891802139397485, ""2"": 0.027442000603367503, ""3"": 0.028183255084191155, ""4"": 0.03443135296025314, ""5"": 0.04811075694549687, ""6"": 0.052248320012034374, ""7"": 0.051880837264255665, ""8"": 0.06335048170366216, ""9"": 0.07373326214396789, ""10"": 0.07512091875916921, ""11"": 0.06902449739849091, ""12"": 0.05687079648541953, ""13"": 0.05362408812647723, ""14"": 0.051841186933273484, ""15"": 0.03693276883040645, ""16"": 0.040987764445130456, ""17"": 0.04746448213157448, ""18"": 0.02655998430197507, ""19"": 0.022999403894719755, ""20"": 0.0196707438958606, ""21"": 0.014644647039563903, ""22"": 0.008816696002113626, ""23"": 0.014730124005215443, ""24"": 0.012388134907819348, ""25"": 0.008340333015477595, ""26"": 0.0026483791893939716, ""27"": 0.0026623269923101702, ""28"": 0.001351396724185393, ""29"": 0.000725831036594114, ""30"": 0.0004889581856661697, ""31"": 0.0001189465591152507, ""32"": 0.0008212777444496837, ""33"": 0.00018540053840388854, ""34"": 8.423984060757133e-05, ""35"": 0.0004687706095444195, ""36"": 0.0001477312440757387, ""37"": 0.0006428045507261649, ""38"": 0.0003754306907647823, ""39"": 9.136766676797718e-05, ""40"": 4.455290470277827e-05, ""41"": 9.119645994055859e-301, ""42"": 4.221809138200642e-05, ""43"": 8.621386419056342e-301, ""44"": 8.363780681074729e-301, ""45"": 3.851367187623408e-05, ""46"": 7.836201685142005e-301, ""47"": 3.593581096360056e-05, ""48"": 7.298122238364598e-301, ""49"": 7.027322047798874e-301, ""50"": 6.756460158380037e-301, ""51"": 6.486332733835378e-301, ""52"": 6.217701463226268e-301, ""53"": 5.951290479703699e-301, ""54"": 5.687783679232041e-301, ""55"": 5.427822446243948e-301, ""56"": 5.17200378872909e-301, ""57"": 4.920878880977662e-301, ""58"": 4.674952008120695e-301, ""59"": 4.434679902750664e-301, ""60"": 4.2004714604181634e-301, ""61"": 3.9726878175532285e-301, ""62"": 3.751642772524089e-301, ""63"": 3.5376035280548126e-301, ""64"": 3.3307917311138844e-301, ""65"": 3.1313847846861934e-301, ""66"": 2.939517404516196e-301, ""67"": 2.7552833929815907e-301, ""68"": 2.578737601693131e-301, ""69"": 2.409898054238985e-301, ""70"": 2.248748200625791e-301, ""71"": 2.0952392754514937e-301, ""72"": 1.949292732593377e-301, ""73"": 1.8108027302355096e-301, ""74"": 1.6796386413054852e-301, ""75"": 1.55564756586635e-301, ""76"": 1.4386568236214858e-301, ""77"": 1.3284764064724316e-301, ""78"": 1.2249013729274594e-301, ""79"": 1.1277141681007025e-301, ""80"": 1.036686855023307e-301}",11.0044,11.0044,10,10,0.0207,0.9793,0.9504,0.9229,0.8947,0.8603,0.8122,0.76,0.7081,0.6447,0.571,0.4959,0.4268,0.37,0.3164,0.2645,0.2276,0.1866,0.1391,0.1126,0.0896,614c522d#phase10c,stat_grid:pmf_sim_v1+role_aware_pmf_cal_v1:rotation+monotone_pit_cdf_v1,phase8_role_aware_pmf_cal_v1+monotone_inactive_global_v1,rotation,projected_minutes,high,22.5514,21.9169,10.2327,21.9169,31.3872,8.3936,0.05,0.8866,0.1937,rotation,True,current_market_line,True,hardrockbet,hardrockbet,player_pts_over_under,11.5,11.5,0.4268,-105.0,-125.0,0.4797,0.5203,0.5732,134.0,-134.0,-0.0529,-0.0529,0.0529,2026-05-24T16:09:59.066825Z,full,provisional,lineup_unconfirmed,fallback_used,projected,derived_from_projected_minutes,ok,finals_pending,current_phase8,ok,0.0,projected,not_available_yet,bdl_lineup_freshness_manifest,bdl_plus_nba_official,2026-05-24T16:10:20Z
morning,2026-05-24T16:11:10Z,2026-05-24,21713531,89,Alex Caruso,OKC,SAS,False,reb,"{""0"": 0.030128240199892194, ""1"": 0.05604081952724875, ""2"": 0.10828448343679435, ""3"": 0.20007222782619566, ""4"": 0.22852895831669112, ""5"": 0.1773353715825009, ""6"": 0.11568111951221975, ""7"": 0.05800319387957386, ""8"": 0.019617340907174503, ""9"": 0.0048046713824524585, ""10"": 0.0010258068601811578, ""11"": 0.0003538421429016409, ""12"": 9.867674868977119e-05, ""13"": 2.3093360154514055e-05, ""14"": 1.6248561554899274e-06, ""15"": 4.066123061526115e-07, ""16"": 6.925012538778197e-08, ""17"": 2.1305812076688304e-08, ""18"": 2.20736109306471e-09, ""19"": 3.008556917819723e-08, ""20"": 2.962310889884834e-305, ""21"": 7.017054055977981e-306, ""22"": 1.5165310313029842e-306, ""23"": 2.9903365735956173e-307, ""24"": 5.37973812923413e-308, ""25"": 8.830280336501887e-309, ""26"": 1.32239177402655e-309, ""27"": 1.80683326975743e-310, ""28"": 2.252414479939e-311, ""29"": 2.56183311136e-312, ""30"": 2.6584325793e-313}",3.9896,3.9896,4,4,0.0301,0.9699,0.9138,0.8055,0.6055,0.3769,0.1996,0.0839,0.0259,0.0063,0.0015,0.0005,0.0001,0.0,0.0,0.0,0.0,0.0,0.0,0.0,0.0,614c522d#phase10c,stat_grid:pmf_sim_v1+role_aware_pmf_cal_v1:rotation+monotone_pit_cdf_v1,phase8_role_aware_pmf_cal_v1+monotone_inactive_global_v1,rotation,projected_minutes,high,22.5514,21.9169,10.2327,21.9169,31.3872,8.3936,0.05,0.8866,0.1937,rotation,True,current_market_line,True,williamhill_us,williamhill_us,player_reb_over_under,3.5,3.5,0.6055,-102.0,-132.0,0.4702,0.5298,0.3945,-153.0,153.0,0.1353,0.1353,-0.1353,2026-05-24T16:09:59.066825Z,full,provisional,lineup_unconfirmed,fallback_used,projected,derived_from_projected_minutes,ok,finals_pending,current_phase8,ok,0.0,projected,not_available_yet,bdl_lineup_freshness_manifest,bdl_plus_nba_official,2026-05-24T16:10:20Z
morning,2026-05-24T16:11:10Z,2026-05-24,21713531,89,Alex Caruso,OKC,SAS,False,reb,"{""0"": 0.030128240199892194, ""1"": 0.05604081952724875, ""2"": 0.10828448343679435, ""3"": 0.20007222782619566, ""4"": 0.22852895831669112, ""5"": 0.1773353715825009, ""6"": 0.11568111951221975, ""7"": 0.05800319387957386, ""8"": 0.019617340907174503, ""9"": 0.0048046713824524585, ""10"": 0.0010258068601811578, ""11"": 0.0003538421429016409, ""12"": 9.867674868977119e-05, ""13"": 2.3093360154514055e-05, ""14"": 1.6248561554899274e-06, ""15"": 4.066123061526115e-07, ""16"": 6.925012538778197e-08, ""17"": 2.1305812076688304e-08, ""18"": 2.20736109306471e-09, ""19"": 3.008556917819723e-08, ""20"": 2.962310889884834e-305, ""21"": 7.017054055977981e-306, ""22"": 1.5165310313029842e-306, ""23"": 2.9903365735956173e-307, ""24"": 5.37973812923413e-308, ""25"": 8.830280336501887e-309, ""26"": 1.32239177402655e-309, ""27"": 1.80683326975743e-310, ""28"": 2.252414479939e-311, ""29"": 2.56183311136e-312, ""30"": 2.6584325793e-313}",3.9896,3.9896,4,4,0.0301,0.9699,0.9138,0.8055,0.6055,0.3769,0.1996,0.0839,0.0259,0.0063,0.0015,0.0005,0.0001,0.0,0.0,0.0,0.0,0.0,0.0,0.0,0.0,614c522d#phase10c,stat_grid:pmf_sim_v1+role_aware_pmf_cal_v1:rotation+monotone_pit_cdf_v1,phase8_role_aware_pmf_cal_v1+monotone_inactive_global_v1,rotation,projected_minutes,high,22.5514,21.9169,10.2327,21.9169,31.3872,8.3936,0.05,0.8866,0.1937,rotation,True,current_market_line,True,bovada,bovada,player_reb_over_under,3.5,3.5,0.6055,100.0,-130.0,0.4694,0.5306,0.3945,-153.0,153.0,0.1361,0.1361,-0.1361,2026-05-24T16:09:59.066825Z,full,provisional,lineup_unconfirmed,fallback_used,projected,derived_from_projected_minutes,ok,finals_pending,current_phase8,ok,0.0,projected,not_available_yet,bdl_lineup_freshness_manifest,bdl_plus_nba_official,2026-05-24T16:10:20Z
morning,2026-05-24T16:11:10Z,2026-05-24,21713531,89,Alex Caruso,OKC,SAS,False,reb,"{""0"": 0.030128240199892194, ""1"": 0.05604081952724875, ""2"": 0.10828448343679435, ""3"": 0.20007222782619566, ""4"": 0.22852895831669112, ""5"": 0.1773353715825009, ""6"": 0.11568111951221975, ""7"": 0.05800319387957386, ""8"": 0.019617340907174503, ""9"": 0.0048046713824524585, ""10"": 0.0010258068601811578, ""11"": 0.0003538421429016409, ""12"": 9.867674868977119e-05, ""13"": 2.3093360154514055e-05, ""14"": 1.6248561554899274e-06, ""15"": 4.066123061526115e-07, ""16"": 6.925012538778197e-08, ""17"": 2.1305812076688304e-08, ""18"": 2.20736109306471e-09, ""19"": 3.008556917819723e-08, ""20"": 2.962310889884834e-305, ""21"": 7.017054055977981e-306, ""22"": 1.5165310313029842e-306, ""23"": 2.9903365735956173e-307, ""24"": 5.37973812923413e-308, ""25"": 8.830280336501887e-309, ""26"": 1.32239177402655e-309, ""27"": 1.80683326975743e-310, ""28"": 2.252414479939e-311, ""29"": 2.56183311136e-312, ""30"": 2.6584325793e-313}",3.9896,3.9896,4,4,0.0301,0.9699,0.9138,0.8055,0.6055,0.3769,0.1996,0.0839,0.0259,0.0063,0.0015,0.0005,0.0001,0.0,0.0,0.0,0.0,0.0,0.0,0.0,0.0,614c522d#phase10c,stat_grid:pmf_sim_v1+role_aware_pmf_cal_v1:rotation+monotone_pit_cdf_v1,phase8_role_aware_pmf_cal_v1+monotone_inactive_global_v1,rotation,projected_minutes,high,22.5514,21.9169,10.2327,21.9169,31.3872,8.3936,0.05,0.8866,0.1937,rotation,True,current_market_line,True,bovada,bovada,player_reb_over_under,4.5,4.5,0.3769,205.0,-280.0,0.3079,0.6921,0.6231,165.0,-165.0,0.069,0.069,-0.069,2026-05-24T16:09:59.066825Z,full,provisional,lineup_unconfirmed,fallback_used,projected,derived_from_projected_minutes,ok,finals_pending,current_phase8,ok,0.0,projected,not_available_yet,bdl_lineup_freshness_manifest,bdl_plus_nba_official,2026-05-24T16:10:20Z
morning,2026-05-24T16:11:10Z,2026-05-24,21713531,89,Alex Caruso,OKC,SAS,False,reb,"{""0"": 0.030128240199892194, ""1"": 0.05604081952724875, ""2"": 0.10828448343679435, ""3"": 0.20007222782619566, ""4"": 0.22852895831669112, ""5"": 0.1773353715825009, ""6"": 0.11568111951221975, ""7"": 0.05800319387957386, ""8"": 0.019617340907174503, ""9"": 0.0048046713824524585, ""10"": 0.0010258068601811578, ""11"": 0.0003538421429016409, ""12"": 9.867674868977119e-05, ""13"": 2.3093360154514055e-05, ""14"": 1.6248561554899274e-06, ""15"": 4.066123061526115e-07, ""16"": 6.925012538778197e-08, ""17"": 2.1305812076688304e-08, ""18"": 2.20736109306471e-09, ""19"": 3.008556917819723e-08, ""20"": 2.962310889884834e-305, ""21"": 7.017054055977981e-306, ""22"": 1.5165310313029842e-306, ""23"": 2.9903365735956173e-307, ""24"": 5.37973812923413e-308, ""25"": 8.830280336501887e-309, ""26"": 1.32239177402655e-309, ""27"": 1.80683326975743e-310, ""28"": 2.252414479939e-311, ""29"": 2.56183311136e-312, ""30"": 2.6584325793e-313}",3.9896,3.9896,4,4,0.0301,0.9699,0.9138,0.8055,0.6055,0.3769,0.1996,0.0839,0.0259,0.0063,0.0015,0.0005,0.0001,0.0,0.0,0.0,0.0,0.0,0.0,0.0,0.0,614c522d#phase10c,stat_grid:pmf_sim_v1+role_aware_pmf_cal_v1:rotation+monotone_pit_cdf_v1,phase8_role_aware_pmf_cal_v1+monotone_inactive_global_v1,rotation,projected_minutes,high,22.5514,21.9169,10.2327,21.9169,31.3872,8.3936,0.05,0.8866,0.1937,rotation,True,current_market_line,True,bovada,bovada,player_reb_over_under,2.5,2.5,0.8055,-230.0,170.0,0.653,0.347,0.1945,-414.0,414.0,0.1525,0.1525,-0.1525,2026-05-24T16:09:59.066825Z,full,provisional,lineup_unconfirmed,fallback_used,projected,derived_from_projected_minutes,ok,finals_pending,current_phase8,ok,0.0,projected,not_available_yet,bdl_lineup_freshness_manifest,bdl_plus_nba_official,2026-05-24T16:10:20Z
morning,2026-05-24T16:11:10Z,2026-05-24,21713531,89,Alex Caruso,OKC,SAS,False,reb,"{""0"": 0.030128240199892194, ""1"": 0.05604081952724875, ""2"": 0.10828448343679435, ""3"": 0.20007222782619566, ""4"": 0.22852895831669112, ""5"": 0.1773353715825009, ""6"": 0.11568111951221975, ""7"": 0.05800319387957386, ""8"": 0.019617340907174503, ""9"": 0.0048046713824524585, ""10"": 0.0010258068601811578, ""11"": 0.0003538421429016409, ""12"": 9.867674868977119e-05, ""13"": 2.3093360154514055e-05, ""14"": 1.6248561554899274e-06, ""15"": 4.066123061526115e-07, ""16"": 6.925012538778197e-08, ""17"": 2.1305812076688304e-08, ""18"": 2.20736109306471e-09, ""19"": 3.008556917819723e-08, ""20"": 2.962310889884834e-305, ""21"": 7.017054055977981e-306, ""22"": 1.5165310313029842e-306, ""23"": 2.9903365735956173e-307, ""24"": 5.37973812923413e-308, ""25"": 8.830280336501887e-309, ""26"": 1.32239177402655e-309, ""27"": 1.80683326975743e-310, ""28"": 2.252414479939e-311, ""29"": 2.56183311136e-312, ""30"": 2.6584325793e-313}",3.9896,3.9896,4,4,0.0301,0.9699,0.9138,0.8055,0.6055,0.3769,0.1996,0.0839,0.0259,0.0063,0.0015,0.0005,0.0001,0.0,0.0,0.0,0.0,0.0,0.0,0.0,0.0,614c522d#phase10c,stat_grid:pmf_sim_v1+role_aware_pmf_cal_v1:rotation+monotone_pit_cdf_v1,phase8_role_aware_pmf_cal_v1+monotone_inactive_global_v1,rotation,projected_minutes,high,22.5514,21.9169,10.2327,21.9169,31.3872,8.3936,0.05,0.8866,0.1937,rotation,True,current_market_line,True,betonlineag,betonlineag,player_reb_over_under,3.5,3.5,0.6055,-101.0,-128.0,0.4723,0.5277,0.3945,-153.0,153.0,0.1332,0.1332,-0.1332,2026-05-24T16:09:59.066825Z,full,provisional,lineup_unconfirmed,fallback_used,projected,derived_from_projected_minutes,ok,finals_pending,current_phase8,ok,0.0,projected,not_available_yet,bdl_lineup_freshness_manifest,bdl_plus_nba_official,2026-05-24T16:10:20Z
morning,2026-05-24T16:11:10Z,2026-05-24,21713531,89,Alex Caruso,OKC,SAS,False,reb,"{""0"": 0.030128240199892194, ""1"": 0.05604081952724875, ""2"": 0.10828448343679435, ""3"": 0.20007222782619566, ""4"": 0.22852895831669112, ""5"": 0.1773353715825009, ""6"": 0.11568111951221975, ""7"": 0.05800319387957386, ""8"": 0.019617340907174503, ""9"": 0.0048046713824524585, ""10"": 0.0010258068601811578, ""11"": 0.0003538421429016409, ""12"": 9.867674868977119e-05, ""13"": 2.3093360154514055e-05, ""14"": 1.6248561554899274e-06, ""15"": 4.066123061526115e-07, ""16"": 6.925012538778197e-08, ""17"": 2.1305812076688304e-08, ""18"": 2.20736109306471e-09, ""19"": 3.008556917819723e-08, ""20"": 2.962310889884834e-305, ""21"": 7.017054055977981e-306, ""22"": 1.5165310313029842e-306, ""23"": 2.9903365735956173e-307, ""24"": 5.37973812923413e-308, ""25"": 8.830280336501887e-309, ""26"": 1.32239177402655e-309, ""27"": 1.80683326975743e-310, ""28"": 2.252414479939e-311, ""29"": 2.56183311136e-312, ""30"": 2.6584325793e-313}",3.9896,3.9896,4,4,0.0301,0.9699,0.9138,0.8055,0.6055,0.3769,0.1996,0.0839,0.0259,0.0063,0.0015,0.0005,0.0001,0.0,0.0,0.0,0.0,0.0,0.0,0.0,0.0,614c522d#phase10c,stat_grid:pmf_sim_v1+role_aware_pmf_cal_v1:rotation+monotone_pit_cdf_v1,phase8_role_aware_pmf_cal_v1+monotone_inactive_global_v1,rotation,projected_minutes,high,22.5514,21.9169,10.2327,21.9169,31.3872,8.3936,0.05,0.8866,0.1937,rotation,True,current_market_line,True,betmgm,betmgm,player_reb_over_under,3.5,3.5,0.6055,-110.0,-120.0,0.4899,0.5101,0.3945,-153.0,153.0,0.1156,0.1156,-0.1156,2026-05-24T16:09:59.066825Z,full,provisional,lineup_unconfirmed,fallback_used,projected,derived_from_projected_minutes,ok,finals_pending,current_phase8,ok,0.0,projected,not_available_yet,bdl_lineup_freshness_manifest,bdl_plus_nba_official,2026-05-24T16:10:20Z
morning,2026-05-24T16:11:10Z,2026-05-24,21713531,89,Alex Caruso,OKC,SAS,False,reb,"{""0"": 0.030128240199892194, ""1"": 0.05604081952724875, ""2"": 0.10828448343679435, ""3"": 0.20007222782619566, ""4"": 0.22852895831669112, ""5"": 0.1773353715825009, ""6"": 0.11568111951221975, ""7"": 0.05800319387957386, ""8"": 0.019617340907174503, ""9"": 0.0048046713824524585, ""10"": 0.0010258068601811578, ""11"": 0.0003538421429016409, ""12"": 9.867674868977119e-05, ""13"": 2.3093360154514055e-05, ""14"": 1.6248561554899274e-06, ""15"": 4.066123061526115e-07, ""16"": 6.925012538778197e-08, ""17"": 2.1305812076688304e-08, ""18"": 2.20736109306471e-09, ""19"": 3.008556917819723e-08, ""20"": 2.962310889884834e-305, ""21"": 7.017054055977981e-306, ""22"": 1.5165310313029842e-306, ""23"": 2.9903365735956173e-307, ""24"": 5.37973812923413e-308, ""25"": 8.830280336501887e-309, ""26"": 1.32239177402655e-309, ""27"": 1.80683326975743e-310, ""28"": 2.252414479939e-311, ""29"": 2.56183311136e-312, ""30"": 2.6584325793e-313}",3.9896,3.9896,4,4,0.0301,0.9699,0.9138,0.8055,0.6055,0.3769,0.1996,0.0839,0.0259,0.0063,0.0015,0.0005,0.0001,0.0,0.0,0.0,0.0,0.0,0.0,0.0,0.0,614c522d#phase10c,stat_grid:pmf_sim_v1+role_aware_pmf_cal_v1:rotation+monotone_pit_cdf_v1,phase8_role_aware_pmf_cal_v1+monotone_inactive_global_v1,rotation,projected_minutes,high,22.5514,21.9169,10.2327,21.9169,31.3872,8.3936,0.05,0.8866,0.1937,rotation,True,current_market_line,True,betrivers,betrivers,player_reb_over_under,3.5,3.5,0.6055,-113.0,-121.0,0.4921,0.5079,0.3945,-153.0,153.0,0.1134,0.1134,-0.1134,2026-05-24T16:09:59.066825Z,full,provisional,lineup_unconfirmed,fallback_used,projected,derived_from_projected_minutes,ok,finals_pending,current_phase8,ok,0.0,projected,not_available_yet,bdl_lineup_freshness_manifest,bdl_plus_nba_official,2026-05-24T16:10:20Z
morning,2026-05-24T16:11:10Z,2026-05-24,21713531,89,Alex Caruso,OKC,SAS,False,reb,"{""0"": 0.030128240199892194, ""1"": 0.05604081952724875, ""2"": 0.10828448343679435, ""3"": 0.20007222782619566, ""4"": 0.22852895831669112, ""5"": 0.1773353715825009, ""6"": 0.11568111951221975, ""7"": 0.05800319387957386, ""8"": 0.019617340907174503, ""9"": 0.0048046713824524585, ""10"": 0.0010258068601811578, ""11"": 0.0003538421429016409, ""12"": 9.867674868977119e-05, ""13"": 2.3093360154514055e-05, ""14"": 1.6248561554899274e-06, ""15"": 4.066123061526115e-07, ""16"": 6.925012538778197e-08, ""17"": 2.1305812076688304e-08, ""18"": 2.20736109306471e-09, ""19"": 3.008556917819723e-08, ""20"": 2.962310889884834e-305, ""21"": 7.017054055977981e-306, ""22"": 1.5165310313029842e-306, ""23"": 2.9903365735956173e-307, ""24"": 5.37973812923413e-308, ""25"": 8.830280336501887e-309, ""26"": 1.32239177402655e-309, ""27"": 1.80683326975743e-310, ""28"": 2.252414479939e-311, ""29"": 2.56183311136e-312, ""30"": 2.6584325793e-313}",3.9896,3.9896,4,4,0.0301,0.9699,0.9138,0.8055,0.6055,0.3769,0.1996,0.0839,0.0259,0.0063,0.0015,0.0005,0.0001,0.0,0.0,0.0,0.0,0.0,0.0,0.0,0.0,614c522d#phase10c,stat_grid:pmf_sim_v1+role_aware_pmf_cal_v1:rotation+monotone_pit_cdf_v1,phase8_role_aware_pmf_cal_v1+monotone_inactive_global_v1,rotation,projected_minutes,high,22.5514,21.9169,10.2327,21.9169,31.3872,8.3936,0.05,0.8866,0.1937,rotation,True,current_market_line,True,fanduel,fanduel,player_reb_over_under,3.5,3.5,0.6055,100.0,-132.0,0.4677,0.5323,0.3945,-153.0,153.0,0.1377,0.1377,-0.1377,2026-05-24T16:09:59.066825Z,full,provisional,lineup_unconfirmed,fallback_used,projected,derived_from_projected_minutes,ok,finals_pending,current_phase8,ok,0.0,projected,not_available_yet,bdl_lineup_freshness_manifest,bdl_plus_nba_official,2026-05-24T16:10:20Z
morning,2026-05-24T16:11:10Z,2026-05-24,21713531,89,Alex Caruso,OKC,SAS,False,reb,"{""0"": 0.030128240199892194, ""1"": 0.05604081952724875, ""2"": 0.10828448343679435, ""3"": 0.20007222782619566, ""4"": 0.22852895831669112, ""5"": 0.1773353715825009, ""6"": 0.11568111951221975, ""7"": 0.05800319387957386, ""8"": 0.019617340907174503, ""9"": 0.0048046713824524585, ""10"": 0.0010258068601811578, ""11"": 0.0003538421429016409, ""12"": 9.867674868977119e-05, ""13"": 2.3093360154514055e-05, ""14"": 1.6248561554899274e-06, ""15"": 4.066123061526115e-07, ""16"": 6.925012538778197e-08, ""17"": 2.1305812076688304e-08, ""18"": 2.20736109306471e-09, ""19"": 3.008556917819723e-08, ""20"": 2.962310889884834e-305, ""21"": 7.017054055977981e-306, ""22"": 1.5165310313029842e-306, ""23"": 2.9903365735956173e-307, ""24"": 5.37973812923413e-308, ""25"": 8.830280336501887e-309, ""26"": 1.32239177402655e-309, ""27"": 1.80683326975743e-310, ""28"": 2.252414479939e-311, ""29"": 2.56183311136e-312, ""30"": 2.6584325793e-313}",3.9896,3.9896,4,4,0.0301,0.9699,0.9138,0.8055,0.6055,0.3769,0.1996,0.0839,0.0259,0.0063,0.0015,0.0005,0.0001,0.0,0.0,0.0,0.0,0.0,0.0,0.0,0.0,614c522d#phase10c,stat_grid:pmf_sim_v1+role_aware_pmf_cal_v1:rotation+monotone_pit_cdf_v1,phase8_role_aware_pmf_cal_v1+monotone_inactive_global_v1,rotation,projected_minutes,high,22.5514,21.9169,10.2327,21.9169,31.3872,8.3936,0.05,0.8866,0.1937,rotation,True,current_market_line,True,fanduel,fanduel,player_reb_over_under,1.5,1.5,0.9138,-800.0,450.0,0.8302,0.1698,0.0862,-1061.0,1061.0,0.0836,0.0836,-0.0836,2026-05-24T16:09:59.066825Z,full,provisional,lineup_unconfirmed,fallback_used,projected,derived_from_projected_minutes,ok,finals_pending,current_phase8,ok,0.0,projected,not_available_yet,bdl_lineup_freshness_manifest,bdl_plus_nba_official,2026-05-24T16:10:20Z
morning,2026-05-24T16:11:10Z,2026-05-24,21713531,89,Alex Caruso,OKC,SAS,False,reb,"{""0"": 0.030128240199892194, ""1"": 0.05604081952724875, ""2"": 0.10828448343679435, ""3"": 0.20007222782619566, ""4"": 0.22852895831669112, ""5"": 0.1773353715825009, ""6"": 0.11568111951221975, ""7"": 0.05800319387957386, ""8"": 0.019617340907174503, ""9"": 0.0048046713824524585, ""10"": 0.0010258068601811578, ""11"": 0.0003538421429016409, ""12"": 9.867674868977119e-05, ""13"": 2.3093360154514055e-05, ""14"": 1.6248561554899274e-06, ""15"": 4.066123061526115e-07, ""16"": 6.925012538778197e-08, ""17"": 2.1305812076688304e-08, ""18"": 2.20736109306471e-09, ""19"": 3.008556917819723e-08, ""20"": 2.962310889884834e-305, ""21"": 7.017054055977981e-306, ""22"": 1.5165310313029842e-306, ""23"": 2.9903365735956173e-307, ""24"": 5.37973812923413e-308, ""25"": 8.830280336501887e-309, ""26"": 1.32239177402655e-309, ""27"": 1.80683326975743e-310, ""28"": 2.252414479939e-311, ""29"": 2.56183311136e-312, ""30"": 2.6584325793e-313}",3.9896,3.9896,4,4,0.0301,0.9699,0.9138,0.8055,0.6055,0.3769,0.1996,0.0839,0.0259,0.0063,0.0015,0.0005,0.0001,0.0,0.0,0.0,0.0,0.0,0.0,0.0,0.0,614c522d#phase10c,stat_grid:pmf_sim_v1+role_aware_pmf_cal_v1:rotation+monotone_pit_cdf_v1,phase8_role_aware_pmf_cal_v1+monotone_inactive_global_v1,rotation,projected_minutes,high,22.5514,21.9169,10.2327,21.9169,31.3872,8.3936,0.05,0.8866,0.1937,rotation,True,current_market_line,True,fanduel,fanduel,player_reb_over_under,2.5,2.5,0.8055,-245.0,178.0,0.6638,0.3362,0.1945,-414.0,414.0,0.1418,0.1418,-0.1418,2026-05-24T16:09:59.066825Z,full,provisional,lineup_unconfirmed,fallback_used,projected,derived_from_projected_minutes,ok,finals_pending,current_phase8,ok,0.0,projected,not_available_yet,bdl_lineup_freshness_manifest,bdl_plus_nba_official,2026-05-24T16:10:20Z
morning,2026-05-24T16:11:10Z,2026-05-24,21713531,89,Alex Caruso,OKC,SAS,False,reb,"{""0"": 0.030128240199892194, ""1"": 0.05604081952724875, ""2"": 0.10828448343679435, ""3"": 0.20007222782619566, ""4"": 0.22852895831669112, ""5"": 0.1773353715825009, ""6"": 0.11568111951221975, ""7"": 0.05800319387957386, ""8"": 0.019617340907174503, ""9"": 0.0048046713824524585, ""10"": 0.0010258068601811578, ""11"": 0.0003538421429016409, ""12"": 9.867674868977119e-05, ""13"": 2.3093360154514055e-05, ""14"": 1.6248561554899274e-06, ""15"": 4.066123061526115e-07, ""16"": 6.925012538778197e-08, ""17"": 2.1305812076688304e-08, ""18"": 2.20736109306471e-09, ""19"": 3.008556917819723e-08, ""20"": 2.962310889884834e-305, ""21"": 7.017054055977981e-306, ""22"": 1.5165310313029842e-306, ""23"": 2.9903365735956173e-307, ""24"": 5.37973812923413e-308, ""25"": 8.830280336501887e-309, ""26"": 1.32239177402655e-309, ""27"": 1.80683326975743e-310, ""28"": 2.252414479939e-311, ""29"": 2.56183311136e-312, ""30"": 2.6584325793e-313}",3.9896,3.9896,4,4,0.0301,0.9699,0.9138,0.8055,0.6055,0.3769,0.1996,0.0839,0.0259,0.0063,0.0015,0.0005,0.0001,0.0,0.0,0.0,0.0,0.0,0.0,0.0,0.0,614c522d#phase10c,stat_grid:pmf_sim_v1+role_aware_pmf_cal_v1:rotation+monotone_pit_cdf_v1,phase8_role_aware_pmf_cal_v1+monotone_inactive_global_v1,rotation,projected_minutes,high,22.5514,21.9169,10.2327,21.9169,31.3872,8.3936,0.05,0.8866,0.1937,rotation,True,current_market_line,True,fanduel,fanduel,player_reb_over_under,4.5,4.5,0.3769,220.0,-310.0,0.2924,0.7076,0.6231,165.0,-165.0,0.0845,0.0845,-0.0845,2026-05-24T16:09:59.066825Z,full,provisional,lineup_unconfirmed,fallback_used,projected,derived_from_projected_minutes,ok,finals_pending,current_phase8,ok,0.0,projected,not_available_yet,bdl_lineup_freshness_manifest,bdl_plus_nba_official,2026-05-24T16:10:20Z
morning,2026-05-24T16:11:10Z,2026-05-24,21713531,89,Alex Caruso,OKC,SAS,False,reb,"{""0"": 0.030128240199892194, ""1"": 0.05604081952724875, ""2"": 0.10828448343679435, ""3"": 0.20007222782619566, ""4"": 0.22852895831669112, ""5"": 0.1773353715825009, ""6"": 0.11568111951221975, ""7"": 0.05800319387957386, ""8"": 0.019617340907174503, ""9"": 0.0048046713824524585, ""10"": 0.0010258068601811578, ""11"": 0.0003538421429016409, ""12"": 9.867674868977119e-05, ""13"": 2.3093360154514055e-05, ""14"": 1.6248561554899274e-06, ""15"": 4.066123061526115e-07, ""16"": 6.925012538778197e-08, ""17"": 2.1305812076688304e-08, ""18"": 2.20736109306471e-09, ""19"": 3.008556917819723e-08, ""20"": 2.962310889884834e-305, ""21"": 7.017054055977981e-306, ""22"": 1.5165310313029842e-306, ""23"": 2.9903365735956173e-307, ""24"": 5.37973812923413e-308, ""25"": 8.830280336501887e-309, ""26"": 1.32239177402655e-309, ""27"": 1.80683326975743e-310, ""28"": 2.252414479939e-311, ""29"": 2.56183311136e-312, ""30"": 2.6584325793e-313}",3.9896,3.9896,4,4,0.0301,0.9699,0.9138,0.8055,0.6055,0.3769,0.1996,0.0839,0.0259,0.0063,0.0015,0.0005,0.0001,0.0,0.0,0.0,0.0,0.0,0.0,0.0,0.0,614c522d#phase10c,stat_grid:pmf_sim_v1+role_aware_pmf_cal_v1:rotation+monotone_pit_cdf_v1,phase8_role_aware_pmf_cal_v1+monotone_inactive_global_v1,rotation,projected_minutes,high,22.5514,21.9169,10.2327,21.9169,31.3872,8.3936,0.05,0.8866,0.1937,rotation,True,current_market_line,True,fanduel,fanduel,player_reb_over_under,5.5,5.5,0.1996,410.0,-700.0,0.1831,0.8169,0.8004,401.0,-401.0,0.0165,0.0165,-0.0165,2026-05-24T16:09:59.066825Z,full,provisional,lineup_unconfirmed,fallback_used,projected,derived_from_projected_minutes,ok,finals_pending,current_phase8,ok,0.0,projected,not_available_yet,bdl_lineup_freshness_manifest,bdl_plus_nba_official,2026-05-24T16:10:20Z
morning,2026-05-24T16:11:10Z,2026-05-24,21713531,89,Alex Caruso,OKC,SAS,False,reb,"{""0"": 0.030128240199892194, ""1"": 0.05604081952724875, ""2"": 0.10828448343679435, ""3"": 0.20007222782619566, ""4"": 0.22852895831669112, ""5"": 0.1773353715825009, ""6"": 0.11568111951221975, ""7"": 0.05800319387957386, ""8"": 0.019617340907174503, ""9"": 0.0048046713824524585, ""10"": 0.0010258068601811578, ""11"": 0.0003538421429016409, ""12"": 9.867674868977119e-05, ""13"": 2.3093360154514055e-05, ""14"": 1.6248561554899274e-06, ""15"": 4.066123061526115e-07, ""16"": 6.925012538778197e-08, ""17"": 2.1305812076688304e-08, ""18"": 2.20736109306471e-09, ""19"": 3.008556917819723e-08, ""20"": 2.962310889884834e-305, ""21"": 7.017054055977981e-306, ""22"": 1.5165310313029842e-306, ""23"": 2.9903365735956173e-307, ""24"": 5.37973812923413e-308, ""25"": 8.830280336501887e-309, ""26"": 1.32239177402655e-309, ""27"": 1.80683326975743e-310, ""28"": 2.252414479939e-311, ""29"": 2.56183311136e-312, ""30"": 2.6584325793e-313}",3.9896,3.9896,4,4,0.0301,0.9699,0.9138,0.8055,0.6055,0.3769,0.1996,0.0839,0.0259,0.0063,0.0015,0.0005,0.0001,0.0,0.0,0.0,0.0,0.0,0.0,0.0,0.0,614c522d#phase10c,stat_grid:pmf_sim_v1+role_aware_pmf_cal_v1:rotation+monotone_pit_cdf_v1,phase8_role_aware_pmf_cal_v1+monotone_inactive_global_v1,rotation,projected_minutes,high,22.5514,21.9169,10.2327,21.9169,31.3872,8.3936,0.05,0.8866,0.1937,rotation,True,current_market_line,True,draftkings,draftkings,player_reb_over_under,3.5,3.5,0.6055,100.0,-132.0,0.4677,0.5323,0.3945,-153.0,153.0,0.1377,0.1377,-0.1377,2026-05-24T16:09:59.066825Z,full,provisional,lineup_unconfirmed,fallback_used,projected,derived_from_projected_minutes,ok,finals_pending,current_phase8,ok,0.0,projected,not_available_yet,bdl_lineup_freshness_manifest,bdl_plus_nba_official,2026-05-24T16:10:20Z
morning,2026-05-24T16:11:10Z,2026-05-24,21713531,89,Alex Caruso,OKC,SAS,False,reb,"{""0"": 0.030128240199892194, ""1"": 0.05604081952724875, ""2"": 0.10828448343679435, ""3"": 0.20007222782619566, ""4"": 0.22852895831669112, ""5"": 0.1773353715825009, ""6"": 0.11568111951221975, ""7"": 0.05800319387957386, ""8"": 0.019617340907174503, ""9"": 0.0048046713824524585, ""10"": 0.0010258068601811578, ""11"": 0.0003538421429016409, ""12"": 9.867674868977119e-05, ""13"": 2.3093360154514055e-05, ""14"": 1.6248561554899274e-06, ""15"": 4.066123061526115e-07, ""16"": 6.925012538778197e-08, ""17"": 2.1305812076688304e-08, ""18"": 2.20736109306471e-09, ""19"": 3.008556917819723e-08, ""20"": 2.962310889884834e-305, ""21"": 7.017054055977981e-306, ""22"": 1.5165310313029842e-306, ""23"": 2.9903365735956173e-307, ""24"": 5.37973812923413e-308, ""25"": 8.830280336501887e-309, ""26"": 1.32239177402655e-309, ""27"": 1.80683326975743e-310, ""28"": 2.252414479939e-311, ""29"": 2.56183311136e-312, ""30"": 2.6584325793e-313}",3.9896,3.9896,4,4,0.0301,0.9699,0.9138,0.8055,0.6055,0.3769,0.1996,0.0839,0.0259,0.0063,0.0015,0.0005,0.0001,0.0,0.0,0.0,0.0,0.0,0.0,0.0,0.0,614c522d#phase10c,stat_grid:pmf_sim_v1+role_aware_pmf_cal_v1:rotation+monotone_pit_cdf_v1,phase8_role_aware_pmf_cal_v1+monotone_inactive_global_v1,rotation,projected_minutes,high,22.5514,21.9169,10.2327,21.9169,31.3872,8.3936,0.05,0.8866,0.1937,rotation,True,current_market_line,True,hardrockbet_fl,hardrockbet_fl,player_reb_over_under,3.5,3.5,0.6055,100.0,-130.0,0.4694,0.5306,0.3945,-153.0,153.0,0.1361,0.1361,-0.1361,2026-05-24T16:09:59.066825Z,full,provisional,lineup_unconfirmed,fallback_used,projected,derived_from_projected_minutes,ok,finals_pending,current_phase8,ok,0.0,projected,not_available_yet,bdl_lineup_freshness_manifest,bdl_plus_nba_official,2026-05-24T16:10:20Z
morning,2026-05-24T16:11:10Z,2026-05-24,21713531,89,Alex Caruso,OKC,SAS,False,reb,"{""0"": 0.030128240199892194, ""1"": 0.05604081952724875, ""2"": 0.10828448343679435, ""3"": 0.20007222782619566, ""4"": 0.22852895831669112, ""5"": 0.1773353715825009, ""6"": 0.11568111951221975, ""7"": 0.05800319387957386, ""8"": 0.019617340907174503, ""9"": 0.0048046713824524585, ""10"": 0.0010258068601811578, ""11"": 0.0003538421429016409, ""12"": 9.867674868977119e-05, ""13"": 2.3093360154514055e-05, ""14"": 1.6248561554899274e-06, ""15"": 4.066123061526115e-07, ""16"": 6.925012538778197e-08, ""17"": 2.1305812076688304e-08, ""18"": 2.20736109306471e-09, ""19"": 3.008556917819723e-08, ""20"": 2.962310889884834e-305, ""21"": 7.017054055977981e-306, ""22"": 1.5165310313029842e-306, ""23"": 2.9903365735956173e-307, ""24"": 5.37973812923413e-308, ""25"": 8.830280336501887e-309, ""26"": 1.32239177402655e-309, ""27"": 1.80683326975743e-310, ""28"": 2.252414479939e-311, ""29"": 2.56183311136e-312, ""30"": 2.6584325793e-313}",3.9896,3.9896,4,4,0.0301,0.9699,0.9138,0.8055,0.6055,0.3769,0.1996,0.0839,0.0259,0.0063,0.0015,0.0005,0.0001,0.0,0.0,0.0,0.0,0.0,0.0,0.0,0.0,614c522d#phase10c,stat_grid:pmf_sim_v1+role_aware_pmf_cal_v1:rotation+monotone_pit_cdf_v1,phase8_role_aware_pmf_cal_v1+monotone_inactive_global_v1,rotation,projected_minutes,high,22.5514,21.9169,10.2327,21.9169,31.3872,8.3936,0.05,0.8866,0.1937,rotation,True,current_market_line,True,espnbet,espnbet,player_reb_over_under,4.5,4.5,0.3769,190.0,-260.0,0.3232,0.6768,0.6231,165.0,-165.0,0.0538,0.0538,-0.0538,2026-05-24T16:09:59.066825Z,full,provisional,lineup_unconfirmed,fallback_used,projected,derived_from_projected_minutes,ok,finals_pending,current_phase8,ok,0.0,projected,not_available_yet,bdl_lineup_freshness_manifest,bdl_plus_nba_official,2026-05-24T16:10:20Z
morning,2026-05-24T16:11:10Z,2026-05-24,21713531,89,Alex Caruso,OKC,SAS,False,reb,"{""0"": 0.030128240199892194, ""1"": 0.05604081952724875, ""2"": 0.10828448343679435, ""3"": 0.20007222782619566, ""4"": 0.22852895831669112, ""5"": 0.1773353715825009, ""6"": 0.11568111951221975, ""7"": 0.05800319387957386, ""8"": 0.019617340907174503, ""9"": 0.0048046713824524585, ""10"": 0.0010258068601811578, ""11"": 0.0003538421429016409, ""12"": 9.867674868977119e-05, ""13"": 2.3093360154514055e-05, ""14"": 1.6248561554899274e-06, ""15"": 4.066123061526115e-07, ""16"": 6.925012538778197e-08, ""17"": 2.1305812076688304e-08, ""18"": 2.20736109306471e-09, ""19"": 3.008556917819723e-08, ""20"": 2.962310889884834e-305, ""21"": 7.017054055977981e-306, ""22"": 1.5165310313029842e-306, ""23"": 2.9903365735956173e-307, ""24"": 5.37973812923413e-308, ""25"": 8.830280336501887e-309, ""26"": 1.32239177402655e-309, ""27"": 1.80683326975743e-310, ""28"": 2.252414479939e-311, ""29"": 2.56183311136e-312, ""30"": 2.6584325793e-313}",3.9896,3.9896,4,4,0.0301,0.9699,0.9138,0.8055,0.6055,0.3769,0.1996,0.0839,0.0259,0.0063,0.0015,0.0005,0.0001,0.0,0.0,0.0,0.0,0.0,0.0,0.0,0.0,614c522d#phase10c,stat_grid:pmf_sim_v1+role_aware_pmf_cal_v1:rotation+monotone_pit_cdf_v1,phase8_role_aware_pmf_cal_v1+monotone_inactive_global_v1,rotation,projected_minutes,high,22.5514,21.9169,10.2327,21.9169,31.3872,8.3936,0.05,0.8866,0.1937,rotation,True,current_market_line,True,espnbet,espnbet,player_reb_over_under,3.5,3.5,0.6055,100.0,-130.0,0.4694,0.5306,0.3945,-153.0,153.0,0.1361,0.1361,-0.1361,2026-05-24T16:09:59.066825Z,full,provisional,lineup_unconfirmed,fallback_used,projected,derived_from_projected_minutes,ok,finals_pending,current_phase8,ok,0.0,projected,not_available_yet,bdl_lineup_freshness_manifest,bdl_plus_nba_official,2026-05-24T16:10:20Z
morning,2026-05-24T16:11:10Z,2026-05-24,21713531,89,Alex Caruso,OKC,SAS,False,reb,"{""0"": 0.030128240199892194, ""1"": 0.05604081952724875, ""2"": 0.10828448343679435, ""3"": 0.20007222782619566, ""4"": 0.22852895831669112, ""5"": 0.1773353715825009, ""6"": 0.11568111951221975, ""7"": 0.05800319387957386, ""8"": 0.019617340907174503, ""9"": 0.0048046713824524585, ""10"": 0.0010258068601811578, ""11"": 0.0003538421429016409, ""12"": 9.867674868977119e-05, ""13"": 2.3093360154514055e-05, ""14"": 1.6248561554899274e-06, ""15"": 4.066123061526115e-07, ""16"": 6.925012538778197e-08, ""17"": 2.1305812076688304e-08, ""18"": 2.20736109306471e-09, ""19"": 3.008556917819723e-08, ""20"": 2.962310889884834e-305, ""21"": 7.017054055977981e-306, ""22"": 1.5165310313029842e-306, ""23"": 2.9903365735956173e-307, ""24"": 5.37973812923413e-308, ""25"": 8.830280336501887e-309, ""26"": 1.32239177402655e-309, ""27"": 1.80683326975743e-310, ""28"": 2.252414479939e-311, ""29"": 2.56183311136e-312, ""30"": 2.6584325793e-313}",3.9896,3.9896,4,4,0.0301,0.9699,0.9138,0.8055,0.6055,0.3769,0.1996,0.0839,0.0259,0.0063,0.0015,0.0005,0.0001,0.0,0.0,0.0,0.0,0.0,0.0,0.0,0.0,614c522d#phase10c,stat_grid:pmf_sim_v1+role_aware_pmf_cal_v1:rotation+monotone_pit_cdf_v1,phase8_role_aware_pmf_cal_v1+monotone_inactive_global_v1,rotation,projected_minutes,high,22.5514,21.9169,10.2327,21.9169,31.3872,8.3936,0.05,0.8866,0.1937,rotation,True,current_market_line,True,espnbet,espnbet,player_reb_over_under,2.5,2.5,0.8055,-250.0,180.0,0.6667,0.3333,0.1945,-414.0,414.0,0.1389,0.1389,-0.1389,2026-05-24T16:09:59.066825Z,full,provisional,lineup_unconfirmed,fallback_used,projected,derived_from_projected_minutes,ok,finals_pending,current_phase8,ok,0.0,projected,not_available_yet,bdl_lineup_freshness_manifest,bdl_plus_nba_official,2026-05-24T16:10:20Z
morning,2026-05-24T16:11:10Z,2026-05-24,21713531,89,Alex Caruso,OKC,SAS,False,reb,"{""0"": 0.030128240199892194, ""1"": 0.05604081952724875, ""2"": 0.10828448343679435, ""3"": 0.20007222782619566, ""4"": 0.22852895831669112, ""5"": 0.1773353715825009, ""6"": 0.11568111951221975, ""7"": 0.05800319387957386, ""8"": 0.019617340907174503, ""9"": 0.0048046713824524585, ""10"": 0.0010258068601811578, ""11"": 0.0003538421429016409, ""12"": 9.867674868977119e-05, ""13"": 2.3093360154514055e-05, ""14"": 1.6248561554899274e-06, ""15"": 4.066123061526115e-07, ""16"": 6.925012538778197e-08, ""17"": 2.1305812076688304e-08, ""18"": 2.20736109306471e-09, ""19"": 3.008556917819723e-08, ""20"": 2.962310889884834e-305, ""21"": 7.017054055977981e-306, ""22"": 1.5165310313029842e-306, ""23"": 2.9903365735956173e-307, ""24"": 5.37973812923413e-308, ""25"": 8.830280336501887e-309, ""26"": 1.32239177402655e-309, ""27"": 1.80683326975743e-310, ""28"": 2.252414479939e-311, ""29"": 2.56183311136e-312, ""30"": 2.6584325793e-313}",3.9896,3.9896,4,4,0.0301,0.9699,0.9138,0.8055,0.6055,0.3769,0.1996,0.0839,0.0259,0.0063,0.0015,0.0005,0.0001,0.0,0.0,0.0,0.0,0.0,0.0,0.0,0.0,614c522d#phase10c,stat_grid:pmf_sim_v1+role_aware_pmf_cal_v1:rotation+monotone_pit_cdf_v1,phase8_role_aware_pmf_cal_v1+monotone_inactive_global_v1,rotation,projected_minutes,high,22.5514,21.9169,10.2327,21.9169,31.3872,8.3936,0.05,0.8866,0.1937,rotation,True,current_market_line,True,betparx,betparx,player_reb_over_under,3.5,3.5,0.6055,-110.0,-121.0,0.4889,0.5111,0.3945,-153.0,153.0,0.1165,0.1165,-0.1165,2026-05-24T16:09:59.066825Z,full,provisional,lineup_unconfirmed,fallback_used,projected,derived_from_projected_minutes,ok,finals_pending,current_phase8,ok,0.0,projected,not_available_yet,bdl_lineup_freshness_manifest,bdl_plus_nba_official,2026-05-24T16:10:20Z
morning,2026-05-24T16:11:10Z,2026-05-24,21713531,89,Alex Caruso,OKC,SAS,False,reb,"{""0"": 0.030128240199892194, ""1"": 0.05604081952724875, ""2"": 0.10828448343679435, ""3"": 0.20007222782619566, ""4"": 0.22852895831669112, ""5"": 0.1773353715825009, ""6"": 0.11568111951221975, ""7"": 0.05800319387957386, ""8"": 0.019617340907174503, ""9"": 0.0048046713824524585, ""10"": 0.0010258068601811578, ""11"": 0.0003538421429016409, ""12"": 9.867674868977119e-05, ""13"": 2.3093360154514055e-05, ""14"": 1.6248561554899274e-06, ""15"": 4.066123061526115e-07, ""16"": 6.925012538778197e-08, ""17"": 2.1305812076688304e-08, ""18"": 2.20736109306471e-09, ""19"": 3.008556917819723e-08, ""20"": 2.962310889884834e-305, ""21"": 7.017054055977981e-306, ""22"": 1.5165310313029842e-306, ""23"": 2.9903365735956173e-307, ""24"": 5.37973812923413e-308, ""25"": 8.830280336501887e-309, ""26"": 1.32239177402655e-309, ""27"": 1.80683326975743e-310, ""28"": 2.252414479939e-311, ""29"": 2.56183311136e-312, ""30"": 2.6584325793e-313}",3.9896,3.9896,4,4,0.0301,0.9699,0.9138,0.8055,0.6055,0.3769,0.1996,0.0839,0.0259,0.0063,0.0015,0.0005,0.0001,0.0,0.0,0.0,0.0,0.0,0.0,0.0,0.0,614c522d#phase10c,stat_grid:pmf_sim_v1+role_aware_pmf_cal_v1:rotation+monotone_pit_cdf_v1,phase8_role_aware_pmf_cal_v1+monotone_inactive_global_v1,rotation,projected_minutes,high,22.5514,21.9169,10.2327,21.9169,31.3872,8.3936,0.05,0.8866,0.1937,rotation,True,current_market_line,True,hardrockbet_az,hardrockbet_az,player_reb_over_under,3.5,3.5,0.6055,100.0,-130.0,0.4694,0.5306,0.3945,-153.0,153.0,0.1361,0.1361,-0.1361,2026-05-24T16:09:59.066825Z,full,provisional,lineup_unconfirmed,fallback_used,projected,derived_from_projected_minutes,ok,finals_pending,current_phase8,ok,0.0,projected,not_available_yet,bdl_lineup_freshness_manifest,bdl_plus_nba_official,2026-05-24T16:10:20Z
morning,2026-05-24T16:11:10Z,2026-05-24,21713531,89,Alex Caruso,OKC,SAS,False,reb,"{""0"": 0.030128240199892194, ""1"": 0.05604081952724875, ""2"": 0.10828448343679435, ""3"": 0.20007222782619566, ""4"": 0.22852895831669112, ""5"": 0.1773353715825009, ""6"": 0.11568111951221975, ""7"": 0.05800319387957386, ""8"": 0.019617340907174503, ""9"": 0.0048046713824524585, ""10"": 0.0010258068601811578, ""11"": 0.0003538421429016409, ""12"": 9.867674868977119e-05, ""13"": 2.3093360154514055e-05, ""14"": 1.6248561554899274e-06, ""15"": 4.066123061526115e-07, ""16"": 6.925012538778197e-08, ""17"": 2.1305812076688304e-08, ""18"": 2.20736109306471e-09, ""19"": 3.008556917819723e-08, ""20"": 2.962310889884834e-305, ""21"": 7.017054055977981e-306, ""22"": 1.5165310313029842e-306, ""23"": 2.9903365735956173e-307, ""24"": 5.37973812923413e-308, ""25"": 8.830280336501887e-309, ""26"": 1.32239177402655e-309, ""27"": 1.80683326975743e-310, ""28"": 2.252414479939e-311, ""29"": 2.56183311136e-312, ""30"": 2.6584325793e-313}",3.9896,3.9896,4,4,0.0301,0.9699,0.9138,0.8055,0.6055,0.3769,0.1996,0.0839,0.0259,0.0063,0.0015,0.0005,0.0001,0.0,0.0,0.0,0.0,0.0,0.0,0.0,0.0,614c522d#phase10c,stat_grid:pmf_sim_v1+role_aware_pmf_cal_v1:rotation+monotone_pit_cdf_v1,phase8_role_aware_pmf_cal_v1+monotone_inactive_global_v1,rotation,projected_minutes,high,22.5514,21.9169,10.2327,21.9169,31.3872,8.3936,0.05,0.8866,0.1937,rotation,True,current_market_line,True,fliff,fliff,player_reb_over_under,3.5,3.5,0.6055,100.0,-145.0,0.4579,0.5421,0.3945,-153.0,153.0,0.1475,0.1475,-0.1475,2026-05-24T16:09:59.066825Z,full,provisional,lineup_unconfirmed,fallback_used,projected,derived_from_projected_minutes,ok,finals_pending,current_phase8,ok,0.0,projected,not_available_yet,bdl_lineup_freshness_manifest,bdl_plus_nba_official,2026-05-24T16:10:20Z
morning,2026-05-24T16:11:10Z,2026-05-24,21713531,89,Alex Caruso,OKC,SAS,False,reb,"{""0"": 0.030128240199892194, ""1"": 0.05604081952724875, ""2"": 0.10828448343679435, ""3"": 0.20007222782619566, ""4"": 0.22852895831669112, ""5"": 0.1773353715825009, ""6"": 0.11568111951221975, ""7"": 0.05800319387957386, ""8"": 0.019617340907174503, ""9"": 0.0048046713824524585, ""10"": 0.0010258068601811578, ""11"": 0.0003538421429016409, ""12"": 9.867674868977119e-05, ""13"": 2.3093360154514055e-05, ""14"": 1.6248561554899274e-06, ""15"": 4.066123061526115e-07, ""16"": 6.925012538778197e-08, ""17"": 2.1305812076688304e-08, ""18"": 2.20736109306471e-09, ""19"": 3.008556917819723e-08, ""20"": 2.962310889884834e-305, ""21"": 7.017054055977981e-306, ""22"": 1.5165310313029842e-306, ""23"": 2.9903365735956173e-307, ""24"": 5.37973812923413e-308, ""25"": 8.830280336501887e-309, ""26"": 1.32239177402655e-309, ""27"": 1.80683326975743e-310, ""28"": 2.252414479939e-311, ""29"": 2.56183311136e-312, ""30"": 2.6584325793e-313}",3.9896,3.9896,4,4,0.0301,0.9699,0.9138,0.8055,0.6055,0.3769,0.1996,0.0839,0.0259,0.0063,0.0015,0.0005,0.0001,0.0,0.0,0.0,0.0,0.0,0.0,0.0,0.0,614c522d#phase10c,stat_grid:pmf_sim_v1+role_aware_pmf_cal_v1:rotation+monotone_pit_cdf_v1,phase8_role_aware_pmf_cal_v1+monotone_inactive_global_v1,rotation,projected_minutes,high,22.5514,21.9169,10.2327,21.9169,31.3872,8.3936,0.05,0.8866,0.1937,rotation,True,current_market_line,True,hardrockbet,hardrockbet,player_reb_over_under,3.5,3.5,0.6055,100.0,-130.0,0.4694,0.5306,0.3945,-153.0,153.0,0.1361,0.1361,-0.1361,2026-05-24T16:09:59.066825Z,full,provisional,lineup_unconfirmed,fallback_used,projected,derived_from_projected_minutes,ok,finals_pending,current_phase8,ok,0.0,projected,not_available_yet,bdl_lineup_freshness_manifest,bdl_plus_nba_official,2026-05-24T16:10:20Z
morning,2026-05-24T16:11:10Z,2026-05-24,21713531,89,Alex Caruso,OKC,SAS,False,ast,"{""0"": 0.1592185376095389, ""1"": 0.14295799387375574, ""2"": 0.262369396332207, ""3"": 0.24165299127221068, ""4"": 0.12047356073148165, ""5"": 0.048067348113784485, ""6"": 0.0178240344184409, ""7"": 0.005574043384337072, ""8"": 0.0016195908294803388, ""9"": 0.00010569871857890381, ""10"": 8.670790735470398e-05, ""11"": 2.9274570433965144e-05, ""12"": 1.0344017820783589e-05, ""13"": 8.8009147947067e-06, ""14"": 1.2983205726238129e-06, ""15"": 3.3769618234130127e-07, ""16"": 3.5957355253357626e-08, ""17"": 1.4301233958882398e-303, ""18"": 5.312106801897296e-09, ""19"": 1.8417411092908514e-304, ""20"": 5.957556641591241e-305, ""21"": 1.7982462087165161e-305, ""22"": 5.064907307327492e-306, ""23"": 1.3311752224315203e-306, ""24"": 3.264677786021398e-307, ""25"": 1.9563075893788452e-11}",2.2762,2.2762,2,2,0.1592,0.8408,0.6978,0.4355,0.1938,0.0733,0.0253,0.0074,0.0019,0.0002,0.0001,0.0001,0.0,0.0,0.0,0.0,0.0,0.0,0.0,0.0,0.0,614c522d#phase10c,stat_grid:pmf_sim_v1+role_aware_pmf_cal_v1:rotation+monotone_pit_cdf_v1,phase8_role_aware_pmf_cal_v1+monotone_inactive_global_v1,rotation,projected_minutes,high,22.5514,21.9169,10.2327,21.9169,31.3872,8.3936,0.05,0.8866,0.1937,rotation,True,current_market_line,True,betmgm,betmgm,player_ast_over_under,2.5,2.5,0.4355,130.0,-175.0,0.4059,0.5941,0.5645,130.0,-130.0,0.0296,0.0296,-0.0296,2026-05-24T16:09:59.066825Z,full,provisional,lineup_unconfirmed,fallback_used,projected,derived_from_projected_minutes,ok,finals_pending,current_phase8,ok,0.0,projected,not_available_yet,bdl_lineup_freshness_manifest,bdl_plus_nba_official,2026-05-24T16:10:20Z
morning,2026-05-24T16:11:10Z,2026-05-24,21713531,89,Alex Caruso,OKC,SAS,False,ast,"{""0"": 0.1592185376095389, ""1"": 0.14295799387375574, ""2"": 0.262369396332207, ""3"": 0.24165299127221068, ""4"": 0.12047356073148165, ""5"": 0.048067348113784485, ""6"": 0.0178240344184409, ""7"": 0.005574043384337072, ""8"": 0.0016195908294803388, ""9"": 0.00010569871857890381, ""10"": 8.670790735470398e-05, ""11"": 2.9274570433965144e-05, ""12"": 1.0344017820783589e-05, ""13"": 8.8009147947067e-06, ""14"": 1.2983205726238129e-06, ""15"": 3.3769618234130127e-07, ""16"": 3.5957355253357626e-08, ""17"": 1.4301233958882398e-303, ""18"": 5.312106801897296e-09, ""19"": 1.8417411092908514e-304, ""20"": 5.957556641591241e-305, ""21"": 1.7982462087165161e-305, ""22"": 5.064907307327492e-306, ""23"": 1.3311752224315203e-306, ""24"": 3.264677786021398e-307, ""25"": 1.9563075893788452e-11}",2.2762,2.2762,2,2,0.1592,0.8408,0.6978,0.4355,0.1938,0.0733,0.0253,0.0074,0.0019,0.0002,0.0001,0.0001,0.0,0.0,0.0,0.0,0.0,0.0,0.0,0.0,0.0,614c522d#phase10c,stat_grid:pmf_sim_v1+role_aware_pmf_cal_v1:rotation+monotone_pit_cdf_v1,phase8_role_aware_pmf_cal_v1+monotone_inactive_global_v1,rotation,projected_minutes,high,22.5514,21.9169,10.2327,21.9169,31.3872,8.3936,0.05,0.8866,0.1937,rotation,True,current_market_line,True,draftkings,draftkings,player_ast_over_under,2.5,2.5,0.4355,133.0,-176.0,0.4023,0.5977,0.5645,130.0,-130.0,0.0332,0.0332,-0.0332,2026-05-24T16:09:59.066825Z,full,provisional,lineup_unconfirmed,fallback_used,projected,derived_from_projected_minutes,ok,finals_pending,current_phase8,ok,0.0,projected,not_available_yet,bdl_lineup_freshness_manifest,bdl_plus_nba_official,2026-05-24T16:10:20Z
morning,2026-05-24T16:11:10Z,2026-05-24,21713531,89,Alex Caruso,OKC,SAS,False,ast,"{""0"": 0.1592185376095389, ""1"": 0.14295799387375574, ""2"": 0.262369396332207, ""3"": 0.24165299127221068, ""4"": 0.12047356073148165, ""5"": 0.048067348113784485, ""6"": 0.0178240344184409, ""7"": 0.005574043384337072, ""8"": 0.0016195908294803388, ""9"": 0.00010569871857890381, ""10"": 8.670790735470398e-05, ""11"": 2.9274570433965144e-05, ""12"": 1.0344017820783589e-05, ""13"": 8.8009147947067e-06, ""14"": 1.2983205726238129e-06, ""15"": 3.3769618234130127e-07, ""16"": 3.5957355253357626e-08, ""17"": 1.4301233958882398e-303, ""18"": 5.312106801897296e-09, ""19"": 1.8417411092908514e-304, ""20"": 5.957556641591241e-305, ""21"": 1.7982462087165161e-305, ""22"": 5.064907307327492e-306, ""23"": 1.3311752224315203e-306, ""24"": 3.264677786021398e-307, ""25"": 1.9563075893788452e-11}",2.2762,2.2762,2,2,0.1592,0.8408,0.6978,0.4355,0.1938,0.0733,0.0253,0.0074,0.0019,0.0002,0.0001,0.0001,0.0,0.0,0.0,0.0,0.0,0.0,0.0,0.0,0.0,614c522d#phase10c,stat_grid:pmf_sim_v1+role_aware_pmf_cal_v1:rotation+monotone_pit_cdf_v1,phase8_role_aware_pmf_cal_v1+monotone_inactive_global_v1,rotation,projected_minutes,high,22.5514,21.9169,10.2327,21.9169,31.3872,8.3936,0.05,0.8866,0.1937,rotation,True,current_market_line,True,betonlineag,betonlineag,player_ast_over_under,2.5,2.5,0.4355,136.0,-179.0,0.3978,0.6022,0.5645,130.0,-130.0,0.0377,0.0377,-0.0377,2026-05-24T16:09:59.066825Z,full,provisional,lineup_unconfirmed,fallback_used,projected,derived_from_projected_minutes,ok,finals_pending,current_phase8,ok,0.0,projected,not_available_yet,bdl_lineup_freshness_manifest,bdl_plus_nba_official,2026-05-24T16:10:20Z
morning,2026-05-24T16:11:10Z,2026-05-24,21713531,89,Alex Caruso,OKC,SAS,False,ast,"{""0"": 0.1592185376095389, ""1"": 0.14295799387375574, ""2"": 0.262369396332207, ""3"": 0.24165299127221068, ""4"": 0.12047356073148165, ""5"": 0.048067348113784485, ""6"": 0.0178240344184409, ""7"": 0.005574043384337072, ""8"": 0.0016195908294803388, ""9"": 0.00010569871857890381, ""10"": 8.670790735470398e-05, ""11"": 2.9274570433965144e-05, ""12"": 1.0344017820783589e-05, ""13"": 8.8009147947067e-06, ""14"": 1.2983205726238129e-06, ""15"": 3.3769618234130127e-07, ""16"": 3.5957355253357626e-08, ""17"": 1.4301233958882398e-303, ""18"": 5.312106801897296e-09, ""19"": 1.8417411092908514e-304, ""20"": 5.957556641591241e-305, ""21"": 1.7982462087165161e-305, ""22"": 5.064907307327492e-306, ""23"": 1.3311752224315203e-306, ""24"": 3.264677786021398e-307, ""25"": 1.9563075893788452e-11}",2.2762,2.2762,2,2,0.1592,0.8408,0.6978,0.4355,0.1938,0.0733,0.0253,0.0074,0.0019,0.0002,0.0001,0.0001,0.0,0.0,0.0,0.0,0.0,0.0,0.0,0.0,0.0,614c522d#phase10c,stat_grid:pmf_sim_v1+role_aware_pmf_cal_v1:rotation+monotone_pit_cdf_v1,phase8_role_aware_pmf_cal_v1+monotone_inactive_global_v1,rotation,projected_minutes,high,22.5514,21.9169,10.2327,21.9169,31.3872,8.3936,0.05,0.8866,0.1937,rotation,True,current_market_line,True,betrivers,betrivers,player_ast_over_under,2.5,2.5,0.4355,148.0,-210.0,0.3731,0.6269,0.5645,130.0,-130.0,0.0623,0.0623,-0.0623,2026-05-24T16:09:59.066825Z,full,provisional,lineup_unconfirmed,fallback_used,projected,derived_from_projected_minutes,ok,finals_pending,current_phase8,ok,0.0,projected,not_available_yet,bdl_lineup_freshness_manifest,bdl_plus_nba_official,2026-05-24T16:10:20Z
morning,2026-05-24T16:11:10Z,2026-05-24,21713531,89,Alex Caruso,OKC,SAS,False,ast,"{""0"": 0.1592185376095389, ""1"": 0.14295799387375574, ""2"": 0.262369396332207, ""3"": 0.24165299127221068, ""4"": 0.12047356073148165, ""5"": 0.048067348113784485, ""6"": 0.0178240344184409, ""7"": 0.005574043384337072, ""8"": 0.0016195908294803388, ""9"": 0.00010569871857890381, ""10"": 8.670790735470398e-05, ""11"": 2.9274570433965144e-05, ""12"": 1.0344017820783589e-05, ""13"": 8.8009147947067e-06, ""14"": 1.2983205726238129e-06, ""15"": 3.3769618234130127e-07, ""16"": 3.5957355253357626e-08, ""17"": 1.4301233958882398e-303, ""18"": 5.312106801897296e-09, ""19"": 1.8417411092908514e-304, ""20"": 5.957556641591241e-305, ""21"": 1.7982462087165161e-305, ""22"": 5.064907307327492e-306, ""23"": 1.3311752224315203e-306, ""24"": 3.264677786021398e-307, ""25"": 1.9563075893788452e-11}",2.2762,2.2762,2,2,0.1592,0.8408,0.6978,0.4355,0.1938,0.0733,0.0253,0.0074,0.0019,0.0002,0.0001,0.0001,0.0,0.0,0.0,0.0,0.0,0.0,0.0,0.0,0.0,614c522d#phase10c,stat_grid:pmf_sim_v1+role_aware_pmf_cal_v1:rotation+monotone_pit_cdf_v1,phase8_role_aware_pmf_cal_v1+monotone_inactive_global_v1,rotation,projected_minutes,high,22.5514,21.9169,10.2327,21.9169,31.3872,8.3936,0.05,0.8866,0.1937,rotation,True,current_market_line,True,bovada,bovada,player_ast_over_under,2.5,2.5,0.4355,135.0,-180.0,0.3983,0.6017,0.5645,130.0,-130.0,0.0372,0.0372,-0.0372,2026-05-24T16:09:59.066825Z,full,provisional,lineup_unconfirmed,fallback_used,projected,derived_from_projected_minutes,ok,finals_pending,current_phase8,ok,0.0,projected,not_available_yet,bdl_lineup_freshness_manifest,bdl_plus_nba_official,2026-05-24T16:10:20Z
morning,2026-05-24T16:11:10Z,2026-05-24,21713531,89,Alex Caruso,OKC,SAS,False,ast,"{""0"": 0.1592185376095389, ""1"": 0.14295799387375574, ""2"": 0.262369396332207, ""3"": 0.24165299127221068, ""4"": 0.12047356073148165, ""5"": 0.048067348113784485, ""6"": 0.0178240344184409, ""7"": 0.005574043384337072, ""8"": 0.0016195908294803388, ""9"": 0.00010569871857890381, ""10"": 8.670790735470398e-05, ""11"": 2.9274570433965144e-05, ""12"": 1.0344017820783589e-05, ""13"": 8.8009147947067e-06, ""14"": 1.2983205726238129e-06, ""15"": 3.3769618234130127e-07, ""16"": 3.5957355253357626e-08, ""17"": 1.4301233958882398e-303, ""18"": 5.312106801897296e-09, ""19"": 1.8417411092908514e-304, ""20"": 5.957556641591241e-305, ""21"": 1.7982462087165161e-305, ""22"": 5.064907307327492e-306, ""23"": 1.3311752224315203e-306, ""24"": 3.264677786021398e-307, ""25"": 1.9563075893788452e-11}",2.2762,2.2762,2,2,0.1592,0.8408,0.6978,0.4355,0.1938,0.0733,0.0253,0.0074,0.0019,0.0002,0.0001,0.0001,0.0,0.0,0.0,0.0,0.0,0.0,0.0,0.0,0.0,614c522d#phase10c,stat_grid:pmf_sim_v1+role_aware_pmf_cal_v1:rotation+monotone_pit_cdf_v1,phase8_role_aware_pmf_cal_v1+monotone_inactive_global_v1,rotation,projected_minutes,high,22.5514,21.9169,10.2327,21.9169,31.3872,8.3936,0.05,0.8866,0.1937,rotation,True,current_market_line,True,bovada,bovada,player_ast_over_under,1.5,1.5,0.6978,-220.0,165.0,0.6456,0.3544,0.3022,-231.0,231.0,0.0522,0.0522,-0.0522,2026-05-24T16:09:59.066825Z,full,provisional,lineup_unconfirmed,fallback_used,projected,derived_from_projected_minutes,ok,finals_pending,current_phase8,ok,0.0,projected,not_available_yet,bdl_lineup_freshness_manifest,bdl_plus_nba_official,2026-05-24T16:10:20Z
morning,2026-05-24T16:11:10Z,2026-05-24,21713531,89,Alex Caruso,OKC,SAS,False,ast,"{""0"": 0.1592185376095389, ""1"": 0.14295799387375574, ""2"": 0.262369396332207, ""3"": 0.24165299127221068, ""4"": 0.12047356073148165, ""5"": 0.048067348113784485, ""6"": 0.0178240344184409, ""7"": 0.005574043384337072, ""8"": 0.0016195908294803388, ""9"": 0.00010569871857890381, ""10"": 8.670790735470398e-05, ""11"": 2.9274570433965144e-05, ""12"": 1.0344017820783589e-05, ""13"": 8.8009147947067e-06, ""14"": 1.2983205726238129e-06, ""15"": 3.3769618234130127e-07, ""16"": 3.5957355253357626e-08, ""17"": 1.4301233958882398e-303, ""18"": 5.312106801897296e-09, ""19"": 1.8417411092908514e-304, ""20"": 5.957556641591241e-305, ""21"": 1.7982462087165161e-305, ""22"": 5.064907307327492e-306, ""23"": 1.3311752224315203e-306, ""24"": 3.264677786021398e-307, ""25"": 1.9563075893788452e-11}",2.2762,2.2762,2,2,0.1592,0.8408,0.6978,0.4355,0.1938,0.0733,0.0253,0.0074,0.0019,0.0002,0.0001,0.0001,0.0,0.0,0.0,0.0,0.0,0.0,0.0,0.0,0.0,614c522d#phase10c,stat_grid:pmf_sim_v1+role_aware_pmf_cal_v1:rotation+monotone_pit_cdf_v1,phase8_role_aware_pmf_cal_v1+monotone_inactive_global_v1,rotation,projected_minutes,high,22.5514,21.9169,10.2327,21.9169,31.3872,8.3936,0.05,0.8866,0.1937,rotation,True,current_market_line,True,fanduel,fanduel,player_ast_over_under,1.5,1.5,0.6978,-200.0,148.0,0.6231,0.3769,0.3022,-231.0,231.0,0.0747,0.0747,-0.0747,2026-05-24T16:09:59.066825Z,full,provisional,lineup_unconfirmed,fallback_used,projected,derived_from_projected_minutes,ok,finals_pending,current_phase8,ok,0.0,projected,not_available_yet,bdl_lineup_freshness_manifest,bdl_plus_nba_official,2026-05-24T16:10:20Z
morning,2026-05-24T16:11:10Z,2026-05-24,21713531,89,Alex Caruso,OKC,SAS,False,ast,"{""0"": 0.1592185376095389, ""1"": 0.14295799387375574, ""2"": 0.262369396332207, ""3"": 0.24165299127221068, ""4"": 0.12047356073148165, ""5"": 0.048067348113784485, ""6"": 0.0178240344184409, ""7"": 0.005574043384337072, ""8"": 0.0016195908294803388, ""9"": 0.00010569871857890381, ""10"": 8.670790735470398e-05, ""11"": 2.9274570433965144e-05, ""12"": 1.0344017820783589e-05, ""13"": 8.8009147947067e-06, ""14"": 1.2983205726238129e-06, ""15"": 3.3769618234130127e-07, ""16"": 3.5957355253357626e-08, ""17"": 1.4301233958882398e-303, ""18"": 5.312106801897296e-09, ""19"": 1.8417411092908514e-304, ""20"": 5.957556641591241e-305, ""21"": 1.7982462087165161e-305, ""22"": 5.064907307327492e-306, ""23"": 1.3311752224315203e-306, ""24"": 3.264677786021398e-307, ""25"": 1.9563075893788452e-11}",2.2762,2.2762,2,2,0.1592,0.8408,0.6978,0.4355,0.1938,0.0733,0.0253,0.0074,0.0019,0.0002,0.0001,0.0001,0.0,0.0,0.0,0.0,0.0,0.0,0.0,0.0,0.0,614c522d#phase10c,stat_grid:pmf_sim_v1+role_aware_pmf_cal_v1:rotation+monotone_pit_cdf_v1,phase8_role_aware_pmf_cal_v1+monotone_inactive_global_v1,rotation,projected_minutes,high,22.5514,21.9169,10.2327,21.9169,31.3872,8.3936,0.05,0.8866,0.1937,rotation,True,current_market_line,True,fanduel,fanduel,player_ast_over_under,2.5,2.5,0.4355,158.0,-215.0,0.3622,0.6378,0.5645,130.0,-130.0,0.0733,0.0733,-0.0733,2026-05-24T16:09:59.066825Z,full,provisional,lineup_unconfirmed,fallback_used,projected,derived_from_projected_minutes,ok,finals_pending,current_phase8,ok,0.0,projected,not_available_yet,bdl_lineup_freshness_manifest,bdl_plus_nba_official,2026-05-24T16:10:20Z
morning,2026-05-24T16:11:10Z,2026-05-24,21713531,89,Alex Caruso,OKC,SAS,False,ast,"{""0"": 0.1592185376095389, ""1"": 0.14295799387375574, ""2"": 0.262369396332207, ""3"": 0.24165299127221068, ""4"": 0.12047356073148165, ""5"": 0.048067348113784485, ""6"": 0.0178240344184409, ""7"": 0.005574043384337072, ""8"": 0.0016195908294803388, ""9"": 0.00010569871857890381, ""10"": 8.670790735470398e-05, ""11"": 2.9274570433965144e-05, ""12"": 1.0344017820783589e-05, ""13"": 8.8009147947067e-06, ""14"": 1.2983205726238129e-06, ""15"": 3.3769618234130127e-07, ""16"": 3.5957355253357626e-08, ""17"": 1.4301233958882398e-303, ""18"": 5.312106801897296e-09, ""19"": 1.8417411092908514e-304, ""20"": 5.957556641591241e-305, ""21"": 1.7982462087165161e-305, ""22"": 5.064907307327492e-306, ""23"": 1.3311752224315203e-306, ""24"": 3.264677786021398e-307, ""25"": 1.9563075893788452e-11}",2.2762,2.2762,2,2,0.1592,0.8408,0.6978,0.4355,0.1938,0.0733,0.0253,0.0074,0.0019,0.0002,0.0001,0.0001,0.0,0.0,0.0,0.0,0.0,0.0,0.0,0.0,0.0,614c522d#phase10c,stat_grid:pmf_sim_v1+role_aware_pmf_cal_v1:rotation+monotone_pit_cdf_v1,phase8_role_aware_pmf_cal_v1+monotone_inactive_global_v1,rotation,projected_minutes,high,22.5514,21.9169,10.2327,21.9169,31.3872,8.3936,0.05,0.8866,0.1937,rotation,True,current_market_line,True,fanduel,fanduel,player_ast_over_under,3.5,3.5,0.1938,390.0,-600.0,0.1923,0.8077,0.8062,416.0,-416.0,0.0015,0.0015,-0.0015,2026-05-24T16:09:59.066825Z,full,provisional,lineup_unconfirmed,fallback_used,projected,derived_from_projected_minutes,ok,finals_pending,current_phase8,ok,0.0,projected,not_available_yet,bdl_lineup_freshness_manifest,bdl_plus_nba_official,2026-05-24T16:10:20Z
morning,2026-05-24T16:11:10Z,2026-05-24,21713531,89,Alex Caruso,OKC,SAS,False,ast,"{""0"": 0.1592185376095389, ""1"": 0.14295799387375574, ""2"": 0.262369396332207, ""3"": 0.24165299127221068, ""4"": 0.12047356073148165, ""5"": 0.048067348113784485, ""6"": 0.0178240344184409, ""7"": 0.005574043384337072, ""8"": 0.0016195908294803388, ""9"": 0.00010569871857890381, ""10"": 8.670790735470398e-05, ""11"": 2.9274570433965144e-05, ""12"": 1.0344017820783589e-05, ""13"": 8.8009147947067e-06, ""14"": 1.2983205726238129e-06, ""15"": 3.3769618234130127e-07, ""16"": 3.5957355253357626e-08, ""17"": 1.4301233958882398e-303, ""18"": 5.312106801897296e-09, ""19"": 1.8417411092908514e-304, ""20"": 5.957556641591241e-305, ""21"": 1.7982462087165161e-305, ""22"": 5.064907307327492e-306, ""23"": 1.3311752224315203e-306, ""24"": 3.264677786021398e-307, ""25"": 1.9563075893788452e-11}",2.2762,2.2762,2,2,0.1592,0.8408,0.6978,0.4355,0.1938,0.0733,0.0253,0.0074,0.0019,0.0002,0.0001,0.0001,0.0,0.0,0.0,0.0,0.0,0.0,0.0,0.0,0.0,614c522d#phase10c,stat_grid:pmf_sim_v1+role_aware_pmf_cal_v1:rotation+monotone_pit_cdf_v1,phase8_role_aware_pmf_cal_v1+monotone_inactive_global_v1,rotation,projected_minutes,high,22.5514,21.9169,10.2327,21.9169,31.3872,8.3936,0.05,0.8866,0.1937,rotation,True,current_market_line,True,fliff,fliff,player_ast_over_under,2.5,2.5,0.4355,130.0,-190.0,0.3989,0.6011,0.5645,130.0,-130.0,0.0366,0.0366,-0.0366,2026-05-24T16:09:59.066825Z,full,provisional,lineup_unconfirmed,fallback_used,projected,derived_from_projected_minutes,ok,finals_pending,current_phase8,ok,0.0,projected,not_available_yet,bdl_lineup_freshness_manifest,bdl_plus_nba_official,2026-05-24T16:10:20Z
morning,2026-05-24T16:11:10Z,2026-05-24,21713531,89,Alex Caruso,OKC,SAS,False,ast,"{""0"": 0.1592185376095389, ""1"": 0.14295799387375574, ""2"": 0.262369396332207, ""3"": 0.24165299127221068, ""4"": 0.12047356073148165, ""5"": 0.048067348113784485, ""6"": 0.0178240344184409, ""7"": 0.005574043384337072, ""8"": 0.0016195908294803388, ""9"": 0.00010569871857890381, ""10"": 8.670790735470398e-05, ""11"": 2.9274570433965144e-05, ""12"": 1.0344017820783589e-05, ""13"": 8.8009147947067e-06, ""14"": 1.2983205726238129e-06, ""15"": 3.3769618234130127e-07, ""16"": 3.5957355253357626e-08, ""17"": 1.4301233958882398e-303, ""18"": 5.312106801897296e-09, ""19"": 1.8417411092908514e-304, ""20"": 5.957556641591241e-305, ""21"": 1.7982462087165161e-305, ""22"": 5.064907307327492e-306, ""23"": 1.3311752224315203e-306, ""24"": 3.264677786021398e-307, ""25"": 1.9563075893788452e-11}",2.2762,2.2762,2,2,0.1592,0.8408,0.6978,0.4355,0.1938,0.0733,0.0253,0.0074,0.0019,0.0002,0.0001,0.0001,0.0,0.0,0.0,0.0,0.0,0.0,0.0,0.0,0.0,614c522d#phase10c,stat_grid:pmf_sim_v1+role_aware_pmf_cal_v1:rotation+monotone_pit_cdf_v1,phase8_role_aware_pmf_cal_v1+monotone_inactive_global_v1,rotation,projected_minutes,high,22.5514,21.9169,10.2327,21.9169,31.3872,8.3936,0.05,0.8866,0.1937,rotation,True,current_market_line,True,betparx,betparx,player_ast_over_under,2.5,2.5,0.4355,155.0,-210.0,0.3666,0.6334,0.5645,130.0,-130.0,0.0688,0.0688,-0.0688,2026-05-24T16:09:59.066825Z,full,provisional,lineup_unconfirmed,fallback_used,projected,derived_from_projected_minutes,ok,finals_pending,current_phase8,ok,0.0,projected,not_available_yet,bdl_lineup_freshness_manifest,bdl_plus_nba_official,2026-05-24T16:10:20Z
morning,2026-05-24T16:11:10Z,2026-05-24,21713531,89,Alex Caruso,OKC,SAS,False,ast,"{""0"": 0.1592185376095389, ""1"": 0.14295799387375574, ""2"": 0.262369396332207, ""3"": 0.24165299127221068, ""4"": 0.12047356073148165, ""5"": 0.048067348113784485, ""6"": 0.0178240344184409, ""7"": 0.005574043384337072, ""8"": 0.0016195908294803388, ""9"": 0.00010569871857890381, ""10"": 8.670790735470398e-05, ""11"": 2.9274570433965144e-05, ""12"": 1.0344017820783589e-05, ""13"": 8.8009147947067e-06, ""14"": 1.2983205726238129e-06, ""15"": 3.3769618234130127e-07, ""16"": 3.5957355253357626e-08, ""17"": 1.4301233958882398e-303, ""18"": 5.312106801897296e-09, ""19"": 1.8417411092908514e-304, ""20"": 5.957556641591241e-305, ""21"": 1.7982462087165161e-305, ""22"": 5.064907307327492e-306, ""23"": 1.3311752224315203e-306, ""24"": 3.264677786021398e-307, ""25"": 1.9563075893788452e-11}",2.2762,2.2762,2,2,0.1592,0.8408,0.6978,0.4355,0.1938,0.0733,0.0253,0.0074,0.0019,0.0002,0.0001,0.0001,0.0,0.0,0.0,0.0,0.0,0.0,0.0,0.0,0.0,614c522d#phase10c,stat_grid:pmf_sim_v1+role_aware_pmf_cal_v1:rotation+monotone_pit_cdf_v1,phase8_role_aware_pmf_cal_v1+monotone_inactive_global_v1,rotation,projected_minutes,high,22.5514,21.9169,10.2327,21.9169,31.3872,8.3936,0.05,0.8866,0.1937,rotation,True,current_market_line,True,espnbet,espnbet,player_ast_over_under,1.5,1.5,0.6978,-215.0,160.0,0.6396,0.3604,0.3022,-231.0,231.0,0.0582,0.0582,-0.0582,2026-05-24T16:09:59.066825Z,full,provisional,lineup_unconfirmed,fallback_used,projected,derived_from_projected_minutes,ok,finals_pending,current_phase8,ok,0.0,projected,not_available_yet,bdl_lineup_freshness_manifest,bdl_plus_nba_official,2026-05-24T16:10:20Z
morning,2026-05-24T16:11:10Z,2026-05-24,21713531,89,Alex Caruso,OKC,SAS,False,ast,"{""0"": 0.1592185376095389, ""1"": 0.14295799387375574, ""2"": 0.262369396332207, ""3"": 0.24165299127221068, ""4"": 0.12047356073148165, ""5"": 0.048067348113784485, ""6"": 0.0178240344184409, ""7"": 0.005574043384337072, ""8"": 0.0016195908294803388, ""9"": 0.00010569871857890381, ""10"": 8.670790735470398e-05, ""11"": 2.9274570433965144e-05, ""12"": 1.0344017820783589e-05, ""13"": 8.8009147947067e-06, ""14"": 1.2983205726238129e-06, ""15"": 3.3769618234130127e-07, ""16"": 3.5957355253357626e-08, ""17"": 1.4301233958882398e-303, ""18"": 5.312106801897296e-09, ""19"": 1.8417411092908514e-304, ""20"": 5.957556641591241e-305, ""21"": 1.7982462087165161e-305, ""22"": 5.064907307327492e-306, ""23"": 1.3311752224315203e-306, ""24"": 3.264677786021398e-307, ""25"": 1.9563075893788452e-11}",2.2762,2.2762,2,2,0.1592,0.8408,0.6978,0.4355,0.1938,0.0733,0.0253,0.0074,0.0019,0.0002,0.0001,0.0001,0.0,0.0,0.0,0.0,0.0,0.0,0.0,0.0,0.0,614c522d#phase10c,stat_grid:pmf_sim_v1+role_aware_pmf_cal_v1:rotation+monotone_pit_cdf_v1,phase8_role_aware_pmf_cal_v1+monotone_inactive_global_v1,rotation,projected_minutes,high,22.5514,21.9169,10.2327,21.9169,31.3872,8.3936,0.05,0.8866,0.1937,rotation,True,current_market_line,True,espnbet,espnbet,player_ast_over_under,3.5,3.5,0.1938,320.0,-500.0,0.2222,0.7778,0.8062,416.0,-416.0,-0.0284,-0.0284,0.0284,2026-05-24T16:09:59.066825Z,full,provisional,lineup_unconfirmed,fallback_used,projected,derived_from_projected_minutes,ok,finals_pending,current_phase8,ok,0.0,projected,not_available_yet,bdl_lineup_freshness_manifest,bdl_plus_nba_official,2026-05-24T16:10:20Z
morning,2026-05-24T16:11:10Z,2026-05-24,21713531,89,Alex Caruso,OKC,SAS,False,ast,"{""0"": 0.1592185376095389, ""1"": 0.14295799387375574, ""2"": 0.262369396332207, ""3"": 0.24165299127221068, ""4"": 0.12047356073148165, ""5"": 0.048067348113784485, ""6"": 0.0178240344184409, ""7"": 0.005574043384337072, ""8"": 0.0016195908294803388, ""9"": 0.00010569871857890381, ""10"": 8.670790735470398e-05, ""11"": 2.9274570433965144e-05, ""12"": 1.0344017820783589e-05, ""13"": 8.8009147947067e-06, ""14"": 1.2983205726238129e-06, ""15"": 3.3769618234130127e-07, ""16"": 3.5957355253357626e-08, ""17"": 1.4301233958882398e-303, ""18"": 5.312106801897296e-09, ""19"": 1.8417411092908514e-304, ""20"": 5.957556641591241e-305, ""21"": 1.7982462087165161e-305, ""22"": 5.064907307327492e-306, ""23"": 1.3311752224315203e-306, ""24"": 3.264677786021398e-307, ""25"": 1.9563075893788452e-11}",2.2762,2.2762,2,2,0.1592,0.8408,0.6978,0.4355,0.1938,0.0733,0.0253,0.0074,0.0019,0.0002,0.0001,0.0001,0.0,0.0,0.0,0.0,0.0,0.0,0.0,0.0,0.0,614c522d#phase10c,stat_grid:pmf_sim_v1+role_aware_pmf_cal_v1:rotation+monotone_pit_cdf_v1,phase8_role_aware_pmf_cal_v1+monotone_inactive_global_v1,rotation,projected_minutes,high,22.5514,21.9169,10.2327,21.9169,31.3872,8.3936,0.05,0.8866,0.1937,rotation,True,current_market_line,True,espnbet,espnbet,player_ast_over_under,2.5,2.5,0.4355,140.0,-190.0,0.3887,0.6113,0.5645,130.0,-130.0,0.0467,0.0467,-0.0467,2026-05-24T16:09:59.066825Z,full,provisional,lineup_unconfirmed,fallback_used,projected,derived_from_projected_minutes,ok,finals_pending,current_phase8,ok,0.0,projected,not_available_yet,bdl_lineup_freshness_manifest,bdl_plus_nba_official,2026-05-24T16:10:20Z
morning,2026-05-24T16:11:10Z,2026-05-24,21713531,89,Alex Caruso,OKC,SAS,False,ast,"{""0"": 0.1592185376095389, ""1"": 0.14295799387375574, ""2"": 0.262369396332207, ""3"": 0.24165299127221068, ""4"": 0.12047356073148165, ""5"": 0.048067348113784485, ""6"": 0.0178240344184409, ""7"": 0.005574043384337072, ""8"": 0.0016195908294803388, ""9"": 0.00010569871857890381, ""10"": 8.670790735470398e-05, ""11"": 2.9274570433965144e-05, ""12"": 1.0344017820783589e-05, ""13"": 8.8009147947067e-06, ""14"": 1.2983205726238129e-06, ""15"": 3.3769618234130127e-07, ""16"": 3.5957355253357626e-08, ""17"": 1.4301233958882398e-303, ""18"": 5.312106801897296e-09, ""19"": 1.8417411092908514e-304, ""20"": 5.957556641591241e-305, ""21"": 1.7982462087165161e-305, ""22"": 5.064907307327492e-306, ""23"": 1.3311752224315203e-306, ""24"": 3.264677786021398e-307, ""25"": 1.9563075893788452e-11}",2.2762,2.2762,2,2,0.1592,0.8408,0.6978,0.4355,0.1938,0.0733,0.0253,0.0074,0.0019,0.0002,0.0001,0.0001,0.0,0.0,0.0,0.0,0.0,0.0,0.0,0.0,0.0,614c522d#phase10c,stat_grid:pmf_sim_v1+role_aware_pmf_cal_v1:rotation+monotone_pit_cdf_v1,phase8_role_aware_pmf_cal_v1+monotone_inactive_global_v1,rotation,projected_minutes,high,22.5514,21.9169,10.2327,21.9169,31.3872,8.3936,0.05,0.8866,0.1937,rotation,True,current_market_line,True,hardrockbet_az,hardrockbet_az,player_ast_over_under,2.5,2.5,0.4355,140.0,-180.0,0.3933,0.6067,0.5645,130.0,-130.0,0.0422,0.0422,-0.0422,2026-05-24T16:09:59.066825Z,full,provisional,lineup_unconfirmed,fallback_used,projected,derived_from_projected_minutes,ok,finals_pending,current_phase8,ok,0.0,projected,not_available_yet,bdl_lineup_freshness_manifest,bdl_plus_nba_official,2026-05-24T16:10:20Z
morning,2026-05-24T16:11:10Z,2026-05-24,21713531,89,Alex Caruso,OKC,SAS,False,ast,"{""0"": 0.1592185376095389, ""1"": 0.14295799387375574, ""2"": 0.262369396332207, ""3"": 0.24165299127221068, ""4"": 0.12047356073148165, ""5"": 0.048067348113784485, ""6"": 0.0178240344184409, ""7"": 0.005574043384337072, ""8"": 0.0016195908294803388, ""9"": 0.00010569871857890381, ""10"": 8.670790735470398e-05, ""11"": 2.9274570433965144e-05, ""12"": 1.0344017820783589e-05, ""13"": 8.8009147947067e-06, ""14"": 1.2983205726238129e-06, ""15"": 3.3769618234130127e-07, ""16"": 3.5957355253357626e-08, ""17"": 1.4301233958882398e-303, ""18"": 5.312106801897296e-09, ""19"": 1.8417411092908514e-304, ""20"": 5.957556641591241e-305, ""21"": 1.7982462087165161e-305, ""22"": 5.064907307327492e-306, ""23"": 1.3311752224315203e-306, ""24"": 3.264677786021398e-307, ""25"": 1.9563075893788452e-11}",2.2762,2.2762,2,2,0.1592,0.8408,0.6978,0.4355,0.1938,0.0733,0.0253,0.0074,0.0019,0.0002,0.0001,0.0001,0.0,0.0,0.0,0.0,0.0,0.0,0.0,0.0,0.0,614c522d#phase10c,stat_grid:pmf_sim_v1+role_aware_pmf_cal_v1:rotation+monotone_pit_cdf_v1,phase8_role_aware_pmf_cal_v1+monotone_inactive_global_v1,rotation,projected_minutes,high,22.5514,21.9169,10.2327,21.9169,31.3872,8.3936,0.05,0.8866,0.1937,rotation,True,current_market_line,True,hardrockbet_fl,hardrockbet_fl,player_ast_over_under,2.5,2.5,0.4355,140.0,-180.0,0.3933,0.6067,0.5645,130.0,-130.0,0.0422,0.0422,-0.0422,2026-05-24T16:09:59.066825Z,full,provisional,lineup_unconfirmed,fallback_used,projected,derived_from_projected_minutes,ok,finals_pending,current_phase8,ok,0.0,projected,not_available_yet,bdl_lineup_freshness_manifest,bdl_plus_nba_official,2026-05-24T16:10:20Z
morning,2026-05-24T16:11:10Z,2026-05-24,21713531,89,Alex Caruso,OKC,SAS,False,ast,"{""0"": 0.1592185376095389, ""1"": 0.14295799387375574, ""2"": 0.262369396332207, ""3"": 0.24165299127221068, ""4"": 0.12047356073148165, ""5"": 0.048067348113784485, ""6"": 0.0178240344184409, ""7"": 0.005574043384337072, ""8"": 0.0016195908294803388, ""9"": 0.00010569871857890381, ""10"": 8.670790735470398e-05, ""11"": 2.9274570433965144e-05, ""12"": 1.0344017820783589e-05, ""13"": 8.8009147947067e-06, ""14"": 1.2983205726238129e-06, ""15"": 3.3769618234130127e-07, ""16"": 3.5957355253357626e-08, ""17"": 1.4301233958882398e-303, ""18"": 5.312106801897296e-09, ""19"": 1.8417411092908514e-304, ""20"": 5.957556641591241e-305, ""21"": 1.7982462087165161e-305, ""22"": 5.064907307327492e-306, ""23"": 1.3311752224315203e-306, ""24"": 3.264677786021398e-307, ""25"": 1.9563075893788452e-11}",2.2762,2.2762,2,2,0.1592,0.8408,0.6978,0.4355,0.1938,0.0733,0.0253,0.0074,0.0019,0.0002,0.0001,0.0001,0.0,0.0,0.0,0.0,0.0,0.0,0.0,0.0,0.0,614c522d#phase10c,stat_grid:pmf_sim_v1+role_aware_pmf_cal_v1:rotation+monotone_pit_cdf_v1,phase8_role_aware_pmf_cal_v1+monotone_inactive_global_v1,rotation,projected_minutes,high,22.5514,21.9169,10.2327,21.9169,31.3872,8.3936,0.05,0.8866,0.1937,rotation,True,current_market_line,True,hardrockbet,hardrockbet,player_ast_over_under,2.5,2.5,0.4355,140.0,-180.0,0.3933,0.6067,0.5645,130.0,-130.0,0.0422,0.0422,-0.0422,2026-05-24T16:09:59.066825Z,full,provisional,lineup_unconfirmed,fallback_used,projected,derived_from_projected_minutes,ok,finals_pending,current_phase8,ok,0.0,projected,not_available_yet,bdl_lineup_freshness_manifest,bdl_plus_nba_official,2026-05-24T16:10:20Z
morning,2026-05-24T16:11:10Z,2026-05-24,21713531,89,Alex Caruso,OKC,SAS,False,fg3m,"{""0"": 0.48523254419442763, ""1"": 0.24310109907584446, ""2"": 0.09225679116639708, ""3"": 0.07418554044464847, ""4"": 0.035017698527906226, ""5"": 0.07020632659077618, ""6"": 8.245539916066314e-301, ""7"": 7.885291127169167e-301, ""8"": 7.54078165810189e-301, ""9"": 7.211323855784318e-301, ""10"": 6.896260110797833e-301, ""11"": 6.594961544770172e-301, ""12"": 6.306826755112864e-301, ""13"": 6.0312806146004005e-301, ""14"": 5.767773123396625e-301, ""15"": 5.515778311232959e-301}",1.1413,1.1413,1,0,0.4852,0.5148,0.2717,0.1794,0.1052,0.0702,0.0,0.0,0.0,0.0,0.0,0.0,0.0,0.0,0.0,0.0,0.0,0.0,0.0,0.0,0.0,614c522d#phase10c,stat_grid:fg3m_hurdle_v1+role_aware_pmf_cal_v1:rotation+monotone_pit_cdf_v1+sparse_hurdle_guarded,phase8_role_aware_pmf_cal_v1+monotone_inactive_global_v1,rotation,projected_minutes,high,22.5514,21.9169,10.2327,21.9169,31.3872,8.3936,0.05,0.8866,0.1937,rotation,True,current_market_line,True,williamhill_us,williamhill_us,player_fg3m_over_under,1.5,1.5,0.2717,-190.0,137.0,0.6083,0.3917,0.7283,268.0,-268.0,-0.3366,-0.3366,0.3366,2026-05-24T16:09:59.066825Z,full,provisional,lineup_unconfirmed,fallback_used,projected,derived_from_projected_minutes,ok,finals_pending,current_phase8,ok,0.0,projected,not_available_yet,bdl_lineup_freshness_manifest,bdl_plus_nba_official,2026-05-24T16:10:20Z
morning,2026-05-24T16:11:10Z,2026-05-24,21713531,89,Alex Caruso,OKC,SAS,False,fg3m,"{""0"": 0.48523254419442763, ""1"": 0.24310109907584446, ""2"": 0.09225679116639708, ""3"": 0.07418554044464847, ""4"": 0.035017698527906226, ""5"": 0.07020632659077618, ""6"": 8.245539916066314e-301, ""7"": 7.885291127169167e-301, ""8"": 7.54078165810189e-301, ""9"": 7.211323855784318e-301, ""10"": 6.896260110797833e-301, ""11"": 6.594961544770172e-301, ""12"": 6.306826755112864e-301, ""13"": 6.0312806146004005e-301, ""14"": 5.767773123396625e-301, ""15"": 5.515778311232959e-301}",1.1413,1.1413,1,0,0.4852,0.5148,0.2717,0.1794,0.1052,0.0702,0.0,0.0,0.0,0.0,0.0,0.0,0.0,0.0,0.0,0.0,0.0,0.0,0.0,0.0,0.0,614c522d#phase10c,stat_grid:fg3m_hurdle_v1+role_aware_pmf_cal_v1:rotation+monotone_pit_cdf_v1+sparse_hurdle_guarded,phase8_role_aware_pmf_cal_v1+monotone_inactive_global_v1,rotation,projected_minutes,high,22.5514,21.9169,10.2327,21.9169,31.3872,8.3936,0.05,0.8866,0.1937,rotation,True,current_market_line,True,bovada,bovada,player_fg3m_over_under,1.5,1.5,0.2717,-185.0,140.0,0.6091,0.3909,0.7283,268.0,-268.0,-0.3374,-0.3374,0.3374,2026-05-24T16:09:59.066825Z,full,provisional,lineup_unconfirmed,fallback_used,projected,derived_from_projected_minutes,ok,finals_pending,current_phase8,ok,0.0,projected,not_available_yet,bdl_lineup_freshness_manifest,bdl_plus_nba_official,2026-05-24T16:10:20Z
morning,2026-05-24T16:11:10Z,2026-05-24,21713531,89,Alex Caruso,OKC,SAS,False,fg3m,"{""0"": 0.48523254419442763, ""1"": 0.24310109907584446, ""2"": 0.09225679116639708, ""3"": 0.07418554044464847, ""4"": 0.035017698527906226, ""5"": 0.07020632659077618, ""6"": 8.245539916066314e-301, ""7"": 7.885291127169167e-301, ""8"": 7.54078165810189e-301, ""9"": 7.211323855784318e-301, ""10"": 6.896260110797833e-301, ""11"": 6.594961544770172e-301, ""12"": 6.306826755112864e-301, ""13"": 6.0312806146004005e-301, ""14"": 5.767773123396625e-301, ""15"": 5.515778311232959e-301}",1.1413,1.1413,1,0,0.4852,0.5148,0.2717,0.1794,0.1052,0.0702,0.0,0.0,0.0,0.0,0.0,0.0,0.0,0.0,0.0,0.0,0.0,0.0,0.0,0.0,0.0,614c522d#phase10c,stat_grid:fg3m_hurdle_v1+role_aware_pmf_cal_v1:rotation+monotone_pit_cdf_v1+sparse_hurdle_guarded,phase8_role_aware_pmf_cal_v1+monotone_inactive_global_v1,rotation,projected_minutes,high,22.5514,21.9169,10.2327,21.9169,31.3872,8.3936,0.05,0.8866,0.1937,rotation,True,current_market_line,True,bovada,bovada,player_fg3m_over_under,2.5,2.5,0.1794,165.0,-220.0,0.3544,0.6456,0.8206,457.0,-457.0,-0.175,-0.175,0.175,2026-05-24T16:09:59.066825Z,full,provisional,lineup_unconfirmed,fallback_used,projected,derived_from_projected_minutes,ok,finals_pending,current_phase8,ok,0.0,projected,not_available_yet,bdl_lineup_freshness_manifest,bdl_plus_nba_official,2026-05-24T16:10:20Z
morning,2026-05-24T16:11:10Z,2026-05-24,21713531,89,Alex Caruso,OKC,SAS,False,fg3m,"{""0"": 0.48523254419442763, ""1"": 0.24310109907584446, ""2"": 0.09225679116639708, ""3"": 0.07418554044464847, ""4"": 0.035017698527906226, ""5"": 0.07020632659077618, ""6"": 8.245539916066314e-301, ""7"": 7.885291127169167e-301, ""8"": 7.54078165810189e-301, ""9"": 7.211323855784318e-301, ""10"": 6.896260110797833e-301, ""11"": 6.594961544770172e-301, ""12"": 6.306826755112864e-301, ""13"": 6.0312806146004005e-301, ""14"": 5.767773123396625e-301, ""15"": 5.515778311232959e-301}",1.1413,1.1413,1,0,0.4852,0.5148,0.2717,0.1794,0.1052,0.0702,0.0,0.0,0.0,0.0,0.0,0.0,0.0,0.0,0.0,0.0,0.0,0.0,0.0,0.0,0.0,614c522d#phase10c,stat_grid:fg3m_hurdle_v1+role_aware_pmf_cal_v1:rotation+monotone_pit_cdf_v1+sparse_hurdle_guarded,phase8_role_aware_pmf_cal_v1+monotone_inactive_global_v1,rotation,projected_minutes,high,22.5514,21.9169,10.2327,21.9169,31.3872,8.3936,0.05,0.8866,0.1937,rotation,True,current_market_line,True,betmgm,betmgm,player_fg3m_over_under,1.5,1.5,0.2717,-165.0,125.0,0.5835,0.4165,0.7283,268.0,-268.0,-0.3118,-0.3118,0.3118,2026-05-24T16:09:59.066825Z,full,provisional,lineup_unconfirmed,fallback_used,projected,derived_from_projected_minutes,ok,finals_pending,current_phase8,ok,0.0,projected,not_available_yet,bdl_lineup_freshness_manifest,bdl_plus_nba_official,2026-05-24T16:10:20Z
morning,2026-05-24T16:11:10Z,2026-05-24,21713531,89,Alex Caruso,OKC,SAS,False,fg3m,"{""0"": 0.48523254419442763, ""1"": 0.24310109907584446, ""2"": 0.09225679116639708, ""3"": 0.07418554044464847, ""4"": 0.035017698527906226, ""5"": 0.07020632659077618, ""6"": 8.245539916066314e-301, ""7"": 7.885291127169167e-301, ""8"": 7.54078165810189e-301, ""9"": 7.211323855784318e-301, ""10"": 6.896260110797833e-301, ""11"": 6.594961544770172e-301, ""12"": 6.306826755112864e-301, ""13"": 6.0312806146004005e-301, ""14"": 5.767773123396625e-301, ""15"": 5.515778311232959e-301}",1.1413,1.1413,1,0,0.4852,0.5148,0.2717,0.1794,0.1052,0.0702,0.0,0.0,0.0,0.0,0.0,0.0,0.0,0.0,0.0,0.0,0.0,0.0,0.0,0.0,0.0,614c522d#phase10c,stat_grid:fg3m_hurdle_v1+role_aware_pmf_cal_v1:rotation+monotone_pit_cdf_v1+sparse_hurdle_guarded,phase8_role_aware_pmf_cal_v1+monotone_inactive_global_v1,rotation,projected_minutes,high,22.5514,21.9169,10.2327,21.9169,31.3872,8.3936,0.05,0.8866,0.1937,rotation,True,current_market_line,True,betonlineag,betonlineag,player_fg3m_over_under,1.5,1.5,0.2717,-175.0,134.0,0.5982,0.4018,0.7283,268.0,-268.0,-0.3266,-0.3266,0.3266,2026-05-24T16:09:59.066825Z,full,provisional,lineup_unconfirmed,fallback_used,projected,derived_from_projected_minutes,ok,finals_pending,current_phase8,ok,0.0,projected,not_available_yet,bdl_lineup_freshness_manifest,bdl_plus_nba_official,2026-05-24T16:10:20Z
morning,2026-05-24T16:11:10Z,2026-05-24,21713531,89,Alex Caruso,OKC,SAS,False,fg3m,"{""0"": 0.48523254419442763, ""1"": 0.24310109907584446, ""2"": 0.09225679116639708, ""3"": 0.07418554044464847, ""4"": 0.035017698527906226, ""5"": 0.07020632659077618, ""6"": 8.245539916066314e-301, ""7"": 7.885291127169167e-301, ""8"": 7.54078165810189e-301, ""9"": 7.211323855784318e-301, ""10"": 6.896260110797833e-301, ""11"": 6.594961544770172e-301, ""12"": 6.306826755112864e-301, ""13"": 6.0312806146004005e-301, ""14"": 5.767773123396625e-301, ""15"": 5.515778311232959e-301}",1.1413,1.1413,1,0,0.4852,0.5148,0.2717,0.1794,0.1052,0.0702,0.0,0.0,0.0,0.0,0.0,0.0,0.0,0.0,0.0,0.0,0.0,0.0,0.0,0.0,0.0,614c522d#phase10c,stat_grid:fg3m_hurdle_v1+role_aware_pmf_cal_v1:rotation+monotone_pit_cdf_v1+sparse_hurdle_guarded,phase8_role_aware_pmf_cal_v1+monotone_inactive_global_v1,rotation,projected_minutes,high,22.5514,21.9169,10.2327,21.9169,31.3872,8.3936,0.05,0.8866,0.1937,rotation,True,current_market_line,True,betrivers,betrivers,player_fg3m_over_under,1.5,1.5,0.2717,-200.0,143.0,0.6183,0.3817,0.7283,268.0,-268.0,-0.3467,-0.3467,0.3467,2026-05-24T16:09:59.066825Z,full,provisional,lineup_unconfirmed,fallback_used,projected,derived_from_projected_minutes,ok,finals_pending,current_phase8,ok,0.0,projected,not_available_yet,bdl_lineup_freshness_manifest,bdl_plus_nba_official,2026-05-24T16:10:20Z
morning,2026-05-24T16:11:10Z,2026-05-24,21713531,89,Alex Caruso,OKC,SAS,False,fg3m,"{""0"": 0.48523254419442763, ""1"": 0.24310109907584446, ""2"": 0.09225679116639708, ""3"": 0.07418554044464847, ""4"": 0.035017698527906226, ""5"": 0.07020632659077618, ""6"": 8.245539916066314e-301, ""7"": 7.885291127169167e-301, ""8"": 7.54078165810189e-301, ""9"": 7.211323855784318e-301, ""10"": 6.896260110797833e-301, ""11"": 6.594961544770172e-301, ""12"": 6.306826755112864e-301, ""13"": 6.0312806146004005e-301, ""14"": 5.767773123396625e-301, ""15"": 5.515778311232959e-301}",1.1413,1.1413,1,0,0.4852,0.5148,0.2717,0.1794,0.1052,0.0702,0.0,0.0,0.0,0.0,0.0,0.0,0.0,0.0,0.0,0.0,0.0,0.0,0.0,0.0,0.0,614c522d#phase10c,stat_grid:fg3m_hurdle_v1+role_aware_pmf_cal_v1:rotation+monotone_pit_cdf_v1+sparse_hurdle_guarded,phase8_role_aware_pmf_cal_v1+monotone_inactive_global_v1,rotation,projected_minutes,high,22.5514,21.9169,10.2327,21.9169,31.3872,8.3936,0.05,0.8866,0.1937,rotation,True,current_market_line,True,fanduel,fanduel,player_fg3m_over_under,0.5,0.5,0.5148,-900.0,490.0,0.8415,0.1585,0.4852,-106.0,106.0,-0.3268,-0.3268,0.3268,2026-05-24T16:09:59.066825Z,full,provisional,lineup_unconfirmed,fallback_used,projected,derived_from_projected_minutes,ok,finals_pending,current_phase8,ok,0.0,projected,not_available_yet,bdl_lineup_freshness_manifest,bdl_plus_nba_official,2026-05-24T16:10:20Z
morning,2026-05-24T16:11:10Z,2026-05-24,21713531,89,Alex Caruso,OKC,SAS,False,fg3m,"{""0"": 0.48523254419442763, ""1"": 0.24310109907584446, ""2"": 0.09225679116639708, ""3"": 0.07418554044464847, ""4"": 0.035017698527906226, ""5"": 0.07020632659077618, ""6"": 8.245539916066314e-301, ""7"": 7.885291127169167e-301, ""8"": 7.54078165810189e-301, ""9"": 7.211323855784318e-301, ""10"": 6.896260110797833e-301, ""11"": 6.594961544770172e-301, ""12"": 6.306826755112864e-301, ""13"": 6.0312806146004005e-301, ""14"": 5.767773123396625e-301, ""15"": 5.515778311232959e-301}",1.1413,1.1413,1,0,0.4852,0.5148,0.2717,0.1794,0.1052,0.0702,0.0,0.0,0.0,0.0,0.0,0.0,0.0,0.0,0.0,0.0,0.0,0.0,0.0,0.0,0.0,614c522d#phase10c,stat_grid:fg3m_hurdle_v1+role_aware_pmf_cal_v1:rotation+monotone_pit_cdf_v1+sparse_hurdle_guarded,phase8_role_aware_pmf_cal_v1+monotone_inactive_global_v1,rotation,projected_minutes,high,22.5514,21.9169,10.2327,21.9169,31.3872,8.3936,0.05,0.8866,0.1937,rotation,True,current_market_line,True,fanduel,fanduel,player_fg3m_over_under,1.5,1.5,0.2717,-200.0,148.0,0.6231,0.3769,0.7283,268.0,-268.0,-0.3514,-0.3514,0.3514,2026-05-24T16:09:59.066825Z,full,provisional,lineup_unconfirmed,fallback_used,projected,derived_from_projected_minutes,ok,finals_pending,current_phase8,ok,0.0,projected,not_available_yet,bdl_lineup_freshness_manifest,bdl_plus_nba_official,2026-05-24T16:10:20Z
morning,2026-05-24T16:11:10Z,2026-05-24,21713531,89,Alex Caruso,OKC,SAS,False,fg3m,"{""0"": 0.48523254419442763, ""1"": 0.24310109907584446, ""2"": 0.09225679116639708, ""3"": 0.07418554044464847, ""4"": 0.035017698527906226, ""5"": 0.07020632659077618, ""6"": 8.245539916066314e-301, ""7"": 7.885291127169167e-301, ""8"": 7.54078165810189e-301, ""9"": 7.211323855784318e-301, ""10"": 6.896260110797833e-301, ""11"": 6.594961544770172e-301, ""12"": 6.306826755112864e-301, ""13"": 6.0312806146004005e-301, ""14"": 5.767773123396625e-301, ""15"": 5.515778311232959e-301}",1.1413,1.1413,1,0,0.4852,0.5148,0.2717,0.1794,0.1052,0.0702,0.0,0.0,0.0,0.0,0.0,0.0,0.0,0.0,0.0,0.0,0.0,0.0,0.0,0.0,0.0,614c522d#phase10c,stat_grid:fg3m_hurdle_v1+role_aware_pmf_cal_v1:rotation+monotone_pit_cdf_v1+sparse_hurdle_guarded,phase8_role_aware_pmf_cal_v1+monotone_inactive_global_v1,rotation,projected_minutes,high,22.5514,21.9169,10.2327,21.9169,31.3872,8.3936,0.05,0.8866,0.1937,rotation,True,current_market_line,True,fanduel,fanduel,player_fg3m_over_under,3.5,3.5,0.1052,330.0,-490.0,0.2188,0.7812,0.8948,850.0,-850.0,-0.1135,-0.1135,0.1135,2026-05-24T16:09:59.066825Z,full,provisional,lineup_unconfirmed,fallback_used,projected,derived_from_projected_minutes,ok,finals_pending,current_phase8,ok,0.0,projected,not_available_yet,bdl_lineup_freshness_manifest,bdl_plus_nba_official,2026-05-24T16:10:20Z
morning,2026-05-24T16:11:10Z,2026-05-24,21713531,89,Alex Caruso,OKC,SAS,False,fg3m,"{""0"": 0.48523254419442763, ""1"": 0.24310109907584446, ""2"": 0.09225679116639708, ""3"": 0.07418554044464847, ""4"": 0.035017698527906226, ""5"": 0.07020632659077618, ""6"": 8.245539916066314e-301, ""7"": 7.885291127169167e-301, ""8"": 7.54078165810189e-301, ""9"": 7.211323855784318e-301, ""10"": 6.896260110797833e-301, ""11"": 6.594961544770172e-301, ""12"": 6.306826755112864e-301, ""13"": 6.0312806146004005e-301, ""14"": 5.767773123396625e-301, ""15"": 5.515778311232959e-301}",1.1413,1.1413,1,0,0.4852,0.5148,0.2717,0.1794,0.1052,0.0702,0.0,0.0,0.0,0.0,0.0,0.0,0.0,0.0,0.0,0.0,0.0,0.0,0.0,0.0,0.0,614c522d#phase10c,stat_grid:fg3m_hurdle_v1+role_aware_pmf_cal_v1:rotation+monotone_pit_cdf_v1+sparse_hurdle_guarded,phase8_role_aware_pmf_cal_v1+monotone_inactive_global_v1,rotation,projected_minutes,high,22.5514,21.9169,10.2327,21.9169,31.3872,8.3936,0.05,0.8866,0.1937,rotation,True,current_market_line,True,fanduel,fanduel,player_fg3m_over_under,4.5,4.5,0.0702,750.0,-1450.0,0.1117,0.8883,0.9298,1324.0,-1324.0,-0.0415,-0.0415,0.0415,2026-05-24T16:09:59.066825Z,full,provisional,lineup_unconfirmed,fallback_used,projected,derived_from_projected_minutes,ok,finals_pending,current_phase8,ok,0.0,projected,not_available_yet,bdl_lineup_freshness_manifest,bdl_plus_nba_official,2026-05-24T16:10:20Z
morning,2026-05-24T16:11:10Z,2026-05-24,21713531,89,Alex Caruso,OKC,SAS,False,fg3m,"{""0"": 0.48523254419442763, ""1"": 0.24310109907584446, ""2"": 0.09225679116639708, ""3"": 0.07418554044464847, ""4"": 0.035017698527906226, ""5"": 0.07020632659077618, ""6"": 8.245539916066314e-301, ""7"": 7.885291127169167e-301, ""8"": 7.54078165810189e-301, ""9"": 7.211323855784318e-301, ""10"": 6.896260110797833e-301, ""11"": 6.594961544770172e-301, ""12"": 6.306826755112864e-301, ""13"": 6.0312806146004005e-301, ""14"": 5.767773123396625e-301, ""15"": 5.515778311232959e-301}",1.1413,1.1413,1,0,0.4852,0.5148,0.2717,0.1794,0.1052,0.0702,0.0,0.0,0.0,0.0,0.0,0.0,0.0,0.0,0.0,0.0,0.0,0.0,0.0,0.0,0.0,614c522d#phase10c,stat_grid:fg3m_hurdle_v1+role_aware_pmf_cal_v1:rotation+monotone_pit_cdf_v1+sparse_hurdle_guarded,phase8_role_aware_pmf_cal_v1+monotone_inactive_global_v1,rotation,projected_minutes,high,22.5514,21.9169,10.2327,21.9169,31.3872,8.3936,0.05,0.8866,0.1937,rotation,True,current_market_line,True,fanduel,fanduel,player_fg3m_over_under,2.5,2.5,0.1794,142.0,-192.0,0.3859,0.6141,0.8206,457.0,-457.0,-0.2065,-0.2065,0.2065,2026-05-24T16:09:59.066825Z,full,provisional,lineup_unconfirmed,fallback_used,projected,derived_from_projected_minutes,ok,finals_pending,current_phase8,ok,0.0,projected,not_available_yet,bdl_lineup_freshness_manifest,bdl_plus_nba_official,2026-05-24T16:10:20Z
morning,2026-05-24T16:11:10Z,2026-05-24,21713531,89,Alex Caruso,OKC,SAS,False,fg3m,"{""0"": 0.48523254419442763, ""1"": 0.24310109907584446, ""2"": 0.09225679116639708, ""3"": 0.07418554044464847, ""4"": 0.035017698527906226, ""5"": 0.07020632659077618, ""6"": 8.245539916066314e-301, ""7"": 7.885291127169167e-301, ""8"": 7.54078165810189e-301, ""9"": 7.211323855784318e-301, ""10"": 6.896260110797833e-301, ""11"": 6.594961544770172e-301, ""12"": 6.306826755112864e-301, ""13"": 6.0312806146004005e-301, ""14"": 5.767773123396625e-301, ""15"": 5.515778311232959e-301}",1.1413,1.1413,1,0,0.4852,0.5148,0.2717,0.1794,0.1052,0.0702,0.0,0.0,0.0,0.0,0.0,0.0,0.0,0.0,0.0,0.0,0.0,0.0,0.0,0.0,0.0,614c522d#phase10c,stat_grid:fg3m_hurdle_v1+role_aware_pmf_cal_v1:rotation+monotone_pit_cdf_v1+sparse_hurdle_guarded,phase8_role_aware_pmf_cal_v1+monotone_inactive_global_v1,rotation,projected_minutes,high,22.5514,21.9169,10.2327,21.9169,31.3872,8.3936,0.05,0.8866,0.1937,rotation,True,current_market_line,True,draftkings,draftkings,player_fg3m_over_under,1.5,1.5,0.2717,-187.0,141.0,0.6109,0.3891,0.7283,268.0,-268.0,-0.3393,-0.3393,0.3393,2026-05-24T16:09:59.066825Z,full,provisional,lineup_unconfirmed,fallback_used,projected,derived_from_projected_minutes,ok,finals_pending,current_phase8,ok,0.0,projected,not_available_yet,bdl_lineup_freshness_manifest,bdl_plus_nba_official,2026-05-24T16:10:20Z
morning,2026-05-24T16:11:10Z,2026-05-24,21713531,89,Alex Caruso,OKC,SAS,False,fg3m,"{""0"": 0.48523254419442763, ""1"": 0.24310109907584446, ""2"": 0.09225679116639708, ""3"": 0.07418554044464847, ""4"": 0.035017698527906226, ""5"": 0.07020632659077618, ""6"": 8.245539916066314e-301, ""7"": 7.885291127169167e-301, ""8"": 7.54078165810189e-301, ""9"": 7.211323855784318e-301, ""10"": 6.896260110797833e-301, ""11"": 6.594961544770172e-301, ""12"": 6.306826755112864e-301, ""13"": 6.0312806146004005e-301, ""14"": 5.767773123396625e-301, ""15"": 5.515778311232959e-301}",1.1413,1.1413,1,0,0.4852,0.5148,0.2717,0.1794,0.1052,0.0702,0.0,0.0,0.0,0.0,0.0,0.0,0.0,0.0,0.0,0.0,0.0,0.0,0.0,0.0,0.0,614c522d#phase10c,stat_grid:fg3m_hurdle_v1+role_aware_pmf_cal_v1:rotation+monotone_pit_cdf_v1+sparse_hurdle_guarded,phase8_role_aware_pmf_cal_v1+monotone_inactive_global_v1,rotation,projected_minutes,high,22.5514,21.9169,10.2327,21.9169,31.3872,8.3936,0.05,0.8866,0.1937,rotation,True,current_market_line,True,hardrockbet_fl,hardrockbet_fl,player_fg3m_over_under,2.5,2.5,0.1794,140.0,-185.0,0.3909,0.6091,0.8206,457.0,-457.0,-0.2115,-0.2115,0.2115,2026-05-24T16:09:59.066825Z,full,provisional,lineup_unconfirmed,fallback_used,projected,derived_from_projected_minutes,ok,finals_pending,current_phase8,ok,0.0,projected,not_available_yet,bdl_lineup_freshness_manifest,bdl_plus_nba_official,2026-05-24T16:10:20Z
morning,2026-05-24T16:11:10Z,2026-05-24,21713531,89,Alex Caruso,OKC,SAS,False,fg3m,"{""0"": 0.48523254419442763, ""1"": 0.24310109907584446, ""2"": 0.09225679116639708, ""3"": 0.07418554044464847, ""4"": 0.035017698527906226, ""5"": 0.07020632659077618, ""6"": 8.245539916066314e-301, ""7"": 7.885291127169167e-301, ""8"": 7.54078165810189e-301, ""9"": 7.211323855784318e-301, ""10"": 6.896260110797833e-301, ""11"": 6.594961544770172e-301, ""12"": 6.306826755112864e-301, ""13"": 6.0312806146004005e-301, ""14"": 5.767773123396625e-301, ""15"": 5.515778311232959e-301}",1.1413,1.1413,1,0,0.4852,0.5148,0.2717,0.1794,0.1052,0.0702,0.0,0.0,0.0,0.0,0.0,0.0,0.0,0.0,0.0,0.0,0.0,0.0,0.0,0.0,0.0,614c522d#phase10c,stat_grid:fg3m_hurdle_v1+role_aware_pmf_cal_v1:rotation+monotone_pit_cdf_v1+sparse_hurdle_guarded,phase8_role_aware_pmf_cal_v1+monotone_inactive_global_v1,rotation,projected_minutes,high,22.5514,21.9169,10.2327,21.9169,31.3872,8.3936,0.05,0.8866,0.1937,rotation,True,current_market_line,True,espnbet,espnbet,player_fg3m_over_under,1.5,1.5,0.2717,-190.0,140.0,0.6113,0.3887,0.7283,268.0,-268.0,-0.3396,-0.3396,0.3396,2026-05-24T16:09:59.066825Z,full,provisional,lineup_unconfirmed,fallback_used,projected,derived_from_projected_minutes,ok,finals_pending,current_phase8,ok,0.0,projected,not_available_yet,bdl_lineup_freshness_manifest,bdl_plus_nba_official,2026-05-24T16:10:20Z
morning,2026-05-24T16:11:10Z,2026-05-24,21713531,89,Alex Caruso,OKC,SAS,False,fg3m,"{""0"": 0.48523254419442763, ""1"": 0.24310109907584446, ""2"": 0.09225679116639708, ""3"": 0.07418554044464847, ""4"": 0.035017698527906226, ""5"": 0.07020632659077618, ""6"": 8.245539916066314e-301, ""7"": 7.885291127169167e-301, ""8"": 7.54078165810189e-301, ""9"": 7.211323855784318e-301, ""10"": 6.896260110797833e-301, ""11"": 6.594961544770172e-301, ""12"": 6.306826755112864e-301, ""13"": 6.0312806146004005e-301, ""14"": 5.767773123396625e-301, ""15"": 5.515778311232959e-301}",1.1413,1.1413,1,0,0.4852,0.5148,0.2717,0.1794,0.1052,0.0702,0.0,0.0,0.0,0.0,0.0,0.0,0.0,0.0,0.0,0.0,0.0,0.0,0.0,0.0,0.0,614c522d#phase10c,stat_grid:fg3m_hurdle_v1+role_aware_pmf_cal_v1:rotation+monotone_pit_cdf_v1+sparse_hurdle_guarded,phase8_role_aware_pmf_cal_v1+monotone_inactive_global_v1,rotation,projected_minutes,high,22.5514,21.9169,10.2327,21.9169,31.3872,8.3936,0.05,0.8866,0.1937,rotation,True,current_market_line,True,espnbet,espnbet,player_fg3m_over_under,3.5,3.5,0.1052,340.0,-550.0,0.2117,0.7883,0.8948,850.0,-850.0,-0.1065,-0.1065,0.1065,2026-05-24T16:09:59.066825Z,full,provisional,lineup_unconfirmed,fallback_used,projected,derived_from_projected_minutes,ok,finals_pending,current_phase8,ok,0.0,projected,not_available_yet,bdl_lineup_freshness_manifest,bdl_plus_nba_official,2026-05-24T16:10:20Z
morning,2026-05-24T16:11:10Z,2026-05-24,21713531,89,Alex Caruso,OKC,SAS,False,fg3m,"{""0"": 0.48523254419442763, ""1"": 0.24310109907584446, ""2"": 0.09225679116639708, ""3"": 0.07418554044464847, ""4"": 0.035017698527906226, ""5"": 0.07020632659077618, ""6"": 8.245539916066314e-301, ""7"": 7.885291127169167e-301, ""8"": 7.54078165810189e-301, ""9"": 7.211323855784318e-301, ""10"": 6.896260110797833e-301, ""11"": 6.594961544770172e-301, ""12"": 6.306826755112864e-301, ""13"": 6.0312806146004005e-301, ""14"": 5.767773123396625e-301, ""15"": 5.515778311232959e-301}",1.1413,1.1413,1,0,0.4852,0.5148,0.2717,0.1794,0.1052,0.0702,0.0,0.0,0.0,0.0,0.0,0.0,0.0,0.0,0.0,0.0,0.0,0.0,0.0,0.0,0.0,614c522d#phase10c,stat_grid:fg3m_hurdle_v1+role_aware_pmf_cal_v1:rotation+monotone_pit_cdf_v1+sparse_hurdle_guarded,phase8_role_aware_pmf_cal_v1+monotone_inactive_global_v1,rotation,projected_minutes,high,22.5514,21.9169,10.2327,21.9169,31.3872,8.3936,0.05,0.8866,0.1937,rotation,True,current_market_line,True,espnbet,espnbet,player_fg3m_over_under,2.5,2.5,0.1794,140.0,-190.0,0.3887,0.6113,0.8206,457.0,-457.0,-0.2093,-0.2093,0.2093,2026-05-24T16:09:59.066825Z,full,provisional,lineup_unconfirmed,fallback_used,projected,derived_from_projected_minutes,ok,finals_pending,current_phase8,ok,0.0,projected,not_available_yet,bdl_lineup_freshness_manifest,bdl_plus_nba_official,2026-05-24T16:10:20Z
morning,2026-05-24T16:11:10Z,2026-05-24,21713531,89,Alex Caruso,OKC,SAS,False,fg3m,"{""0"": 0.48523254419442763, ""1"": 0.24310109907584446, ""2"": 0.09225679116639708, ""3"": 0.07418554044464847, ""4"": 0.035017698527906226, ""5"": 0.07020632659077618, ""6"": 8.245539916066314e-301, ""7"": 7.885291127169167e-301, ""8"": 7.54078165810189e-301, ""9"": 7.211323855784318e-301, ""10"": 6.896260110797833e-301, ""11"": 6.594961544770172e-301, ""12"": 6.306826755112864e-301, ""13"": 6.0312806146004005e-301, ""14"": 5.767773123396625e-301, ""15"": 5.515778311232959e-301}",1.1413,1.1413,1,0,0.4852,0.5148,0.2717,0.1794,0.1052,0.0702,0.0,0.0,0.0,0.0,0.0,0.0,0.0,0.0,0.0,0.0,0.0,0.0,0.0,0.0,0.0,614c522d#phase10c,stat_grid:fg3m_hurdle_v1+role_aware_pmf_cal_v1:rotation+monotone_pit_cdf_v1+sparse_hurdle_guarded,phase8_role_aware_pmf_cal_v1+monotone_inactive_global_v1,rotation,projected_minutes,high,22.5514,21.9169,10.2327,21.9169,31.3872,8.3936,0.05,0.8866,0.1937,rotation,True,current_market_line,True,betparx,betparx,player_fg3m_over_under,1.5,1.5,0.2717,-200.0,148.0,0.6231,0.3769,0.7283,268.0,-268.0,-0.3514,-0.3514,0.3514,2026-05-24T16:09:59.066825Z,full,provisional,lineup_unconfirmed,fallback_used,projected,derived_from_projected_minutes,ok,finals_pending,current_phase8,ok,0.0,projected,not_available_yet,bdl_lineup_freshness_manifest,bdl_plus_nba_official,2026-05-24T16:10:20Z
morning,2026-05-24T16:11:10Z,2026-05-24,21713531,89,Alex Caruso,OKC,SAS,False,fg3m,"{""0"": 0.48523254419442763, ""1"": 0.24310109907584446, ""2"": 0.09225679116639708, ""3"": 0.07418554044464847, ""4"": 0.035017698527906226, ""5"": 0.07020632659077618, ""6"": 8.245539916066314e-301, ""7"": 7.885291127169167e-301, ""8"": 7.54078165810189e-301, ""9"": 7.211323855784318e-301, ""10"": 6.896260110797833e-301, ""11"": 6.594961544770172e-301, ""12"": 6.306826755112864e-301, ""13"": 6.0312806146004005e-301, ""14"": 5.767773123396625e-301, ""15"": 5.515778311232959e-301}",1.1413,1.1413,1,0,0.4852,0.5148,0.2717,0.1794,0.1052,0.0702,0.0,0.0,0.0,0.0,0.0,0.0,0.0,0.0,0.0,0.0,0.0,0.0,0.0,0.0,0.0,614c522d#phase10c,stat_grid:fg3m_hurdle_v1+role_aware_pmf_cal_v1:rotation+monotone_pit_cdf_v1+sparse_hurdle_guarded,phase8_role_aware_pmf_cal_v1+monotone_inactive_global_v1,rotation,projected_minutes,high,22.5514,21.9169,10.2327,21.9169,31.3872,8.3936,0.05,0.8866,0.1937,rotation,True,current_market_line,True,hardrockbet,hardrockbet,player_fg3m_over_under,2.5,2.5,0.1794,140.0,-185.0,0.3909,0.6091,0.8206,457.0,-457.0,-0.2115,-0.2115,0.2115,2026-05-24T16:09:59.066825Z,full,provisional,lineup_unconfirmed,fallback_used,projected,derived_from_projected_minutes,ok,finals_pending,current_phase8,ok,0.0,projected,not_available_yet,bdl_lineup_freshness_manifest,bdl_plus_nba_official,2026-05-24T16:10:20Z
morning,2026-05-24T16:11:10Z,2026-05-24,21713531,89,Alex Caruso,OKC,SAS,False,fg3m,"{""0"": 0.48523254419442763, ""1"": 0.24310109907584446, ""2"": 0.09225679116639708, ""3"": 0.07418554044464847, ""4"": 0.035017698527906226, ""5"": 0.07020632659077618, ""6"": 8.245539916066314e-301, ""7"": 7.885291127169167e-301, ""8"": 7.54078165810189e-301, ""9"": 7.211323855784318e-301, ""10"": 6.896260110797833e-301, ""11"": 6.594961544770172e-301, ""12"": 6.306826755112864e-301, ""13"": 6.0312806146004005e-301, ""14"": 5.767773123396625e-301, ""15"": 5.515778311232959e-301}",1.1413,1.1413,1,0,0.4852,0.5148,0.2717,0.1794,0.1052,0.0702,0.0,0.0,0.0,0.0,0.0,0.0,0.0,0.0,0.0,0.0,0.0,0.0,0.0,0.0,0.0,614c522d#phase10c,stat_grid:fg3m_hurdle_v1+role_aware_pmf_cal_v1:rotation+monotone_pit_cdf_v1+sparse_hurdle_guarded,phase8_role_aware_pmf_cal_v1+monotone_inactive_global_v1,rotation,projected_minutes,high,22.5514,21.9169,10.2327,21.9169,31.3872,8.3936,0.05,0.8866,0.1937,rotation,True,current_market_line,True,hardrockbet_az,hardrockbet_az,player_fg3m_over_under,2.5,2.5,0.1794,140.0,-185.0,0.3909,0.6091,0.8206,457.0,-457.0,-0.2115,-0.2115,0.2115,2026-05-24T16:09:59.066825Z,full,provisional,lineup_unconfirmed,fallback_used,projected,derived_from_projected_minutes,ok,finals_pending,current_phase8,ok,0.0,projected,not_available_yet,bdl_lineup_freshness_manifest,bdl_plus_nba_official,2026-05-24T16:10:20Z
morning,2026-05-24T16:11:10Z,2026-05-24,21713531,89,Alex Caruso,OKC,SAS,False,fg3m,"{""0"": 0.48523254419442763, ""1"": 0.24310109907584446, ""2"": 0.09225679116639708, ""3"": 0.07418554044464847, ""4"": 0.035017698527906226, ""5"": 0.07020632659077618, ""6"": 8.245539916066314e-301, ""7"": 7.885291127169167e-301, ""8"": 7.54078165810189e-301, ""9"": 7.211323855784318e-301, ""10"": 6.896260110797833e-301, ""11"": 6.594961544770172e-301, ""12"": 6.306826755112864e-301, ""13"": 6.0312806146004005e-301, ""14"": 5.767773123396625e-301, ""15"": 5.515778311232959e-301}",1.1413,1.1413,1,0,0.4852,0.5148,0.2717,0.1794,0.1052,0.0702,0.0,0.0,0.0,0.0,0.0,0.0,0.0,0.0,0.0,0.0,0.0,0.0,0.0,0.0,0.0,614c522d#phase10c,stat_grid:fg3m_hurdle_v1+role_aware_pmf_cal_v1:rotation+monotone_pit_cdf_v1+sparse_hurdle_guarded,phase8_role_aware_pmf_cal_v1+monotone_inactive_global_v1,rotation,projected_minutes,high,22.5514,21.9169,10.2327,21.9169,31.3872,8.3936,0.05,0.8866,0.1937,rotation,True,current_market_line,True,fliff,fliff,player_fg3m_over_under,2.5,2.5,0.1794,135.0,-195.0,0.3916,0.6084,0.8206,457.0,-457.0,-0.2122,-0.2122,0.2122,2026-05-24T16:09:59.066825Z,full,provisional,lineup_unconfirmed,fallback_used,projected,derived_from_projected_minutes,ok,finals_pending,current_phase8,ok,0.0,projected,not_available_yet,bdl_lineup_freshness_manifest,bdl_plus_nba_official,2026-05-24T16:10:20Z
morning,2026-05-24T16:11:10Z,2026-05-24,21713531,89,Alex Caruso,OKC,SAS,False,tov,"{""0"": 0.35346042693728347, ""1"": 0.42523570315263487, ""2"": 0.21605360342466032, ""3"": 0.0052182925446428085, ""4"": 3.189666561457777e-05, ""5"": 7.721628767850268e-08, ""6"": 5.884505021251495e-11, ""7"": 3.132012652371081e-14, ""8"": 5.6486606296527324e-18, ""9"": 2.869042014302792e-22, ""10"": 1.6997612064994107e-27, ""11"": 2.2014273948042134e-32, ""12"": 2.9658376478183926e-38}",0.8731,0.8731,1,1,0.3535,0.6465,0.2213,0.0053,0.0,0.0,0.0,0.0,0.0,0.0,0.0,0.0,0.0,0.0,0.0,0.0,0.0,0.0,0.0,0.0,0.0,614c522d#phase10c,stat_grid:pmf_sim_v1+role_aware_pmf_cal_v1:rotation+monotone_pit_cdf_v1+sparse_hurdle_guarded,phase8_role_aware_pmf_cal_v1+monotone_inactive_global_v1,rotation,projected_minutes,high,22.5514,21.9169,10.2327,21.9169,31.3872,8.3936,0.05,0.8866,0.1937,rotation,True,current_market_line,True,,,player_tov_over_under,,,,,,,,,,,,,,,no_market,provisional,lineup_unconfirmed,fallback_used,projected,derived_from_projected_minutes,ok,finals_pending,current_phase8,ok,0.0,projected,not_available_yet,bdl_lineup_freshness_manifest,bdl_plus_nba_official,2026-05-24T16:10:20Z
morning,2026-05-24T16:11:10Z,2026-05-24,21713531,89,Alex Caruso,OKC,SAS,False,stl,"{""0"": 0.318722456100603, ""1"": 0.3349612926719045, ""2"": 0.14014555582422733, ""3"": 0.16333389340939605, ""4"": 0.026027202281441234, ""5"": 0.007973259691242029, ""6"": 0.0029689504798502955, ""7"": 0.0005576132063247609, ""8"": 0.0017405424873376985, ""9"": 0.002203055862443002, ""10"": 0.0013661779852300784}",1.3184,1.3184,1,1,0.3187,0.6813,0.3463,0.2062,0.0428,0.0168,0.0088,0.0059,0.0053,0.0036,0.0014,0.0,0.0,0.0,0.0,0.0,0.0,0.0,0.0,0.0,0.0,614c522d#phase10c,stat_grid:hurdle_v1+role_aware_pmf_cal_v1:rotation+monotone_pit_cdf_v1+sparse_hurdle_guarded,phase8_role_aware_pmf_cal_v1+monotone_inactive_global_v1,rotation,projected_minutes,high,22.5514,21.9169,10.2327,21.9169,31.3872,8.3936,0.05,0.8866,0.1937,rotation,True,current_market_line,True,bovada,bovada,player_stl_over_under,1.5,1.5,0.3463,110.0,-145.0,0.4459,0.5541,0.6537,189.0,-189.0,-0.0995,-0.0995,0.0995,2026-05-24T16:09:59.066825Z,full,provisional,lineup_unconfirmed,fallback_used,projected,derived_from_projected_minutes,ok,finals_pending,current_phase8,ok,0.0,projected,not_available_yet,bdl_lineup_freshness_manifest,bdl_plus_nba_official,2026-05-24T16:10:20Z
morning,2026-05-24T16:11:10Z,2026-05-24,21713531,89,Alex Caruso,OKC,SAS,False,stl,"{""0"": 0.318722456100603, ""1"": 0.3349612926719045, ""2"": 0.14014555582422733, ""3"": 0.16333389340939605, ""4"": 0.026027202281441234, ""5"": 0.007973259691242029, ""6"": 0.0029689504798502955, ""7"": 0.0005576132063247609, ""8"": 0.0017405424873376985, ""9"": 0.002203055862443002, ""10"": 0.0013661779852300784}",1.3184,1.3184,1,1,0.3187,0.6813,0.3463,0.2062,0.0428,0.0168,0.0088,0.0059,0.0053,0.0036,0.0014,0.0,0.0,0.0,0.0,0.0,0.0,0.0,0.0,0.0,0.0,614c522d#phase10c,stat_grid:hurdle_v1+role_aware_pmf_cal_v1:rotation+monotone_pit_cdf_v1+sparse_hurdle_guarded,phase8_role_aware_pmf_cal_v1+monotone_inactive_global_v1,rotation,projected_minutes,high,22.5514,21.9169,10.2327,21.9169,31.3872,8.3936,0.05,0.8866,0.1937,rotation,True,current_market_line,True,draftkings,draftkings,player_stl_over_under,1.5,1.5,0.3463,109.0,-145.0,0.447,0.553,0.6537,189.0,-189.0,-0.1007,-0.1007,0.1007,2026-05-24T16:09:59.066825Z,full,provisional,lineup_unconfirmed,fallback_used,projected,derived_from_projected_minutes,ok,finals_pending,current_phase8,ok,0.0,projected,not_available_yet,bdl_lineup_freshness_manifest,bdl_plus_nba_official,2026-05-24T16:10:20Z
morning,2026-05-24T16:11:10Z,2026-05-24,21713531,89,Alex Caruso,OKC,SAS,False,stl,"{""0"": 0.318722456100603, ""1"": 0.3349612926719045, ""2"": 0.14014555582422733, ""3"": 0.16333389340939605, ""4"": 0.026027202281441234, ""5"": 0.007973259691242029, ""6"": 0.0029689504798502955, ""7"": 0.0005576132063247609, ""8"": 0.0017405424873376985, ""9"": 0.002203055862443002, ""10"": 0.0013661779852300784}",1.3184,1.3184,1,1,0.3187,0.6813,0.3463,0.2062,0.0428,0.0168,0.0088,0.0059,0.0053,0.0036,0.0014,0.0,0.0,0.0,0.0,0.0,0.0,0.0,0.0,0.0,0.0,614c522d#phase10c,stat_grid:hurdle_v1+role_aware_pmf_cal_v1:rotation+monotone_pit_cdf_v1+sparse_hurdle_guarded,phase8_role_aware_pmf_cal_v1+monotone_inactive_global_v1,rotation,projected_minutes,high,22.5514,21.9169,10.2327,21.9169,31.3872,8.3936,0.05,0.8866,0.1937,rotation,True,current_market_line,True,hardrockbet_fl,hardrockbet_fl,player_stl_over_under,1.5,1.5,0.3463,105.0,-145.0,0.4518,0.5482,0.6537,189.0,-189.0,-0.1055,-0.1055,0.1055,2026-05-24T16:09:59.066825Z,full,provisional,lineup_unconfirmed,fallback_used,projected,derived_from_projected_minutes,ok,finals_pending,current_phase8,ok,0.0,projected,not_available_yet,bdl_lineup_freshness_manifest,bdl_plus_nba_official,2026-05-24T16:10:20Z
morning,2026-05-24T16:11:10Z,2026-05-24,21713531,89,Alex Caruso,OKC,SAS,False,stl,"{""0"": 0.318722456100603, ""1"": 0.3349612926719045, ""2"": 0.14014555582422733, ""3"": 0.16333389340939605, ""4"": 0.026027202281441234, ""5"": 0.007973259691242029, ""6"": 0.0029689504798502955, ""7"": 0.0005576132063247609, ""8"": 0.0017405424873376985, ""9"": 0.002203055862443002, ""10"": 0.0013661779852300784}",1.3184,1.3184,1,1,0.3187,0.6813,0.3463,0.2062,0.0428,0.0168,0.0088,0.0059,0.0053,0.0036,0.0014,0.0,0.0,0.0,0.0,0.0,0.0,0.0,0.0,0.0,0.0,614c522d#phase10c,stat_grid:hurdle_v1+role_aware_pmf_cal_v1:rotation+monotone_pit_cdf_v1+sparse_hurdle_guarded,phase8_role_aware_pmf_cal_v1+monotone_inactive_global_v1,rotation,projected_minutes,high,22.5514,21.9169,10.2327,21.9169,31.3872,8.3936,0.05,0.8866,0.1937,rotation,True,current_market_line,True,betparx,betparx,player_stl_over_under,1.5,1.5,0.3463,123.0,-165.0,0.4187,0.5813,0.6537,189.0,-189.0,-0.0724,-0.0724,0.0724,2026-05-24T16:09:59.066825Z,full,provisional,lineup_unconfirmed,fallback_used,projected,derived_from_projected_minutes,ok,finals_pending,current_phase8,ok,0.0,projected,not_available_yet,bdl_lineup_freshness_manifest,bdl_plus_nba_official,2026-05-24T16:10:20Z
morning,2026-05-24T16:11:10Z,2026-05-24,21713531,89,Alex Caruso,OKC,SAS,False,stl,"{""0"": 0.318722456100603, ""1"": 0.3349612926719045, ""2"": 0.14014555582422733, ""3"": 0.16333389340939605, ""4"": 0.026027202281441234, ""5"": 0.007973259691242029, ""6"": 0.0029689504798502955, ""7"": 0.0005576132063247609, ""8"": 0.0017405424873376985, ""9"": 0.002203055862443002, ""10"": 0.0013661779852300784}",1.3184,1.3184,1,1,0.3187,0.6813,0.3463,0.2062,0.0428,0.0168,0.0088,0.0059,0.0053,0.0036,0.0014,0.0,0.0,0.0,0.0,0.0,0.0,0.0,0.0,0.0,0.0,614c522d#phase10c,stat_grid:hurdle_v1+role_aware_pmf_cal_v1:rotation+monotone_pit_cdf_v1+sparse_hurdle_guarded,phase8_role_aware_pmf_cal_v1+monotone_inactive_global_v1,rotation,projected_minutes,high,22.5514,21.9169,10.2327,21.9169,31.3872,8.3936,0.05,0.8866,0.1937,rotation,True,current_market_line,True,hardrockbet,hardrockbet,player_stl_over_under,1.5,1.5,0.3463,105.0,-145.0,0.4518,0.5482,0.6537,189.0,-189.0,-0.1055,-0.1055,0.1055,2026-05-24T16:09:59.066825Z,full,provisional,lineup_unconfirmed,fallback_used,projected,derived_from_projected_minutes,ok,finals_pending,current_phase8,ok,0.0,projected,not_available_yet,bdl_lineup_freshness_manifest,bdl_plus_nba_official,2026-05-24T16:10:20Z
morning,2026-05-24T16:11:10Z,2026-05-24,21713531,89,Alex Caruso,OKC,SAS,False,stl,"{""0"": 0.318722456100603, ""1"": 0.3349612926719045, ""2"": 0.14014555582422733, ""3"": 0.16333389340939605, ""4"": 0.026027202281441234, ""5"": 0.007973259691242029, ""6"": 0.0029689504798502955, ""7"": 0.0005576132063247609, ""8"": 0.0017405424873376985, ""9"": 0.002203055862443002, ""10"": 0.0013661779852300784}",1.3184,1.3184,1,1,0.3187,0.6813,0.3463,0.2062,0.0428,0.0168,0.0088,0.0059,0.0053,0.0036,0.0014,0.0,0.0,0.0,0.0,0.0,0.0,0.0,0.0,0.0,0.0,614c522d#phase10c,stat_grid:hurdle_v1+role_aware_pmf_cal_v1:rotation+monotone_pit_cdf_v1+sparse_hurdle_guarded,phase8_role_aware_pmf_cal_v1+monotone_inactive_global_v1,rotation,projected_minutes,high,22.5514,21.9169,10.2327,21.9169,31.3872,8.3936,0.05,0.8866,0.1937,rotation,True,current_market_line,True,hardrockbet_az,hardrockbet_az,player_stl_over_under,1.5,1.5,0.3463,105.0,-145.0,0.4518,0.5482,0.6537,189.0,-189.0,-0.1055,-0.1055,0.1055,2026-05-24T16:09:59.066825Z,full,provisional,lineup_unconfirmed,fallback_used,projected,derived_from_projected_minutes,ok,finals_pending,current_phase8,ok,0.0,projected,not_available_yet,bdl_lineup_freshness_manifest,bdl_plus_nba_official,2026-05-24T16:10:20Z
morning,2026-05-24T16:11:10Z,2026-05-24,21713531,89,Alex Caruso,OKC,SAS,False,blk,"{""0"": 0.8047537003543245, ""1"": 0.16287543168716925, ""2"": 0.016365746091255122, ""3"": 0.001010251463205378, ""4"": 0.0004710937986357117, ""5"": 0.00046403671055707664, ""6"": 0.0030198868045669194, ""7"": 0.0027361459974268687, ""8"": 0.0029223183694167126, ""9"": 0.0015125332054219207, ""10"": 0.0038688555180205406}",0.3158,0.3158,0,0,0.8048,0.1952,0.0324,0.016,0.015,0.0145,0.0141,0.011,0.0083,0.0054,0.0039,0.0,0.0,0.0,0.0,0.0,0.0,0.0,0.0,0.0,0.0,614c522d#phase10c,stat_grid:hurdle_v1+role_aware_pmf_cal_v1:rotation+monotone_pit_cdf_v1+sparse_hurdle_guarded,phase8_role_aware_pmf_cal_v1+monotone_inactive_global_v1,rotation,projected_minutes,high,22.5514,21.9169,10.2327,21.9169,31.3872,8.3936,0.05,0.8866,0.1937,rotation,True,current_market_line,True,draftkings,draftkings,player_blk_over_under,0.5,0.5,0.1952,137.0,-183.0,0.3949,0.6051,0.8048,412.0,-412.0,-0.1996,-0.1996,0.1996,2026-05-24T16:09:59.066825Z,full,provisional,lineup_unconfirmed,fallback_used,projected,derived_from_projected_minutes,ok,finals_pending,current_phase8,ok,0.0,projected,not_available_yet,bdl_lineup_freshness_manifest,bdl_plus_nba_official,2026-05-24T16:10:20Z
morning,2026-05-24T16:11:10Z,2026-05-24,21713531,89,Alex Caruso,OKC,SAS,False,blk,"{""0"": 0.8047537003543245, ""1"": 0.16287543168716925, ""2"": 0.016365746091255122, ""3"": 0.001010251463205378, ""4"": 0.0004710937986357117, ""5"": 0.00046403671055707664, ""6"": 0.0030198868045669194, ""7"": 0.0027361459974268687, ""8"": 0.0029223183694167126, ""9"": 0.0015125332054219207, ""10"": 0.0038688555180205406}",0.3158,0.3158,0,0,0.8048,0.1952,0.0324,0.016,0.015,0.0145,0.0141,0.011,0.0083,0.0054,0.0039,0.0,0.0,0.0,0.0,0.0,0.0,0.0,0.0,0.0,0.0,614c522d#phase10c,stat_grid:hurdle_v1+role_aware_pmf_cal_v1:rotation+monotone_pit_cdf_v1+sparse_hurdle_guarded,phase8_role_aware_pmf_cal_v1+monotone_inactive_global_v1,rotation,projected_minutes,high,22.5514,21.9169,10.2327,21.9169,31.3872,8.3936,0.05,0.8866,0.1937,rotation,True,current_market_line,True,bovada,bovada,player_blk_over_under,0.5,0.5,0.1952,140.0,-185.0,0.3909,0.6091,0.8048,412.0,-412.0,-0.1957,-0.1957,0.1957,2026-05-24T16:09:59.066825Z,full,provisional,lineup_unconfirmed,fallback_used,projected,derived_from_projected_minutes,ok,finals_pending,current_phase8,ok,0.0,projected,not_available_yet,bdl_lineup_freshness_manifest,bdl_plus_nba_official,2026-05-24T16:10:20Z
morning,2026-05-24T16:11:10Z,2026-05-24,21713531,89,Alex Caruso,OKC,SAS,False,blk,"{""0"": 0.8047537003543245, ""1"": 0.16287543168716925, ""2"": 0.016365746091255122, ""3"": 0.001010251463205378, ""4"": 0.0004710937986357117, ""5"": 0.00046403671055707664, ""6"": 0.0030198868045669194, ""7"": 0.0027361459974268687, ""8"": 0.0029223183694167126, ""9"": 0.0015125332054219207, ""10"": 0.0038688555180205406}",0.3158,0.3158,0,0,0.8048,0.1952,0.0324,0.016,0.015,0.0145,0.0141,0.011,0.0083,0.0054,0.0039,0.0,0.0,0.0,0.0,0.0,0.0,0.0,0.0,0.0,0.0,614c522d#phase10c,stat_grid:hurdle_v1+role_aware_pmf_cal_v1:rotation+monotone_pit_cdf_v1+sparse_hurdle_guarded,phase8_role_aware_pmf_cal_v1+monotone_inactive_global_v1,rotation,projected_minutes,high,22.5514,21.9169,10.2327,21.9169,31.3872,8.3936,0.05,0.8866,0.1937,rotation,True,current_market_line,True,hardrockbet_fl,hardrockbet_fl,player_blk_over_under,0.5,0.5,0.1952,145.0,-210.0,0.376,0.624,0.8048,412.0,-412.0,-0.1807,-0.1807,0.1807,2026-05-24T16:09:59.066825Z,full,provisional,lineup_unconfirmed,fallback_used,projected,derived_from_projected_minutes,ok,finals_pending,current_phase8,ok,0.0,projected,not_available_yet,bdl_lineup_freshness_manifest,bdl_plus_nba_official,2026-05-24T16:10:20Z
morning,2026-05-24T16:11:10Z,2026-05-24,21713531,89,Alex Caruso,OKC,SAS,False,blk,"{""0"": 0.8047537003543245, ""1"": 0.16287543168716925, ""2"": 0.016365746091255122, ""3"": 0.001010251463205378, ""4"": 0.0004710937986357117, ""5"": 0.00046403671055707664, ""6"": 0.0030198868045669194, ""7"": 0.0027361459974268687, ""8"": 0.0029223183694167126, ""9"": 0.0015125332054219207, ""10"": 0.0038688555180205406}",0.3158,0.3158,0,0,0.8048,0.1952,0.0324,0.016,0.015,0.0145,0.0141,0.011,0.0083,0.0054,0.0039,0.0,0.0,0.0,0.0,0.0,0.0,0.0,0.0,0.0,0.0,614c522d#phase10c,stat_grid:hurdle_v1+role_aware_pmf_cal_v1:rotation+monotone_pit_cdf_v1+sparse_hurdle_guarded,phase8_role_aware_pmf_cal_v1+monotone_inactive_global_v1,rotation,projected_minutes,high,22.5514,21.9169,10.2327,21.9169,31.3872,8.3936,0.05,0.8866,0.1937,rotation,True,current_market_line,True,betparx,betparx,player_blk_over_under,0.5,0.5,0.1952,180.0,-245.0,0.3346,0.6654,0.8048,412.0,-412.0,-0.1394,-0.1394,0.1394,2026-05-24T16:09:59.066825Z,full,provisional,lineup_unconfirmed,fallback_used,projected,derived_from_projected_minutes,ok,finals_pending,current_phase8,ok,0.0,projected,not_available_yet,bdl_lineup_freshness_manifest,bdl_plus_nba_official,2026-05-24T16:10:20Z
morning,2026-05-24T16:11:10Z,2026-05-24,21713531,89,Alex Caruso,OKC,SAS,False,blk,"{""0"": 0.8047537003543245, ""1"": 0.16287543168716925, ""2"": 0.016365746091255122, ""3"": 0.001010251463205378, ""4"": 0.0004710937986357117, ""5"": 0.00046403671055707664, ""6"": 0.0030198868045669194, ""7"": 0.0027361459974268687, ""8"": 0.0029223183694167126, ""9"": 0.0015125332054219207, ""10"": 0.0038688555180205406}",0.3158,0.3158,0,0,0.8048,0.1952,0.0324,0.016,0.015,0.0145,0.0141,0.011,0.0083,0.0054,0.0039,0.0,0.0,0.0,0.0,0.0,0.0,0.0,0.0,0.0,0.0,614c522d#phase10c,stat_grid:hurdle_v1+role_aware_pmf_cal_v1:rotation+monotone_pit_cdf_v1+sparse_hurdle_guarded,phase8_role_aware_pmf_cal_v1+monotone_inactive_global_v1,rotation,projected_minutes,high,22.5514,21.9169,10.2327,21.9169,31.3872,8.3936,0.05,0.8866,0.1937,rotation,True,current_market_line,True,hardrockbet_az,hardrockbet_az,player_blk_over_under,0.5,0.5,0.1952,145.0,-210.0,0.376,0.624,0.8048,412.0,-412.0,-0.1807,-0.1807,0.1807,2026-05-24T16:09:59.066825Z,full,provisional,lineup_unconfirmed,fallback_used,projected,derived_from_projected_minutes,ok,finals_pending,current_phase8,ok,0.0,projected,not_available_yet,bdl_lineup_freshness_manifest,bdl_plus_nba_official,2026-05-24T16:10:20Z
morning,2026-05-24T16:11:10Z,2026-05-24,21713531,89,Alex Caruso,OKC,SAS,False,blk,"{""0"": 0.8047537003543245, ""1"": 0.16287543168716925, ""2"": 0.016365746091255122, ""3"": 0.001010251463205378, ""4"": 0.0004710937986357117, ""5"": 0.00046403671055707664, ""6"": 0.0030198868045669194, ""7"": 0.0027361459974268687, ""8"": 0.0029223183694167126, ""9"": 0.0015125332054219207, ""10"": 0.0038688555180205406}",0.3158,0.3158,0,0,0.8048,0.1952,0.0324,0.016,0.015,0.0145,0.0141,0.011,0.0083,0.0054,0.0039,0.0,0.0,0.0,0.0,0.0,0.0,0.0,0.0,0.0,0.0,614c522d#phase10c,stat_grid:hurdle_v1+role_aware_pmf_cal_v1:rotation+monotone_pit_cdf_v1+sparse_hurdle_guarded,phase8_role_aware_pmf_cal_v1+monotone_inactive_global_v1,rotation,projected_minutes,high,22.5514,21.9169,10.2327,21.9169,31.3872,8.3936,0.05,0.8866,0.1937,rotation,True,current_market_line,True,hardrockbet,hardrockbet,player_blk_over_under,0.5,0.5,0.1952,145.0,-210.0,0.376,0.624,0.8048,412.0,-412.0,-0.1807,-0.1807,0.1807,2026-05-24T16:09:59.066825Z,full,provisional,lineup_unconfirmed,fallback_used,projected,derived_from_projected_minutes,ok,finals_pending,current_phase8,ok,0.0,projected,not_available_yet,bdl_lineup_freshness_manifest,bdl_plus_nba_official,2026-05-24T16:10:20Z
morning,2026-05-24T16:11:10Z,2026-05-24,21713531,89,Alex Caruso,OKC,SAS,False,stocks,"{""0"": 0.2564930759329791, ""1"": 0.32147339737896363, ""2"": 0.1725557505703129, ""3"": 0.16007370431229864, ""4"": 0.05033069563509285, ""5"": 0.013776062435949815, ""6"": 0.005462846665972838, ""7"": 0.00311468737238056, ""8"": 0.0039073629653925265, ""9"": 0.004422018247484381, ""10"": 0.004167193335210555, ""11"": 0.002342468114097695, ""12"": 0.0009217553868292709, ""13"": 0.0007076157613611454, ""14"": 0.00012987937293395464, ""15"": 4.901686368206913e-05, ""16"": 2.7569853570961105e-05, ""17"": 1.496604627948496e-05, ""18"": 1.4058509573960695e-05, ""19"": 1.0589694397097025e-05, ""20"": 5.285545236755575e-06}",1.6342,1.6342,1,1,0.2565,0.7435,0.422,0.2495,0.0894,0.0391,0.0253,0.0198,0.0167,0.0128,0.0084,0.0042,0.0019,0.001,0.0003,0.0001,0.0001,0.0,0.0,0.0,0.0,614c522d#phase10c,"stat_grid:component_convolution_mean_coherent_v1+components[stl:hurdle_v1+role_aware_pmf_cal_v1:rotation+monotone_pit_cdf_v1+sparse_hurdle_guarded,blk:hurdle_v1+role_aware_pmf_cal_v1:rotation+monotone_pit_cdf_v1+sparse_hurdle_guarded]+prior_combo[joint_sampler_v1+joint_combo_pmf_v1+role_aware_pmf_cal_v1:rotation+monotone_pit_cdf_v1+sparse_hurdle_guarded]+stat_grid_final_component_convolution_mean_coherent_v1",phase8_role_aware_pmf_cal_v1+monotone_inactive_global_v1,rotation,projected_minutes,high,22.5514,21.9169,10.2327,21.9169,31.3872,8.3936,0.05,0.8866,0.1937,rotation,True,current_market_line,True,draftkings,draftkings,player_stocks_over_under,1.5,1.5,0.422,-163.0,123.0,0.5802,0.4198,0.578,137.0,-137.0,-0.1582,-0.1582,0.1582,2026-05-24T16:09:59.066825Z,full,provisional,lineup_unconfirmed,fallback_used,projected,derived_from_projected_minutes,ok,finals_pending,current_phase8,ok,0.0,projected,not_available_yet,bdl_lineup_freshness_manifest,bdl_plus_nba_official,2026-05-24T16:10:20Z
morning,2026-05-24T16:11:10Z,2026-05-24,21713531,89,Alex Caruso,OKC,SAS,False,stocks,"{""0"": 0.2564930759329791, ""1"": 0.32147339737896363, ""2"": 0.1725557505703129, ""3"": 0.16007370431229864, ""4"": 0.05033069563509285, ""5"": 0.013776062435949815, ""6"": 0.005462846665972838, ""7"": 0.00311468737238056, ""8"": 0.0039073629653925265, ""9"": 0.004422018247484381, ""10"": 0.004167193335210555, ""11"": 0.002342468114097695, ""12"": 0.0009217553868292709, ""13"": 0.0007076157613611454, ""14"": 0.00012987937293395464, ""15"": 4.901686368206913e-05, ""16"": 2.7569853570961105e-05, ""17"": 1.496604627948496e-05, ""18"": 1.4058509573960695e-05, ""19"": 1.0589694397097025e-05, ""20"": 5.285545236755575e-06}",1.6342,1.6342,1,1,0.2565,0.7435,0.422,0.2495,0.0894,0.0391,0.0253,0.0198,0.0167,0.0128,0.0084,0.0042,0.0019,0.001,0.0003,0.0001,0.0001,0.0,0.0,0.0,0.0,614c522d#phase10c,"stat_grid:component_convolution_mean_coherent_v1+components[stl:hurdle_v1+role_aware_pmf_cal_v1:rotation+monotone_pit_cdf_v1+sparse_hurdle_guarded,blk:hurdle_v1+role_aware_pmf_cal_v1:rotation+monotone_pit_cdf_v1+sparse_hurdle_guarded]+prior_combo[joint_sampler_v1+joint_combo_pmf_v1+role_aware_pmf_cal_v1:rotation+monotone_pit_cdf_v1+sparse_hurdle_guarded]+stat_grid_final_component_convolution_mean_coherent_v1",phase8_role_aware_pmf_cal_v1+monotone_inactive_global_v1,rotation,projected_minutes,high,22.5514,21.9169,10.2327,21.9169,31.3872,8.3936,0.05,0.8866,0.1937,rotation,True,current_market_line,True,betparx,betparx,player_stocks_over_under,1.5,1.5,0.422,-141.0,106.0,0.5465,0.4535,0.578,137.0,-137.0,-0.1245,-0.1245,0.1245,2026-05-24T16:09:59.066825Z,full,provisional,lineup_unconfirmed,fallback_used,projected,derived_from_projected_minutes,ok,finals_pending,current_phase8,ok,0.0,projected,not_available_yet,bdl_lineup_freshness_manifest,bdl_plus_nba_official,2026-05-24T16:10:20Z
morning,2026-05-24T16:11:10Z,2026-05-24,21713531,89,Alex Caruso,OKC,SAS,False,pa,"{""0"": 0.0032975846321382715, ""1"": 0.007565096617557995, ""2"": 0.013937285752025321, ""3"": 0.021002443350343247, ""4"": 0.02619433388221313, ""5"": 0.031087609386464387, ""6"": 0.036106222355205754, ""7"": 0.04201821718731997, ""8"": 0.049024442915126344, ""9"": 0.05518949145388677, ""10"": 0.06108698440910813, ""11"": 0.06624611694181103, ""12"": 0.06783724573033977, ""13"": 0.06616044039045131, ""14"": 0.06162787891869613, ""15"": 0.05479294954856683, ""16"": 0.050399685515657086, ""17"": 0.046610285045190714, ""18"": 0.04105208038695813, ""19"": 0.03816007655160601, ""20"": 0.03290375380289629, ""21"": 0.02633452449796561, ""22"": 0.020732035724927114, ""23"": 0.017396595904342973, ""24"": 0.014221336495668221, ""25"": 0.012449133686303314, ""26"": 0.0107225309101318, ""27"": 0.008599737147757802, ""28"": 0.005784167025916596, ""29"": 0.003588698618919803, ""30"": 0.0022213758244851705, ""31"": 0.0012987779357109762, ""32"": 0.000859198672031073, ""33"": 0.0005276286601641555, ""34"": 0.0004237923325357692, ""35"": 0.00039802454194055913, ""36"": 0.000278080263608174, ""37"": 0.0003353165383891058, ""38"": 0.00033925745871600695, ""39"": 0.00034138954873684567, ""40"": 0.0003183082554745767, ""41"": 0.0002148680051614603, ""42"": 0.0001221089735835898, ""43"": 5.895124480901954e-05, ""44"": 3.142272327122345e-05, ""45"": 2.330627947832101e-05, ""46"": 1.2601555725243323e-05, ""47"": 1.8357946129358518e-05, ""48"": 1.5335795869780342e-05, ""49"": 1.4335877700828762e-05, ""50"": 1.0620058547646296e-05, ""51"": 5.02670237234039e-06, ""52"": 1.9476519443448116e-06, ""53"": 7.047965802391132e-07, ""54"": 2.0491831674050422e-07, ""55"": 6.193406250200391e-08, ""56"": 4.984251646044491e-09, ""57"": 3.5290633857880044e-09, ""58"": 1.3927193214724698e-09, ""59"": 4.2172540952638727e-10, ""60"": 3.2950736793528983e-10, ""61"": 4.8043942527267687e-11, ""62"": 1.214796140595731e-11, ""63"": 1.504090038571761e-12, ""64"": 1.78743259922031e-15, ""65"": 1.9176645770742706e-13, ""66"": 3.3957920375540156e-301, ""67"": 8.259157257970874e-16, ""68"": 3.0006815544980473e-301, ""69"": 2.8144195303851945e-301, ""70"": 7.534458858632328e-16, ""71"": 2.46482293634748e-301, ""72"": 7.030149971857526e-16, ""73"": 2.1458268677028146e-301, ""74"": 1.9976927019982945e-301, ""75"": 1.857016270999406e-301, ""76"": 1.7236764925353977e-301, ""77"": 1.5975293083079198e-301, ""78"": 1.4784101593794898e-301, ""79"": 1.3661364292019046e-301, ""80"": 1.260509835563432e-301, ""81"": 1.009809062040333e-301, ""82"": 7.93439845509948e-302, ""83"": 4.799106297766397e-302, ""84"": 2.110728147873659e-302, ""85"": 7.928603511156683e-303, ""86"": 2.709505493348201e-303, ""87"": 7.925720494151902e-304, ""88"": 1.9747526071028285e-304, ""89"": 2.722831927846043e-305, ""90"": 1.4972849038419024e-305, ""91"": 5.5070141243465106e-306, ""92"": 2.2748066288038064e-306, ""93"": 1.1057654413867927e-306, ""94"": 1.7785102981188077e-307, ""95"": 3.977358131781194e-308, ""96"": 4.382431377230165e-309, ""97"": 6.0286722646306e-310, ""98"": 5.54241616524707e-310, ""99"": 3.2858898214e-312, ""100"": 3.0433251395e-312, ""101"": 2.81445526256e-312, ""102"": 2.59890847629e-312, ""103"": 2.3962838521e-312, ""104"": 2.206155785707e-312, ""105"": 2.028078362293e-312}",13.2806,13.2806,13,12,0.0033,0.9967,0.9891,0.9752,0.9542,0.928,0.8969,0.8608,0.8188,0.7698,0.7146,0.6535,0.5872,0.5194,0.4532,0.3916,0.3368,0.2864,0.2398,0.1988,0.1606,614c522d#phase10c,"stat_grid:component_convolution_mean_coherent_v1+components[pts:pmf_sim_v1+role_aware_pmf_cal_v1:rotation+monotone_pit_cdf_v1,ast:pmf_sim_v1+role_aware_pmf_cal_v1:rotation+monotone_pit_cdf_v1]+prior_combo[joint_sampler_v1+joint_combo_pmf_v1+role_aware_pmf_cal_v1:rotation+monotone_pit_cdf_v1]+stat_grid_final_component_convolution_mean_coherent_v1",phase8_role_aware_pmf_cal_v1+monotone_inactive_global_v1,rotation,projected_minutes,high,22.5514,21.9169,10.2327,21.9169,31.3872,8.3936,0.05,0.8866,0.1937,rotation,True,current_market_line,True,bovada,bovada,player_pa_over_under,13.5,13.5,0.4532,100.0,-130.0,0.4694,0.5306,0.5468,121.0,-121.0,-0.0161,-0.0161,0.0161,2026-05-24T16:09:59.066825Z,full,provisional,lineup_unconfirmed,fallback_used,projected,derived_from_projected_minutes,ok,finals_pending,current_phase8,ok,0.0,projected,not_available_yet,bdl_lineup_freshness_manifest,bdl_plus_nba_official,2026-05-24T16:10:20Z
morning,2026-05-24T16:11:10Z,2026-05-24,21713531,89,Alex Caruso,OKC,SAS,False,pa,"{""0"": 0.0032975846321382715, ""1"": 0.007565096617557995, ""2"": 0.013937285752025321, ""3"": 0.021002443350343247, ""4"": 0.02619433388221313, ""5"": 0.031087609386464387, ""6"": 0.036106222355205754, ""7"": 0.04201821718731997, ""8"": 0.049024442915126344, ""9"": 0.05518949145388677, ""10"": 0.06108698440910813, ""11"": 0.06624611694181103, ""12"": 0.06783724573033977, ""13"": 0.06616044039045131, ""14"": 0.06162787891869613, ""15"": 0.05479294954856683, ""16"": 0.050399685515657086, ""17"": 0.046610285045190714, ""18"": 0.04105208038695813, ""19"": 0.03816007655160601, ""20"": 0.03290375380289629, ""21"": 0.02633452449796561, ""22"": 0.020732035724927114, ""23"": 0.017396595904342973, ""24"": 0.014221336495668221, ""25"": 0.012449133686303314, ""26"": 0.0107225309101318, ""27"": 0.008599737147757802, ""28"": 0.005784167025916596, ""29"": 0.003588698618919803, ""30"": 0.0022213758244851705, ""31"": 0.0012987779357109762, ""32"": 0.000859198672031073, ""33"": 0.0005276286601641555, ""34"": 0.0004237923325357692, ""35"": 0.00039802454194055913, ""36"": 0.000278080263608174, ""37"": 0.0003353165383891058, ""38"": 0.00033925745871600695, ""39"": 0.00034138954873684567, ""40"": 0.0003183082554745767, ""41"": 0.0002148680051614603, ""42"": 0.0001221089735835898, ""43"": 5.895124480901954e-05, ""44"": 3.142272327122345e-05, ""45"": 2.330627947832101e-05, ""46"": 1.2601555725243323e-05, ""47"": 1.8357946129358518e-05, ""48"": 1.5335795869780342e-05, ""49"": 1.4335877700828762e-05, ""50"": 1.0620058547646296e-05, ""51"": 5.02670237234039e-06, ""52"": 1.9476519443448116e-06, ""53"": 7.047965802391132e-07, ""54"": 2.0491831674050422e-07, ""55"": 6.193406250200391e-08, ""56"": 4.984251646044491e-09, ""57"": 3.5290633857880044e-09, ""58"": 1.3927193214724698e-09, ""59"": 4.2172540952638727e-10, ""60"": 3.2950736793528983e-10, ""61"": 4.8043942527267687e-11, ""62"": 1.214796140595731e-11, ""63"": 1.504090038571761e-12, ""64"": 1.78743259922031e-15, ""65"": 1.9176645770742706e-13, ""66"": 3.3957920375540156e-301, ""67"": 8.259157257970874e-16, ""68"": 3.0006815544980473e-301, ""69"": 2.8144195303851945e-301, ""70"": 7.534458858632328e-16, ""71"": 2.46482293634748e-301, ""72"": 7.030149971857526e-16, ""73"": 2.1458268677028146e-301, ""74"": 1.9976927019982945e-301, ""75"": 1.857016270999406e-301, ""76"": 1.7236764925353977e-301, ""77"": 1.5975293083079198e-301, ""78"": 1.4784101593794898e-301, ""79"": 1.3661364292019046e-301, ""80"": 1.260509835563432e-301, ""81"": 1.009809062040333e-301, ""82"": 7.93439845509948e-302, ""83"": 4.799106297766397e-302, ""84"": 2.110728147873659e-302, ""85"": 7.928603511156683e-303, ""86"": 2.709505493348201e-303, ""87"": 7.925720494151902e-304, ""88"": 1.9747526071028285e-304, ""89"": 2.722831927846043e-305, ""90"": 1.4972849038419024e-305, ""91"": 5.5070141243465106e-306, ""92"": 2.2748066288038064e-306, ""93"": 1.1057654413867927e-306, ""94"": 1.7785102981188077e-307, ""95"": 3.977358131781194e-308, ""96"": 4.382431377230165e-309, ""97"": 6.0286722646306e-310, ""98"": 5.54241616524707e-310, ""99"": 3.2858898214e-312, ""100"": 3.0433251395e-312, ""101"": 2.81445526256e-312, ""102"": 2.59890847629e-312, ""103"": 2.3962838521e-312, ""104"": 2.206155785707e-312, ""105"": 2.028078362293e-312}",13.2806,13.2806,13,12,0.0033,0.9967,0.9891,0.9752,0.9542,0.928,0.8969,0.8608,0.8188,0.7698,0.7146,0.6535,0.5872,0.5194,0.4532,0.3916,0.3368,0.2864,0.2398,0.1988,0.1606,614c522d#phase10c,"stat_grid:component_convolution_mean_coherent_v1+components[pts:pmf_sim_v1+role_aware_pmf_cal_v1:rotation+monotone_pit_cdf_v1,ast:pmf_sim_v1+role_aware_pmf_cal_v1:rotation+monotone_pit_cdf_v1]+prior_combo[joint_sampler_v1+joint_combo_pmf_v1+role_aware_pmf_cal_v1:rotation+monotone_pit_cdf_v1]+stat_grid_final_component_convolution_mean_coherent_v1",phase8_role_aware_pmf_cal_v1+monotone_inactive_global_v1,rotation,projected_minutes,high,22.5514,21.9169,10.2327,21.9169,31.3872,8.3936,0.05,0.8866,0.1937,rotation,True,current_market_line,True,bovada,bovada,player_pa_over_under,12.5,12.5,0.5194,-130.0,100.0,0.5306,0.4694,0.4806,-108.0,108.0,-0.0112,-0.0112,0.0112,2026-05-24T16:09:59.066825Z,full,provisional,lineup_unconfirmed,fallback_used,projected,derived_from_projected_minutes,ok,finals_pending,current_phase8,ok,0.0,projected,not_available_yet,bdl_lineup_freshness_manifest,bdl_plus_nba_official,2026-05-24T16:10:20Z
morning,2026-05-24T16:11:10Z,2026-05-24,21713531,89,Alex Caruso,OKC,SAS,False,pa,"{""0"": 0.0032975846321382715, ""1"": 0.007565096617557995, ""2"": 0.013937285752025321, ""3"": 0.021002443350343247, ""4"": 0.02619433388221313, ""5"": 0.031087609386464387, ""6"": 0.036106222355205754, ""7"": 0.04201821718731997, ""8"": 0.049024442915126344, ""9"": 0.05518949145388677, ""10"": 0.06108698440910813, ""11"": 0.06624611694181103, ""12"": 0.06783724573033977, ""13"": 0.06616044039045131, ""14"": 0.06162787891869613, ""15"": 0.05479294954856683, ""16"": 0.050399685515657086, ""17"": 0.046610285045190714, ""18"": 0.04105208038695813, ""19"": 0.03816007655160601, ""20"": 0.03290375380289629, ""21"": 0.02633452449796561, ""22"": 0.020732035724927114, ""23"": 0.017396595904342973, ""24"": 0.014221336495668221, ""25"": 0.012449133686303314, ""26"": 0.0107225309101318, ""27"": 0.008599737147757802, ""28"": 0.005784167025916596, ""29"": 0.003588698618919803, ""30"": 0.0022213758244851705, ""31"": 0.0012987779357109762, ""32"": 0.000859198672031073, ""33"": 0.0005276286601641555, ""34"": 0.0004237923325357692, ""35"": 0.00039802454194055913, ""36"": 0.000278080263608174, ""37"": 0.0003353165383891058, ""38"": 0.00033925745871600695, ""39"": 0.00034138954873684567, ""40"": 0.0003183082554745767, ""41"": 0.0002148680051614603, ""42"": 0.0001221089735835898, ""43"": 5.895124480901954e-05, ""44"": 3.142272327122345e-05, ""45"": 2.330627947832101e-05, ""46"": 1.2601555725243323e-05, ""47"": 1.8357946129358518e-05, ""48"": 1.5335795869780342e-05, ""49"": 1.4335877700828762e-05, ""50"": 1.0620058547646296e-05, ""51"": 5.02670237234039e-06, ""52"": 1.9476519443448116e-06, ""53"": 7.047965802391132e-07, ""54"": 2.0491831674050422e-07, ""55"": 6.193406250200391e-08, ""56"": 4.984251646044491e-09, ""57"": 3.5290633857880044e-09, ""58"": 1.3927193214724698e-09, ""59"": 4.2172540952638727e-10, ""60"": 3.2950736793528983e-10, ""61"": 4.8043942527267687e-11, ""62"": 1.214796140595731e-11, ""63"": 1.504090038571761e-12, ""64"": 1.78743259922031e-15, ""65"": 1.9176645770742706e-13, ""66"": 3.3957920375540156e-301, ""67"": 8.259157257970874e-16, ""68"": 3.0006815544980473e-301, ""69"": 2.8144195303851945e-301, ""70"": 7.534458858632328e-16, ""71"": 2.46482293634748e-301, ""72"": 7.030149971857526e-16, ""73"": 2.1458268677028146e-301, ""74"": 1.9976927019982945e-301, ""75"": 1.857016270999406e-301, ""76"": 1.7236764925353977e-301, ""77"": 1.5975293083079198e-301, ""78"": 1.4784101593794898e-301, ""79"": 1.3661364292019046e-301, ""80"": 1.260509835563432e-301, ""81"": 1.009809062040333e-301, ""82"": 7.93439845509948e-302, ""83"": 4.799106297766397e-302, ""84"": 2.110728147873659e-302, ""85"": 7.928603511156683e-303, ""86"": 2.709505493348201e-303, ""87"": 7.925720494151902e-304, ""88"": 1.9747526071028285e-304, ""89"": 2.722831927846043e-305, ""90"": 1.4972849038419024e-305, ""91"": 5.5070141243465106e-306, ""92"": 2.2748066288038064e-306, ""93"": 1.1057654413867927e-306, ""94"": 1.7785102981188077e-307, ""95"": 3.977358131781194e-308, ""96"": 4.382431377230165e-309, ""97"": 6.0286722646306e-310, ""98"": 5.54241616524707e-310, ""99"": 3.2858898214e-312, ""100"": 3.0433251395e-312, ""101"": 2.81445526256e-312, ""102"": 2.59890847629e-312, ""103"": 2.3962838521e-312, ""104"": 2.206155785707e-312, ""105"": 2.028078362293e-312}",13.2806,13.2806,13,12,0.0033,0.9967,0.9891,0.9752,0.9542,0.928,0.8969,0.8608,0.8188,0.7698,0.7146,0.6535,0.5872,0.5194,0.4532,0.3916,0.3368,0.2864,0.2398,0.1988,0.1606,614c522d#phase10c,"stat_grid:component_convolution_mean_coherent_v1+components[pts:pmf_sim_v1+role_aware_pmf_cal_v1:rotation+monotone_pit_cdf_v1,ast:pmf_sim_v1+role_aware_pmf_cal_v1:rotation+monotone_pit_cdf_v1]+prior_combo[joint_sampler_v1+joint_combo_pmf_v1+role_aware_pmf_cal_v1:rotation+monotone_pit_cdf_v1]+stat_grid_final_component_convolution_mean_coherent_v1",phase8_role_aware_pmf_cal_v1+monotone_inactive_global_v1,rotation,projected_minutes,high,22.5514,21.9169,10.2327,21.9169,31.3872,8.3936,0.05,0.8866,0.1937,rotation,True,current_market_line,True,bovada,bovada,player_pa_over_under,11.5,11.5,0.5872,-180.0,135.0,0.6017,0.3983,0.4128,-142.0,142.0,-0.0145,-0.0145,0.0145,2026-05-24T16:09:59.066825Z,full,provisional,lineup_unconfirmed,fallback_used,projected,derived_from_projected_minutes,ok,finals_pending,current_phase8,ok,0.0,projected,not_available_yet,bdl_lineup_freshness_manifest,bdl_plus_nba_official,2026-05-24T16:10:20Z
morning,2026-05-24T16:11:10Z,2026-05-24,21713531,89,Alex Caruso,OKC,SAS,False,pa,"{""0"": 0.0032975846321382715, ""1"": 0.007565096617557995, ""2"": 0.013937285752025321, ""3"": 0.021002443350343247, ""4"": 0.02619433388221313, ""5"": 0.031087609386464387, ""6"": 0.036106222355205754, ""7"": 0.04201821718731997, ""8"": 0.049024442915126344, ""9"": 0.05518949145388677, ""10"": 0.06108698440910813, ""11"": 0.06624611694181103, ""12"": 0.06783724573033977, ""13"": 0.06616044039045131, ""14"": 0.06162787891869613, ""15"": 0.05479294954856683, ""16"": 0.050399685515657086, ""17"": 0.046610285045190714, ""18"": 0.04105208038695813, ""19"": 0.03816007655160601, ""20"": 0.03290375380289629, ""21"": 0.02633452449796561, ""22"": 0.020732035724927114, ""23"": 0.017396595904342973, ""24"": 0.014221336495668221, ""25"": 0.012449133686303314, ""26"": 0.0107225309101318, ""27"": 0.008599737147757802, ""28"": 0.005784167025916596, ""29"": 0.003588698618919803, ""30"": 0.0022213758244851705, ""31"": 0.0012987779357109762, ""32"": 0.000859198672031073, ""33"": 0.0005276286601641555, ""34"": 0.0004237923325357692, ""35"": 0.00039802454194055913, ""36"": 0.000278080263608174, ""37"": 0.0003353165383891058, ""38"": 0.00033925745871600695, ""39"": 0.00034138954873684567, ""40"": 0.0003183082554745767, ""41"": 0.0002148680051614603, ""42"": 0.0001221089735835898, ""43"": 5.895124480901954e-05, ""44"": 3.142272327122345e-05, ""45"": 2.330627947832101e-05, ""46"": 1.2601555725243323e-05, ""47"": 1.8357946129358518e-05, ""48"": 1.5335795869780342e-05, ""49"": 1.4335877700828762e-05, ""50"": 1.0620058547646296e-05, ""51"": 5.02670237234039e-06, ""52"": 1.9476519443448116e-06, ""53"": 7.047965802391132e-07, ""54"": 2.0491831674050422e-07, ""55"": 6.193406250200391e-08, ""56"": 4.984251646044491e-09, ""57"": 3.5290633857880044e-09, ""58"": 1.3927193214724698e-09, ""59"": 4.2172540952638727e-10, ""60"": 3.2950736793528983e-10, ""61"": 4.8043942527267687e-11, ""62"": 1.214796140595731e-11, ""63"": 1.504090038571761e-12, ""64"": 1.78743259922031e-15, ""65"": 1.9176645770742706e-13, ""66"": 3.3957920375540156e-301, ""67"": 8.259157257970874e-16, ""68"": 3.0006815544980473e-301, ""69"": 2.8144195303851945e-301, ""70"": 7.534458858632328e-16, ""71"": 2.46482293634748e-301, ""72"": 7.030149971857526e-16, ""73"": 2.1458268677028146e-301, ""74"": 1.9976927019982945e-301, ""75"": 1.857016270999406e-301, ""76"": 1.7236764925353977e-301, ""77"": 1.5975293083079198e-301, ""78"": 1.4784101593794898e-301, ""79"": 1.3661364292019046e-301, ""80"": 1.260509835563432e-301, ""81"": 1.009809062040333e-301, ""82"": 7.93439845509948e-302, ""83"": 4.799106297766397e-302, ""84"": 2.110728147873659e-302, ""85"": 7.928603511156683e-303, ""86"": 2.709505493348201e-303, ""87"": 7.925720494151902e-304, ""88"": 1.9747526071028285e-304, ""89"": 2.722831927846043e-305, ""90"": 1.4972849038419024e-305, ""91"": 5.5070141243465106e-306, ""92"": 2.2748066288038064e-306, ""93"": 1.1057654413867927e-306, ""94"": 1.7785102981188077e-307, ""95"": 3.977358131781194e-308, ""96"": 4.382431377230165e-309, ""97"": 6.0286722646306e-310, ""98"": 5.54241616524707e-310, ""99"": 3.2858898214e-312, ""100"": 3.0433251395e-312, ""101"": 2.81445526256e-312, ""102"": 2.59890847629e-312, ""103"": 2.3962838521e-312, ""104"": 2.206155785707e-312, ""105"": 2.028078362293e-312}",13.2806,13.2806,13,12,0.0033,0.9967,0.9891,0.9752,0.9542,0.928,0.8969,0.8608,0.8188,0.7698,0.7146,0.6535,0.5872,0.5194,0.4532,0.3916,0.3368,0.2864,0.2398,0.1988,0.1606,614c522d#phase10c,"stat_grid:component_convolution_mean_coherent_v1+components[pts:pmf_sim_v1+role_aware_pmf_cal_v1:rotation+monotone_pit_cdf_v1,ast:pmf_sim_v1+role_aware_pmf_cal_v1:rotation+monotone_pit_cdf_v1]+prior_combo[joint_sampler_v1+joint_combo_pmf_v1+role_aware_pmf_cal_v1:rotation+monotone_pit_cdf_v1]+stat_grid_final_component_convolution_mean_coherent_v1",phase8_role_aware_pmf_cal_v1+monotone_inactive_global_v1,rotation,projected_minutes,high,22.5514,21.9169,10.2327,21.9169,31.3872,8.3936,0.05,0.8866,0.1937,rotation,True,current_market_line,True,draftkings,draftkings,player_pa_over_under,13.5,13.5,0.4532,-101.0,-131.0,0.4698,0.5302,0.5468,121.0,-121.0,-0.0165,-0.0165,0.0165,2026-05-24T16:09:59.066825Z,full,provisional,lineup_unconfirmed,fallback_used,projected,derived_from_projected_minutes,ok,finals_pending,current_phase8,ok,0.0,projected,not_available_yet,bdl_lineup_freshness_manifest,bdl_plus_nba_official,2026-05-24T16:10:20Z
morning,2026-05-24T16:11:10Z,2026-05-24,21713531,89,Alex Caruso,OKC,SAS,False,pa,"{""0"": 0.0032975846321382715, ""1"": 0.007565096617557995, ""2"": 0.013937285752025321, ""3"": 0.021002443350343247, ""4"": 0.02619433388221313, ""5"": 0.031087609386464387, ""6"": 0.036106222355205754, ""7"": 0.04201821718731997, ""8"": 0.049024442915126344, ""9"": 0.05518949145388677, ""10"": 0.06108698440910813, ""11"": 0.06624611694181103, ""12"": 0.06783724573033977, ""13"": 0.06616044039045131, ""14"": 0.06162787891869613, ""15"": 0.05479294954856683, ""16"": 0.050399685515657086, ""17"": 0.046610285045190714, ""18"": 0.04105208038695813, ""19"": 0.03816007655160601, ""20"": 0.03290375380289629, ""21"": 0.02633452449796561, ""22"": 0.020732035724927114, ""23"": 0.017396595904342973, ""24"": 0.014221336495668221, ""25"": 0.012449133686303314, ""26"": 0.0107225309101318, ""27"": 0.008599737147757802, ""28"": 0.005784167025916596, ""29"": 0.003588698618919803, ""30"": 0.0022213758244851705, ""31"": 0.0012987779357109762, ""32"": 0.000859198672031073, ""33"": 0.0005276286601641555, ""34"": 0.0004237923325357692, ""35"": 0.00039802454194055913, ""36"": 0.000278080263608174, ""37"": 0.0003353165383891058, ""38"": 0.00033925745871600695, ""39"": 0.00034138954873684567, ""40"": 0.0003183082554745767, ""41"": 0.0002148680051614603, ""42"": 0.0001221089735835898, ""43"": 5.895124480901954e-05, ""44"": 3.142272327122345e-05, ""45"": 2.330627947832101e-05, ""46"": 1.2601555725243323e-05, ""47"": 1.8357946129358518e-05, ""48"": 1.5335795869780342e-05, ""49"": 1.4335877700828762e-05, ""50"": 1.0620058547646296e-05, ""51"": 5.02670237234039e-06, ""52"": 1.9476519443448116e-06, ""53"": 7.047965802391132e-07, ""54"": 2.0491831674050422e-07, ""55"": 6.193406250200391e-08, ""56"": 4.984251646044491e-09, ""57"": 3.5290633857880044e-09, ""58"": 1.3927193214724698e-09, ""59"": 4.2172540952638727e-10, ""60"": 3.2950736793528983e-10, ""61"": 4.8043942527267687e-11, ""62"": 1.214796140595731e-11, ""63"": 1.504090038571761e-12, ""64"": 1.78743259922031e-15, ""65"": 1.9176645770742706e-13, ""66"": 3.3957920375540156e-301, ""67"": 8.259157257970874e-16, ""68"": 3.0006815544980473e-301, ""69"": 2.8144195303851945e-301, ""70"": 7.534458858632328e-16, ""71"": 2.46482293634748e-301, ""72"": 7.030149971857526e-16, ""73"": 2.1458268677028146e-301, ""74"": 1.9976927019982945e-301, ""75"": 1.857016270999406e-301, ""76"": 1.7236764925353977e-301, ""77"": 1.5975293083079198e-301, ""78"": 1.4784101593794898e-301, ""79"": 1.3661364292019046e-301, ""80"": 1.260509835563432e-301, ""81"": 1.009809062040333e-301, ""82"": 7.93439845509948e-302, ""83"": 4.799106297766397e-302, ""84"": 2.110728147873659e-302, ""85"": 7.928603511156683e-303, ""86"": 2.709505493348201e-303, ""87"": 7.925720494151902e-304, ""88"": 1.9747526071028285e-304, ""89"": 2.722831927846043e-305, ""90"": 1.4972849038419024e-305, ""91"": 5.5070141243465106e-306, ""92"": 2.2748066288038064e-306, ""93"": 1.1057654413867927e-306, ""94"": 1.7785102981188077e-307, ""95"": 3.977358131781194e-308, ""96"": 4.382431377230165e-309, ""97"": 6.0286722646306e-310, ""98"": 5.54241616524707e-310, ""99"": 3.2858898214e-312, ""100"": 3.0433251395e-312, ""101"": 2.81445526256e-312, ""102"": 2.59890847629e-312, ""103"": 2.3962838521e-312, ""104"": 2.206155785707e-312, ""105"": 2.028078362293e-312}",13.2806,13.2806,13,12,0.0033,0.9967,0.9891,0.9752,0.9542,0.928,0.8969,0.8608,0.8188,0.7698,0.7146,0.6535,0.5872,0.5194,0.4532,0.3916,0.3368,0.2864,0.2398,0.1988,0.1606,614c522d#phase10c,"stat_grid:component_convolution_mean_coherent_v1+components[pts:pmf_sim_v1+role_aware_pmf_cal_v1:rotation+monotone_pit_cdf_v1,ast:pmf_sim_v1+role_aware_pmf_cal_v1:rotation+monotone_pit_cdf_v1]+prior_combo[joint_sampler_v1+joint_combo_pmf_v1+role_aware_pmf_cal_v1:rotation+monotone_pit_cdf_v1]+stat_grid_final_component_convolution_mean_coherent_v1",phase8_role_aware_pmf_cal_v1+monotone_inactive_global_v1,rotation,projected_minutes,high,22.5514,21.9169,10.2327,21.9169,31.3872,8.3936,0.05,0.8866,0.1937,rotation,True,current_market_line,True,fanduel,fanduel,player_pa_over_under,12.5,12.5,0.5194,-130.0,-102.0,0.5282,0.4718,0.4806,-108.0,108.0,-0.0088,-0.0088,0.0088,2026-05-24T16:09:59.066825Z,full,provisional,lineup_unconfirmed,fallback_used,projected,derived_from_projected_minutes,ok,finals_pending,current_phase8,ok,0.0,projected,not_available_yet,bdl_lineup_freshness_manifest,bdl_plus_nba_official,2026-05-24T16:10:20Z
morning,2026-05-24T16:11:10Z,2026-05-24,21713531,89,Alex Caruso,OKC,SAS,False,pa,"{""0"": 0.0032975846321382715, ""1"": 0.007565096617557995, ""2"": 0.013937285752025321, ""3"": 0.021002443350343247, ""4"": 0.02619433388221313, ""5"": 0.031087609386464387, ""6"": 0.036106222355205754, ""7"": 0.04201821718731997, ""8"": 0.049024442915126344, ""9"": 0.05518949145388677, ""10"": 0.06108698440910813, ""11"": 0.06624611694181103, ""12"": 0.06783724573033977, ""13"": 0.06616044039045131, ""14"": 0.06162787891869613, ""15"": 0.05479294954856683, ""16"": 0.050399685515657086, ""17"": 0.046610285045190714, ""18"": 0.04105208038695813, ""19"": 0.03816007655160601, ""20"": 0.03290375380289629, ""21"": 0.02633452449796561, ""22"": 0.020732035724927114, ""23"": 0.017396595904342973, ""24"": 0.014221336495668221, ""25"": 0.012449133686303314, ""26"": 0.0107225309101318, ""27"": 0.008599737147757802, ""28"": 0.005784167025916596, ""29"": 0.003588698618919803, ""30"": 0.0022213758244851705, ""31"": 0.0012987779357109762, ""32"": 0.000859198672031073, ""33"": 0.0005276286601641555, ""34"": 0.0004237923325357692, ""35"": 0.00039802454194055913, ""36"": 0.000278080263608174, ""37"": 0.0003353165383891058, ""38"": 0.00033925745871600695, ""39"": 0.00034138954873684567, ""40"": 0.0003183082554745767, ""41"": 0.0002148680051614603, ""42"": 0.0001221089735835898, ""43"": 5.895124480901954e-05, ""44"": 3.142272327122345e-05, ""45"": 2.330627947832101e-05, ""46"": 1.2601555725243323e-05, ""47"": 1.8357946129358518e-05, ""48"": 1.5335795869780342e-05, ""49"": 1.4335877700828762e-05, ""50"": 1.0620058547646296e-05, ""51"": 5.02670237234039e-06, ""52"": 1.9476519443448116e-06, ""53"": 7.047965802391132e-07, ""54"": 2.0491831674050422e-07, ""55"": 6.193406250200391e-08, ""56"": 4.984251646044491e-09, ""57"": 3.5290633857880044e-09, ""58"": 1.3927193214724698e-09, ""59"": 4.2172540952638727e-10, ""60"": 3.2950736793528983e-10, ""61"": 4.8043942527267687e-11, ""62"": 1.214796140595731e-11, ""63"": 1.504090038571761e-12, ""64"": 1.78743259922031e-15, ""65"": 1.9176645770742706e-13, ""66"": 3.3957920375540156e-301, ""67"": 8.259157257970874e-16, ""68"": 3.0006815544980473e-301, ""69"": 2.8144195303851945e-301, ""70"": 7.534458858632328e-16, ""71"": 2.46482293634748e-301, ""72"": 7.030149971857526e-16, ""73"": 2.1458268677028146e-301, ""74"": 1.9976927019982945e-301, ""75"": 1.857016270999406e-301, ""76"": 1.7236764925353977e-301, ""77"": 1.5975293083079198e-301, ""78"": 1.4784101593794898e-301, ""79"": 1.3661364292019046e-301, ""80"": 1.260509835563432e-301, ""81"": 1.009809062040333e-301, ""82"": 7.93439845509948e-302, ""83"": 4.799106297766397e-302, ""84"": 2.110728147873659e-302, ""85"": 7.928603511156683e-303, ""86"": 2.709505493348201e-303, ""87"": 7.925720494151902e-304, ""88"": 1.9747526071028285e-304, ""89"": 2.722831927846043e-305, ""90"": 1.4972849038419024e-305, ""91"": 5.5070141243465106e-306, ""92"": 2.2748066288038064e-306, ""93"": 1.1057654413867927e-306, ""94"": 1.7785102981188077e-307, ""95"": 3.977358131781194e-308, ""96"": 4.382431377230165e-309, ""97"": 6.0286722646306e-310, ""98"": 5.54241616524707e-310, ""99"": 3.2858898214e-312, ""100"": 3.0433251395e-312, ""101"": 2.81445526256e-312, ""102"": 2.59890847629e-312, ""103"": 2.3962838521e-312, ""104"": 2.206155785707e-312, ""105"": 2.028078362293e-312}",13.2806,13.2806,13,12,0.0033,0.9967,0.9891,0.9752,0.9542,0.928,0.8969,0.8608,0.8188,0.7698,0.7146,0.6535,0.5872,0.5194,0.4532,0.3916,0.3368,0.2864,0.2398,0.1988,0.1606,614c522d#phase10c,"stat_grid:component_convolution_mean_coherent_v1+components[pts:pmf_sim_v1+role_aware_pmf_cal_v1:rotation+monotone_pit_cdf_v1,ast:pmf_sim_v1+role_aware_pmf_cal_v1:rotation+monotone_pit_cdf_v1]+prior_combo[joint_sampler_v1+joint_combo_pmf_v1+role_aware_pmf_cal_v1:rotation+monotone_pit_cdf_v1]+stat_grid_final_component_convolution_mean_coherent_v1",phase8_role_aware_pmf_cal_v1+monotone_inactive_global_v1,rotation,projected_minutes,high,22.5514,21.9169,10.2327,21.9169,31.3872,8.3936,0.05,0.8866,0.1937,rotation,True,current_market_line,True,fanduel,fanduel,player_pa_over_under,6.5,6.5,0.8608,-900.0,490.0,0.8415,0.1585,0.1392,-618.0,618.0,0.0193,0.0193,-0.0193,2026-05-24T16:09:59.066825Z,full,provisional,lineup_unconfirmed,fallback_used,projected,derived_from_projected_minutes,ok,finals_pending,current_phase8,ok,0.0,projected,not_available_yet,bdl_lineup_freshness_manifest,bdl_plus_nba_official,2026-05-24T16:10:20Z
morning,2026-05-24T16:11:10Z,2026-05-24,21713531,89,Alex Caruso,OKC,SAS,False,pa,"{""0"": 0.0032975846321382715, ""1"": 0.007565096617557995, ""2"": 0.013937285752025321, ""3"": 0.021002443350343247, ""4"": 0.02619433388221313, ""5"": 0.031087609386464387, ""6"": 0.036106222355205754, ""7"": 0.04201821718731997, ""8"": 0.049024442915126344, ""9"": 0.05518949145388677, ""10"": 0.06108698440910813, ""11"": 0.06624611694181103, ""12"": 0.06783724573033977, ""13"": 0.06616044039045131, ""14"": 0.06162787891869613, ""15"": 0.05479294954856683, ""16"": 0.050399685515657086, ""17"": 0.046610285045190714, ""18"": 0.04105208038695813, ""19"": 0.03816007655160601, ""20"": 0.03290375380289629, ""21"": 0.02633452449796561, ""22"": 0.020732035724927114, ""23"": 0.017396595904342973, ""24"": 0.014221336495668221, ""25"": 0.012449133686303314, ""26"": 0.0107225309101318, ""27"": 0.008599737147757802, ""28"": 0.005784167025916596, ""29"": 0.003588698618919803, ""30"": 0.0022213758244851705, ""31"": 0.0012987779357109762, ""32"": 0.000859198672031073, ""33"": 0.0005276286601641555, ""34"": 0.0004237923325357692, ""35"": 0.00039802454194055913, ""36"": 0.000278080263608174, ""37"": 0.0003353165383891058, ""38"": 0.00033925745871600695, ""39"": 0.00034138954873684567, ""40"": 0.0003183082554745767, ""41"": 0.0002148680051614603, ""42"": 0.0001221089735835898, ""43"": 5.895124480901954e-05, ""44"": 3.142272327122345e-05, ""45"": 2.330627947832101e-05, ""46"": 1.2601555725243323e-05, ""47"": 1.8357946129358518e-05, ""48"": 1.5335795869780342e-05, ""49"": 1.4335877700828762e-05, ""50"": 1.0620058547646296e-05, ""51"": 5.02670237234039e-06, ""52"": 1.9476519443448116e-06, ""53"": 7.047965802391132e-07, ""54"": 2.0491831674050422e-07, ""55"": 6.193406250200391e-08, ""56"": 4.984251646044491e-09, ""57"": 3.5290633857880044e-09, ""58"": 1.3927193214724698e-09, ""59"": 4.2172540952638727e-10, ""60"": 3.2950736793528983e-10, ""61"": 4.8043942527267687e-11, ""62"": 1.214796140595731e-11, ""63"": 1.504090038571761e-12, ""64"": 1.78743259922031e-15, ""65"": 1.9176645770742706e-13, ""66"": 3.3957920375540156e-301, ""67"": 8.259157257970874e-16, ""68"": 3.0006815544980473e-301, ""69"": 2.8144195303851945e-301, ""70"": 7.534458858632328e-16, ""71"": 2.46482293634748e-301, ""72"": 7.030149971857526e-16, ""73"": 2.1458268677028146e-301, ""74"": 1.9976927019982945e-301, ""75"": 1.857016270999406e-301, ""76"": 1.7236764925353977e-301, ""77"": 1.5975293083079198e-301, ""78"": 1.4784101593794898e-301, ""79"": 1.3661364292019046e-301, ""80"": 1.260509835563432e-301, ""81"": 1.009809062040333e-301, ""82"": 7.93439845509948e-302, ""83"": 4.799106297766397e-302, ""84"": 2.110728147873659e-302, ""85"": 7.928603511156683e-303, ""86"": 2.709505493348201e-303, ""87"": 7.925720494151902e-304, ""88"": 1.9747526071028285e-304, ""89"": 2.722831927846043e-305, ""90"": 1.4972849038419024e-305, ""91"": 5.5070141243465106e-306, ""92"": 2.2748066288038064e-306, ""93"": 1.1057654413867927e-306, ""94"": 1.7785102981188077e-307, ""95"": 3.977358131781194e-308, ""96"": 4.382431377230165e-309, ""97"": 6.0286722646306e-310, ""98"": 5.54241616524707e-310, ""99"": 3.2858898214e-312, ""100"": 3.0433251395e-312, ""101"": 2.81445526256e-312, ""102"": 2.59890847629e-312, ""103"": 2.3962838521e-312, ""104"": 2.206155785707e-312, ""105"": 2.028078362293e-312}",13.2806,13.2806,13,12,0.0033,0.9967,0.9891,0.9752,0.9542,0.928,0.8969,0.8608,0.8188,0.7698,0.7146,0.6535,0.5872,0.5194,0.4532,0.3916,0.3368,0.2864,0.2398,0.1988,0.1606,614c522d#phase10c,"stat_grid:component_convolution_mean_coherent_v1+components[pts:pmf_sim_v1+role_aware_pmf_cal_v1:rotation+monotone_pit_cdf_v1,ast:pmf_sim_v1+role_aware_pmf_cal_v1:rotation+monotone_pit_cdf_v1]+prior_combo[joint_sampler_v1+joint_combo_pmf_v1+role_aware_pmf_cal_v1:rotation+monotone_pit_cdf_v1]+stat_grid_final_component_convolution_mean_coherent_v1",phase8_role_aware_pmf_cal_v1+monotone_inactive_global_v1,rotation,projected_minutes,high,22.5514,21.9169,10.2327,21.9169,31.3872,8.3936,0.05,0.8866,0.1937,rotation,True,current_market_line,True,fanduel,fanduel,player_pa_over_under,7.5,7.5,0.8188,-600.0,360.0,0.7977,0.2023,0.1812,-452.0,452.0,0.0211,0.0211,-0.0211,2026-05-24T16:09:59.066825Z,full,provisional,lineup_unconfirmed,fallback_used,projected,derived_from_projected_minutes,ok,finals_pending,current_phase8,ok,0.0,projected,not_available_yet,bdl_lineup_freshness_manifest,bdl_plus_nba_official,2026-05-24T16:10:20Z
morning,2026-05-24T16:11:10Z,2026-05-24,21713531,89,Alex Caruso,OKC,SAS,False,pa,"{""0"": 0.0032975846321382715, ""1"": 0.007565096617557995, ""2"": 0.013937285752025321, ""3"": 0.021002443350343247, ""4"": 0.02619433388221313, ""5"": 0.031087609386464387, ""6"": 0.036106222355205754, ""7"": 0.04201821718731997, ""8"": 0.049024442915126344, ""9"": 0.05518949145388677, ""10"": 0.06108698440910813, ""11"": 0.06624611694181103, ""12"": 0.06783724573033977, ""13"": 0.06616044039045131, ""14"": 0.06162787891869613, ""15"": 0.05479294954856683, ""16"": 0.050399685515657086, ""17"": 0.046610285045190714, ""18"": 0.04105208038695813, ""19"": 0.03816007655160601, ""20"": 0.03290375380289629, ""21"": 0.02633452449796561, ""22"": 0.020732035724927114, ""23"": 0.017396595904342973, ""24"": 0.014221336495668221, ""25"": 0.012449133686303314, ""26"": 0.0107225309101318, ""27"": 0.008599737147757802, ""28"": 0.005784167025916596, ""29"": 0.003588698618919803, ""30"": 0.0022213758244851705, ""31"": 0.0012987779357109762, ""32"": 0.000859198672031073, ""33"": 0.0005276286601641555, ""34"": 0.0004237923325357692, ""35"": 0.00039802454194055913, ""36"": 0.000278080263608174, ""37"": 0.0003353165383891058, ""38"": 0.00033925745871600695, ""39"": 0.00034138954873684567, ""40"": 0.0003183082554745767, ""41"": 0.0002148680051614603, ""42"": 0.0001221089735835898, ""43"": 5.895124480901954e-05, ""44"": 3.142272327122345e-05, ""45"": 2.330627947832101e-05, ""46"": 1.2601555725243323e-05, ""47"": 1.8357946129358518e-05, ""48"": 1.5335795869780342e-05, ""49"": 1.4335877700828762e-05, ""50"": 1.0620058547646296e-05, ""51"": 5.02670237234039e-06, ""52"": 1.9476519443448116e-06, ""53"": 7.047965802391132e-07, ""54"": 2.0491831674050422e-07, ""55"": 6.193406250200391e-08, ""56"": 4.984251646044491e-09, ""57"": 3.5290633857880044e-09, ""58"": 1.3927193214724698e-09, ""59"": 4.2172540952638727e-10, ""60"": 3.2950736793528983e-10, ""61"": 4.8043942527267687e-11, ""62"": 1.214796140595731e-11, ""63"": 1.504090038571761e-12, ""64"": 1.78743259922031e-15, ""65"": 1.9176645770742706e-13, ""66"": 3.3957920375540156e-301, ""67"": 8.259157257970874e-16, ""68"": 3.0006815544980473e-301, ""69"": 2.8144195303851945e-301, ""70"": 7.534458858632328e-16, ""71"": 2.46482293634748e-301, ""72"": 7.030149971857526e-16, ""73"": 2.1458268677028146e-301, ""74"": 1.9976927019982945e-301, ""75"": 1.857016270999406e-301, ""76"": 1.7236764925353977e-301, ""77"": 1.5975293083079198e-301, ""78"": 1.4784101593794898e-301, ""79"": 1.3661364292019046e-301, ""80"": 1.260509835563432e-301, ""81"": 1.009809062040333e-301, ""82"": 7.93439845509948e-302, ""83"": 4.799106297766397e-302, ""84"": 2.110728147873659e-302, ""85"": 7.928603511156683e-303, ""86"": 2.709505493348201e-303, ""87"": 7.925720494151902e-304, ""88"": 1.9747526071028285e-304, ""89"": 2.722831927846043e-305, ""90"": 1.4972849038419024e-305, ""91"": 5.5070141243465106e-306, ""92"": 2.2748066288038064e-306, ""93"": 1.1057654413867927e-306, ""94"": 1.7785102981188077e-307, ""95"": 3.977358131781194e-308, ""96"": 4.382431377230165e-309, ""97"": 6.0286722646306e-310, ""98"": 5.54241616524707e-310, ""99"": 3.2858898214e-312, ""100"": 3.0433251395e-312, ""101"": 2.81445526256e-312, ""102"": 2.59890847629e-312, ""103"": 2.3962838521e-312, ""104"": 2.206155785707e-312, ""105"": 2.028078362293e-312}",13.2806,13.2806,13,12,0.0033,0.9967,0.9891,0.9752,0.9542,0.928,0.8969,0.8608,0.8188,0.7698,0.7146,0.6535,0.5872,0.5194,0.4532,0.3916,0.3368,0.2864,0.2398,0.1988,0.1606,614c522d#phase10c,"stat_grid:component_convolution_mean_coherent_v1+components[pts:pmf_sim_v1+role_aware_pmf_cal_v1:rotation+monotone_pit_cdf_v1,ast:pmf_sim_v1+role_aware_pmf_cal_v1:rotation+monotone_pit_cdf_v1]+prior_combo[joint_sampler_v1+joint_combo_pmf_v1+role_aware_pmf_cal_v1:rotation+monotone_pit_cdf_v1]+stat_grid_final_component_convolution_mean_coherent_v1",phase8_role_aware_pmf_cal_v1+monotone_inactive_global_v1,rotation,projected_minutes,high,22.5514,21.9169,10.2327,21.9169,31.3872,8.3936,0.05,0.8866,0.1937,rotation,True,current_market_line,True,fanduel,fanduel,player_pa_over_under,8.5,8.5,0.7698,-420.0,280.0,0.7543,0.2457,0.2302,-334.0,334.0,0.0155,0.0155,-0.0155,2026-05-24T16:09:59.066825Z,full,provisional,lineup_unconfirmed,fallback_used,projected,derived_from_projected_minutes,ok,finals_pending,current_phase8,ok,0.0,projected,not_available_yet,bdl_lineup_freshness_manifest,bdl_plus_nba_official,2026-05-24T16:10:20Z
morning,2026-05-24T16:11:10Z,2026-05-24,21713531,89,Alex Caruso,OKC,SAS,False,pa,"{""0"": 0.0032975846321382715, ""1"": 0.007565096617557995, ""2"": 0.013937285752025321, ""3"": 0.021002443350343247, ""4"": 0.02619433388221313, ""5"": 0.031087609386464387, ""6"": 0.036106222355205754, ""7"": 0.04201821718731997, ""8"": 0.049024442915126344, ""9"": 0.05518949145388677, ""10"": 0.06108698440910813, ""11"": 0.06624611694181103, ""12"": 0.06783724573033977, ""13"": 0.06616044039045131, ""14"": 0.06162787891869613, ""15"": 0.05479294954856683, ""16"": 0.050399685515657086, ""17"": 0.046610285045190714, ""18"": 0.04105208038695813, ""19"": 0.03816007655160601, ""20"": 0.03290375380289629, ""21"": 0.02633452449796561, ""22"": 0.020732035724927114, ""23"": 0.017396595904342973, ""24"": 0.014221336495668221, ""25"": 0.012449133686303314, ""26"": 0.0107225309101318, ""27"": 0.008599737147757802, ""28"": 0.005784167025916596, ""29"": 0.003588698618919803, ""30"": 0.0022213758244851705, ""31"": 0.0012987779357109762, ""32"": 0.000859198672031073, ""33"": 0.0005276286601641555, ""34"": 0.0004237923325357692, ""35"": 0.00039802454194055913, ""36"": 0.000278080263608174, ""37"": 0.0003353165383891058, ""38"": 0.00033925745871600695, ""39"": 0.00034138954873684567, ""40"": 0.0003183082554745767, ""41"": 0.0002148680051614603, ""42"": 0.0001221089735835898, ""43"": 5.895124480901954e-05, ""44"": 3.142272327122345e-05, ""45"": 2.330627947832101e-05, ""46"": 1.2601555725243323e-05, ""47"": 1.8357946129358518e-05, ""48"": 1.5335795869780342e-05, ""49"": 1.4335877700828762e-05, ""50"": 1.0620058547646296e-05, ""51"": 5.02670237234039e-06, ""52"": 1.9476519443448116e-06, ""53"": 7.047965802391132e-07, ""54"": 2.0491831674050422e-07, ""55"": 6.193406250200391e-08, ""56"": 4.984251646044491e-09, ""57"": 3.5290633857880044e-09, ""58"": 1.3927193214724698e-09, ""59"": 4.2172540952638727e-10, ""60"": 3.2950736793528983e-10, ""61"": 4.8043942527267687e-11, ""62"": 1.214796140595731e-11, ""63"": 1.504090038571761e-12, ""64"": 1.78743259922031e-15, ""65"": 1.9176645770742706e-13, ""66"": 3.3957920375540156e-301, ""67"": 8.259157257970874e-16, ""68"": 3.0006815544980473e-301, ""69"": 2.8144195303851945e-301, ""70"": 7.534458858632328e-16, ""71"": 2.46482293634748e-301, ""72"": 7.030149971857526e-16, ""73"": 2.1458268677028146e-301, ""74"": 1.9976927019982945e-301, ""75"": 1.857016270999406e-301, ""76"": 1.7236764925353977e-301, ""77"": 1.5975293083079198e-301, ""78"": 1.4784101593794898e-301, ""79"": 1.3661364292019046e-301, ""80"": 1.260509835563432e-301, ""81"": 1.009809062040333e-301, ""82"": 7.93439845509948e-302, ""83"": 4.799106297766397e-302, ""84"": 2.110728147873659e-302, ""85"": 7.928603511156683e-303, ""86"": 2.709505493348201e-303, ""87"": 7.925720494151902e-304, ""88"": 1.9747526071028285e-304, ""89"": 2.722831927846043e-305, ""90"": 1.4972849038419024e-305, ""91"": 5.5070141243465106e-306, ""92"": 2.2748066288038064e-306, ""93"": 1.1057654413867927e-306, ""94"": 1.7785102981188077e-307, ""95"": 3.977358131781194e-308, ""96"": 4.382431377230165e-309, ""97"": 6.0286722646306e-310, ""98"": 5.54241616524707e-310, ""99"": 3.2858898214e-312, ""100"": 3.0433251395e-312, ""101"": 2.81445526256e-312, ""102"": 2.59890847629e-312, ""103"": 2.3962838521e-312, ""104"": 2.206155785707e-312, ""105"": 2.028078362293e-312}",13.2806,13.2806,13,12,0.0033,0.9967,0.9891,0.9752,0.9542,0.928,0.8969,0.8608,0.8188,0.7698,0.7146,0.6535,0.5872,0.5194,0.4532,0.3916,0.3368,0.2864,0.2398,0.1988,0.1606,614c522d#phase10c,"stat_grid:component_convolution_mean_coherent_v1+components[pts:pmf_sim_v1+role_aware_pmf_cal_v1:rotation+monotone_pit_cdf_v1,ast:pmf_sim_v1+role_aware_pmf_cal_v1:rotation+monotone_pit_cdf_v1]+prior_combo[joint_sampler_v1+joint_combo_pmf_v1+role_aware_pmf_cal_v1:rotation+monotone_pit_cdf_v1]+stat_grid_final_component_convolution_mean_coherent_v1",phase8_role_aware_pmf_cal_v1+monotone_inactive_global_v1,rotation,projected_minutes,high,22.5514,21.9169,10.2327,21.9169,31.3872,8.3936,0.05,0.8866,0.1937,rotation,True,current_market_line,True,fanduel,fanduel,player_pa_over_under,9.5,9.5,0.7146,-300.0,210.0,0.6992,0.3008,0.2854,-250.0,250.0,0.0153,0.0153,-0.0153,2026-05-24T16:09:59.066825Z,full,provisional,lineup_unconfirmed,fallback_used,projected,derived_from_projected_minutes,ok,finals_pending,current_phase8,ok,0.0,projected,not_available_yet,bdl_lineup_freshness_manifest,bdl_plus_nba_official,2026-05-24T16:10:20Z
morning,2026-05-24T16:11:10Z,2026-05-24,21713531,89,Alex Caruso,OKC,SAS,False,pa,"{""0"": 0.0032975846321382715, ""1"": 0.007565096617557995, ""2"": 0.013937285752025321, ""3"": 0.021002443350343247, ""4"": 0.02619433388221313, ""5"": 0.031087609386464387, ""6"": 0.036106222355205754, ""7"": 0.04201821718731997, ""8"": 0.049024442915126344, ""9"": 0.05518949145388677, ""10"": 0.06108698440910813, ""11"": 0.06624611694181103, ""12"": 0.06783724573033977, ""13"": 0.06616044039045131, ""14"": 0.06162787891869613, ""15"": 0.05479294954856683, ""16"": 0.050399685515657086, ""17"": 0.046610285045190714, ""18"": 0.04105208038695813, ""19"": 0.03816007655160601, ""20"": 0.03290375380289629, ""21"": 0.02633452449796561, ""22"": 0.020732035724927114, ""23"": 0.017396595904342973, ""24"": 0.014221336495668221, ""25"": 0.012449133686303314, ""26"": 0.0107225309101318, ""27"": 0.008599737147757802, ""28"": 0.005784167025916596, ""29"": 0.003588698618919803, ""30"": 0.0022213758244851705, ""31"": 0.0012987779357109762, ""32"": 0.000859198672031073, ""33"": 0.0005276286601641555, ""34"": 0.0004237923325357692, ""35"": 0.00039802454194055913, ""36"": 0.000278080263608174, ""37"": 0.0003353165383891058, ""38"": 0.00033925745871600695, ""39"": 0.00034138954873684567, ""40"": 0.0003183082554745767, ""41"": 0.0002148680051614603, ""42"": 0.0001221089735835898, ""43"": 5.895124480901954e-05, ""44"": 3.142272327122345e-05, ""45"": 2.330627947832101e-05, ""46"": 1.2601555725243323e-05, ""47"": 1.8357946129358518e-05, ""48"": 1.5335795869780342e-05, ""49"": 1.4335877700828762e-05, ""50"": 1.0620058547646296e-05, ""51"": 5.02670237234039e-06, ""52"": 1.9476519443448116e-06, ""53"": 7.047965802391132e-07, ""54"": 2.0491831674050422e-07, ""55"": 6.193406250200391e-08, ""56"": 4.984251646044491e-09, ""57"": 3.5290633857880044e-09, ""58"": 1.3927193214724698e-09, ""59"": 4.2172540952638727e-10, ""60"": 3.2950736793528983e-10, ""61"": 4.8043942527267687e-11, ""62"": 1.214796140595731e-11, ""63"": 1.504090038571761e-12, ""64"": 1.78743259922031e-15, ""65"": 1.9176645770742706e-13, ""66"": 3.3957920375540156e-301, ""67"": 8.259157257970874e-16, ""68"": 3.0006815544980473e-301, ""69"": 2.8144195303851945e-301, ""70"": 7.534458858632328e-16, ""71"": 2.46482293634748e-301, ""72"": 7.030149971857526e-16, ""73"": 2.1458268677028146e-301, ""74"": 1.9976927019982945e-301, ""75"": 1.857016270999406e-301, ""76"": 1.7236764925353977e-301, ""77"": 1.5975293083079198e-301, ""78"": 1.4784101593794898e-301, ""79"": 1.3661364292019046e-301, ""80"": 1.260509835563432e-301, ""81"": 1.009809062040333e-301, ""82"": 7.93439845509948e-302, ""83"": 4.799106297766397e-302, ""84"": 2.110728147873659e-302, ""85"": 7.928603511156683e-303, ""86"": 2.709505493348201e-303, ""87"": 7.925720494151902e-304, ""88"": 1.9747526071028285e-304, ""89"": 2.722831927846043e-305, ""90"": 1.4972849038419024e-305, ""91"": 5.5070141243465106e-306, ""92"": 2.2748066288038064e-306, ""93"": 1.1057654413867927e-306, ""94"": 1.7785102981188077e-307, ""95"": 3.977358131781194e-308, ""96"": 4.382431377230165e-309, ""97"": 6.0286722646306e-310, ""98"": 5.54241616524707e-310, ""99"": 3.2858898214e-312, ""100"": 3.0433251395e-312, ""101"": 2.81445526256e-312, ""102"": 2.59890847629e-312, ""103"": 2.3962838521e-312, ""104"": 2.206155785707e-312, ""105"": 2.028078362293e-312}",13.2806,13.2806,13,12,0.0033,0.9967,0.9891,0.9752,0.9542,0.928,0.8969,0.8608,0.8188,0.7698,0.7146,0.6535,0.5872,0.5194,0.4532,0.3916,0.3368,0.2864,0.2398,0.1988,0.1606,614c522d#phase10c,"stat_grid:component_convolution_mean_coherent_v1+components[pts:pmf_sim_v1+role_aware_pmf_cal_v1:rotation+monotone_pit_cdf_v1,ast:pmf_sim_v1+role_aware_pmf_cal_v1:rotation+monotone_pit_cdf_v1]+prior_combo[joint_sampler_v1+joint_combo_pmf_v1+role_aware_pmf_cal_v1:rotation+monotone_pit_cdf_v1]+stat_grid_final_component_convolution_mean_coherent_v1",phase8_role_aware_pmf_cal_v1+monotone_inactive_global_v1,rotation,projected_minutes,high,22.5514,21.9169,10.2327,21.9169,31.3872,8.3936,0.05,0.8866,0.1937,rotation,True,current_market_line,True,fanduel,fanduel,player_pa_over_under,10.5,10.5,0.6535,-230.0,168.0,0.6513,0.3487,0.3465,-189.0,189.0,0.0022,0.0022,-0.0022,2026-05-24T16:09:59.066825Z,full,provisional,lineup_unconfirmed,fallback_used,projected,derived_from_projected_minutes,ok,finals_pending,current_phase8,ok,0.0,projected,not_available_yet,bdl_lineup_freshness_manifest,bdl_plus_nba_official,2026-05-24T16:10:20Z
morning,2026-05-24T16:11:10Z,2026-05-24,21713531,89,Alex Caruso,OKC,SAS,False,pa,"{""0"": 0.0032975846321382715, ""1"": 0.007565096617557995, ""2"": 0.013937285752025321, ""3"": 0.021002443350343247, ""4"": 0.02619433388221313, ""5"": 0.031087609386464387, ""6"": 0.036106222355205754, ""7"": 0.04201821718731997, ""8"": 0.049024442915126344, ""9"": 0.05518949145388677, ""10"": 0.06108698440910813, ""11"": 0.06624611694181103, ""12"": 0.06783724573033977, ""13"": 0.06616044039045131, ""14"": 0.06162787891869613, ""15"": 0.05479294954856683, ""16"": 0.050399685515657086, ""17"": 0.046610285045190714, ""18"": 0.04105208038695813, ""19"": 0.03816007655160601, ""20"": 0.03290375380289629, ""21"": 0.02633452449796561, ""22"": 0.020732035724927114, ""23"": 0.017396595904342973, ""24"": 0.014221336495668221, ""25"": 0.012449133686303314, ""26"": 0.0107225309101318, ""27"": 0.008599737147757802, ""28"": 0.005784167025916596, ""29"": 0.003588698618919803, ""30"": 0.0022213758244851705, ""31"": 0.0012987779357109762, ""32"": 0.000859198672031073, ""33"": 0.0005276286601641555, ""34"": 0.0004237923325357692, ""35"": 0.00039802454194055913, ""36"": 0.000278080263608174, ""37"": 0.0003353165383891058, ""38"": 0.00033925745871600695, ""39"": 0.00034138954873684567, ""40"": 0.0003183082554745767, ""41"": 0.0002148680051614603, ""42"": 0.0001221089735835898, ""43"": 5.895124480901954e-05, ""44"": 3.142272327122345e-05, ""45"": 2.330627947832101e-05, ""46"": 1.2601555725243323e-05, ""47"": 1.8357946129358518e-05, ""48"": 1.5335795869780342e-05, ""49"": 1.4335877700828762e-05, ""50"": 1.0620058547646296e-05, ""51"": 5.02670237234039e-06, ""52"": 1.9476519443448116e-06, ""53"": 7.047965802391132e-07, ""54"": 2.0491831674050422e-07, ""55"": 6.193406250200391e-08, ""56"": 4.984251646044491e-09, ""57"": 3.5290633857880044e-09, ""58"": 1.3927193214724698e-09, ""59"": 4.2172540952638727e-10, ""60"": 3.2950736793528983e-10, ""61"": 4.8043942527267687e-11, ""62"": 1.214796140595731e-11, ""63"": 1.504090038571761e-12, ""64"": 1.78743259922031e-15, ""65"": 1.9176645770742706e-13, ""66"": 3.3957920375540156e-301, ""67"": 8.259157257970874e-16, ""68"": 3.0006815544980473e-301, ""69"": 2.8144195303851945e-301, ""70"": 7.534458858632328e-16, ""71"": 2.46482293634748e-301, ""72"": 7.030149971857526e-16, ""73"": 2.1458268677028146e-301, ""74"": 1.9976927019982945e-301, ""75"": 1.857016270999406e-301, ""76"": 1.7236764925353977e-301, ""77"": 1.5975293083079198e-301, ""78"": 1.4784101593794898e-301, ""79"": 1.3661364292019046e-301, ""80"": 1.260509835563432e-301, ""81"": 1.009809062040333e-301, ""82"": 7.93439845509948e-302, ""83"": 4.799106297766397e-302, ""84"": 2.110728147873659e-302, ""85"": 7.928603511156683e-303, ""86"": 2.709505493348201e-303, ""87"": 7.925720494151902e-304, ""88"": 1.9747526071028285e-304, ""89"": 2.722831927846043e-305, ""90"": 1.4972849038419024e-305, ""91"": 5.5070141243465106e-306, ""92"": 2.2748066288038064e-306, ""93"": 1.1057654413867927e-306, ""94"": 1.7785102981188077e-307, ""95"": 3.977358131781194e-308, ""96"": 4.382431377230165e-309, ""97"": 6.0286722646306e-310, ""98"": 5.54241616524707e-310, ""99"": 3.2858898214e-312, ""100"": 3.0433251395e-312, ""101"": 2.81445526256e-312, ""102"": 2.59890847629e-312, ""103"": 2.3962838521e-312, ""104"": 2.206155785707e-312, ""105"": 2.028078362293e-312}",13.2806,13.2806,13,12,0.0033,0.9967,0.9891,0.9752,0.9542,0.928,0.8969,0.8608,0.8188,0.7698,0.7146,0.6535,0.5872,0.5194,0.4532,0.3916,0.3368,0.2864,0.2398,0.1988,0.1606,614c522d#phase10c,"stat_grid:component_convolution_mean_coherent_v1+components[pts:pmf_sim_v1+role_aware_pmf_cal_v1:rotation+monotone_pit_cdf_v1,ast:pmf_sim_v1+role_aware_pmf_cal_v1:rotation+monotone_pit_cdf_v1]+prior_combo[joint_sampler_v1+joint_combo_pmf_v1+role_aware_pmf_cal_v1:rotation+monotone_pit_cdf_v1]+stat_grid_final_component_convolution_mean_coherent_v1",phase8_role_aware_pmf_cal_v1+monotone_inactive_global_v1,rotation,projected_minutes,high,22.5514,21.9169,10.2327,21.9169,31.3872,8.3936,0.05,0.8866,0.1937,rotation,True,current_market_line,True,fanduel,fanduel,player_pa_over_under,11.5,11.5,0.5872,-166.0,124.0,0.583,0.417,0.4128,-142.0,142.0,0.0043,0.0043,-0.0043,2026-05-24T16:09:59.066825Z,full,provisional,lineup_unconfirmed,fallback_used,projected,derived_from_projected_minutes,ok,finals_pending,current_phase8,ok,0.0,projected,not_available_yet,bdl_lineup_freshness_manifest,bdl_plus_nba_official,2026-05-24T16:10:20Z
morning,2026-05-24T16:11:10Z,2026-05-24,21713531,89,Alex Caruso,OKC,SAS,False,pa,"{""0"": 0.0032975846321382715, ""1"": 0.007565096617557995, ""2"": 0.013937285752025321, ""3"": 0.021002443350343247, ""4"": 0.02619433388221313, ""5"": 0.031087609386464387, ""6"": 0.036106222355205754, ""7"": 0.04201821718731997, ""8"": 0.049024442915126344, ""9"": 0.05518949145388677, ""10"": 0.06108698440910813, ""11"": 0.06624611694181103, ""12"": 0.06783724573033977, ""13"": 0.06616044039045131, ""14"": 0.06162787891869613, ""15"": 0.05479294954856683, ""16"": 0.050399685515657086, ""17"": 0.046610285045190714, ""18"": 0.04105208038695813, ""19"": 0.03816007655160601, ""20"": 0.03290375380289629, ""21"": 0.02633452449796561, ""22"": 0.020732035724927114, ""23"": 0.017396595904342973, ""24"": 0.014221336495668221, ""25"": 0.012449133686303314, ""26"": 0.0107225309101318, ""27"": 0.008599737147757802, ""28"": 0.005784167025916596, ""29"": 0.003588698618919803, ""30"": 0.0022213758244851705, ""31"": 0.0012987779357109762, ""32"": 0.000859198672031073, ""33"": 0.0005276286601641555, ""34"": 0.0004237923325357692, ""35"": 0.00039802454194055913, ""36"": 0.000278080263608174, ""37"": 0.0003353165383891058, ""38"": 0.00033925745871600695, ""39"": 0.00034138954873684567, ""40"": 0.0003183082554745767, ""41"": 0.0002148680051614603, ""42"": 0.0001221089735835898, ""43"": 5.895124480901954e-05, ""44"": 3.142272327122345e-05, ""45"": 2.330627947832101e-05, ""46"": 1.2601555725243323e-05, ""47"": 1.8357946129358518e-05, ""48"": 1.5335795869780342e-05, ""49"": 1.4335877700828762e-05, ""50"": 1.0620058547646296e-05, ""51"": 5.02670237234039e-06, ""52"": 1.9476519443448116e-06, ""53"": 7.047965802391132e-07, ""54"": 2.0491831674050422e-07, ""55"": 6.193406250200391e-08, ""56"": 4.984251646044491e-09, ""57"": 3.5290633857880044e-09, ""58"": 1.3927193214724698e-09, ""59"": 4.2172540952638727e-10, ""60"": 3.2950736793528983e-10, ""61"": 4.8043942527267687e-11, ""62"": 1.214796140595731e-11, ""63"": 1.504090038571761e-12, ""64"": 1.78743259922031e-15, ""65"": 1.9176645770742706e-13, ""66"": 3.3957920375540156e-301, ""67"": 8.259157257970874e-16, ""68"": 3.0006815544980473e-301, ""69"": 2.8144195303851945e-301, ""70"": 7.534458858632328e-16, ""71"": 2.46482293634748e-301, ""72"": 7.030149971857526e-16, ""73"": 2.1458268677028146e-301, ""74"": 1.9976927019982945e-301, ""75"": 1.857016270999406e-301, ""76"": 1.7236764925353977e-301, ""77"": 1.5975293083079198e-301, ""78"": 1.4784101593794898e-301, ""79"": 1.3661364292019046e-301, ""80"": 1.260509835563432e-301, ""81"": 1.009809062040333e-301, ""82"": 7.93439845509948e-302, ""83"": 4.799106297766397e-302, ""84"": 2.110728147873659e-302, ""85"": 7.928603511156683e-303, ""86"": 2.709505493348201e-303, ""87"": 7.925720494151902e-304, ""88"": 1.9747526071028285e-304, ""89"": 2.722831927846043e-305, ""90"": 1.4972849038419024e-305, ""91"": 5.5070141243465106e-306, ""92"": 2.2748066288038064e-306, ""93"": 1.1057654413867927e-306, ""94"": 1.7785102981188077e-307, ""95"": 3.977358131781194e-308, ""96"": 4.382431377230165e-309, ""97"": 6.0286722646306e-310, ""98"": 5.54241616524707e-310, ""99"": 3.2858898214e-312, ""100"": 3.0433251395e-312, ""101"": 2.81445526256e-312, ""102"": 2.59890847629e-312, ""103"": 2.3962838521e-312, ""104"": 2.206155785707e-312, ""105"": 2.028078362293e-312}",13.2806,13.2806,13,12,0.0033,0.9967,0.9891,0.9752,0.9542,0.928,0.8969,0.8608,0.8188,0.7698,0.7146,0.6535,0.5872,0.5194,0.4532,0.3916,0.3368,0.2864,0.2398,0.1988,0.1606,614c522d#phase10c,"stat_grid:component_convolution_mean_coherent_v1+components[pts:pmf_sim_v1+role_aware_pmf_cal_v1:rotation+monotone_pit_cdf_v1,ast:pmf_sim_v1+role_aware_pmf_cal_v1:rotation+monotone_pit_cdf_v1]+prior_combo[joint_sampler_v1+joint_combo_pmf_v1+role_aware_pmf_cal_v1:rotation+monotone_pit_cdf_v1]+stat_grid_final_component_convolution_mean_coherent_v1",phase8_role_aware_pmf_cal_v1+monotone_inactive_global_v1,rotation,projected_minutes,high,22.5514,21.9169,10.2327,21.9169,31.3872,8.3936,0.05,0.8866,0.1937,rotation,True,current_market_line,True,fanduel,fanduel,player_pa_over_under,13.5,13.5,0.4532,102.0,-136.0,0.4621,0.5379,0.5468,121.0,-121.0,-0.0088,-0.0088,0.0088,2026-05-24T16:09:59.066825Z,full,provisional,lineup_unconfirmed,fallback_used,projected,derived_from_projected_minutes,ok,finals_pending,current_phase8,ok,0.0,projected,not_available_yet,bdl_lineup_freshness_manifest,bdl_plus_nba_official,2026-05-24T16:10:20Z
morning,2026-05-24T16:11:10Z,2026-05-24,21713531,89,Alex Caruso,OKC,SAS,False,pa,"{""0"": 0.0032975846321382715, ""1"": 0.007565096617557995, ""2"": 0.013937285752025321, ""3"": 0.021002443350343247, ""4"": 0.02619433388221313, ""5"": 0.031087609386464387, ""6"": 0.036106222355205754, ""7"": 0.04201821718731997, ""8"": 0.049024442915126344, ""9"": 0.05518949145388677, ""10"": 0.06108698440910813, ""11"": 0.06624611694181103, ""12"": 0.06783724573033977, ""13"": 0.06616044039045131, ""14"": 0.06162787891869613, ""15"": 0.05479294954856683, ""16"": 0.050399685515657086, ""17"": 0.046610285045190714, ""18"": 0.04105208038695813, ""19"": 0.03816007655160601, ""20"": 0.03290375380289629, ""21"": 0.02633452449796561, ""22"": 0.020732035724927114, ""23"": 0.017396595904342973, ""24"": 0.014221336495668221, ""25"": 0.012449133686303314, ""26"": 0.0107225309101318, ""27"": 0.008599737147757802, ""28"": 0.005784167025916596, ""29"": 0.003588698618919803, ""30"": 0.0022213758244851705, ""31"": 0.0012987779357109762, ""32"": 0.000859198672031073, ""33"": 0.0005276286601641555, ""34"": 0.0004237923325357692, ""35"": 0.00039802454194055913, ""36"": 0.000278080263608174, ""37"": 0.0003353165383891058, ""38"": 0.00033925745871600695, ""39"": 0.00034138954873684567, ""40"": 0.0003183082554745767, ""41"": 0.0002148680051614603, ""42"": 0.0001221089735835898, ""43"": 5.895124480901954e-05, ""44"": 3.142272327122345e-05, ""45"": 2.330627947832101e-05, ""46"": 1.2601555725243323e-05, ""47"": 1.8357946129358518e-05, ""48"": 1.5335795869780342e-05, ""49"": 1.4335877700828762e-05, ""50"": 1.0620058547646296e-05, ""51"": 5.02670237234039e-06, ""52"": 1.9476519443448116e-06, ""53"": 7.047965802391132e-07, ""54"": 2.0491831674050422e-07, ""55"": 6.193406250200391e-08, ""56"": 4.984251646044491e-09, ""57"": 3.5290633857880044e-09, ""58"": 1.3927193214724698e-09, ""59"": 4.2172540952638727e-10, ""60"": 3.2950736793528983e-10, ""61"": 4.8043942527267687e-11, ""62"": 1.214796140595731e-11, ""63"": 1.504090038571761e-12, ""64"": 1.78743259922031e-15, ""65"": 1.9176645770742706e-13, ""66"": 3.3957920375540156e-301, ""67"": 8.259157257970874e-16, ""68"": 3.0006815544980473e-301, ""69"": 2.8144195303851945e-301, ""70"": 7.534458858632328e-16, ""71"": 2.46482293634748e-301, ""72"": 7.030149971857526e-16, ""73"": 2.1458268677028146e-301, ""74"": 1.9976927019982945e-301, ""75"": 1.857016270999406e-301, ""76"": 1.7236764925353977e-301, ""77"": 1.5975293083079198e-301, ""78"": 1.4784101593794898e-301, ""79"": 1.3661364292019046e-301, ""80"": 1.260509835563432e-301, ""81"": 1.009809062040333e-301, ""82"": 7.93439845509948e-302, ""83"": 4.799106297766397e-302, ""84"": 2.110728147873659e-302, ""85"": 7.928603511156683e-303, ""86"": 2.709505493348201e-303, ""87"": 7.925720494151902e-304, ""88"": 1.9747526071028285e-304, ""89"": 2.722831927846043e-305, ""90"": 1.4972849038419024e-305, ""91"": 5.5070141243465106e-306, ""92"": 2.2748066288038064e-306, ""93"": 1.1057654413867927e-306, ""94"": 1.7785102981188077e-307, ""95"": 3.977358131781194e-308, ""96"": 4.382431377230165e-309, ""97"": 6.0286722646306e-310, ""98"": 5.54241616524707e-310, ""99"": 3.2858898214e-312, ""100"": 3.0433251395e-312, ""101"": 2.81445526256e-312, ""102"": 2.59890847629e-312, ""103"": 2.3962838521e-312, ""104"": 2.206155785707e-312, ""105"": 2.028078362293e-312}",13.2806,13.2806,13,12,0.0033,0.9967,0.9891,0.9752,0.9542,0.928,0.8969,0.8608,0.8188,0.7698,0.7146,0.6535,0.5872,0.5194,0.4532,0.3916,0.3368,0.2864,0.2398,0.1988,0.1606,614c522d#phase10c,"stat_grid:component_convolution_mean_coherent_v1+components[pts:pmf_sim_v1+role_aware_pmf_cal_v1:rotation+monotone_pit_cdf_v1,ast:pmf_sim_v1+role_aware_pmf_cal_v1:rotation+monotone_pit_cdf_v1]+prior_combo[joint_sampler_v1+joint_combo_pmf_v1+role_aware_pmf_cal_v1:rotation+monotone_pit_cdf_v1]+stat_grid_final_component_convolution_mean_coherent_v1",phase8_role_aware_pmf_cal_v1+monotone_inactive_global_v1,rotation,projected_minutes,high,22.5514,21.9169,10.2327,21.9169,31.3872,8.3936,0.05,0.8866,0.1937,rotation,True,current_market_line,True,fanduel,fanduel,player_pa_over_under,14.5,14.5,0.3916,130.0,-174.0,0.4064,0.5936,0.6084,155.0,-155.0,-0.0148,-0.0148,0.0148,2026-05-24T16:09:59.066825Z,full,provisional,lineup_unconfirmed,fallback_used,projected,derived_from_projected_minutes,ok,finals_pending,current_phase8,ok,0.0,projected,not_available_yet,bdl_lineup_freshness_manifest,bdl_plus_nba_official,2026-05-24T16:10:20Z
morning,2026-05-24T16:11:10Z,2026-05-24,21713531,89,Alex Caruso,OKC,SAS,False,pa,"{""0"": 0.0032975846321382715, ""1"": 0.007565096617557995, ""2"": 0.013937285752025321, ""3"": 0.021002443350343247, ""4"": 0.02619433388221313, ""5"": 0.031087609386464387, ""6"": 0.036106222355205754, ""7"": 0.04201821718731997, ""8"": 0.049024442915126344, ""9"": 0.05518949145388677, ""10"": 0.06108698440910813, ""11"": 0.06624611694181103, ""12"": 0.06783724573033977, ""13"": 0.06616044039045131, ""14"": 0.06162787891869613, ""15"": 0.05479294954856683, ""16"": 0.050399685515657086, ""17"": 0.046610285045190714, ""18"": 0.04105208038695813, ""19"": 0.03816007655160601, ""20"": 0.03290375380289629, ""21"": 0.02633452449796561, ""22"": 0.020732035724927114, ""23"": 0.017396595904342973, ""24"": 0.014221336495668221, ""25"": 0.012449133686303314, ""26"": 0.0107225309101318, ""27"": 0.008599737147757802, ""28"": 0.005784167025916596, ""29"": 0.003588698618919803, ""30"": 0.0022213758244851705, ""31"": 0.0012987779357109762, ""32"": 0.000859198672031073, ""33"": 0.0005276286601641555, ""34"": 0.0004237923325357692, ""35"": 0.00039802454194055913, ""36"": 0.000278080263608174, ""37"": 0.0003353165383891058, ""38"": 0.00033925745871600695, ""39"": 0.00034138954873684567, ""40"": 0.0003183082554745767, ""41"": 0.0002148680051614603, ""42"": 0.0001221089735835898, ""43"": 5.895124480901954e-05, ""44"": 3.142272327122345e-05, ""45"": 2.330627947832101e-05, ""46"": 1.2601555725243323e-05, ""47"": 1.8357946129358518e-05, ""48"": 1.5335795869780342e-05, ""49"": 1.4335877700828762e-05, ""50"": 1.0620058547646296e-05, ""51"": 5.02670237234039e-06, ""52"": 1.9476519443448116e-06, ""53"": 7.047965802391132e-07, ""54"": 2.0491831674050422e-07, ""55"": 6.193406250200391e-08, ""56"": 4.984251646044491e-09, ""57"": 3.5290633857880044e-09, ""58"": 1.3927193214724698e-09, ""59"": 4.2172540952638727e-10, ""60"": 3.2950736793528983e-10, ""61"": 4.8043942527267687e-11, ""62"": 1.214796140595731e-11, ""63"": 1.504090038571761e-12, ""64"": 1.78743259922031e-15, ""65"": 1.9176645770742706e-13, ""66"": 3.3957920375540156e-301, ""67"": 8.259157257970874e-16, ""68"": 3.0006815544980473e-301, ""69"": 2.8144195303851945e-301, ""70"": 7.534458858632328e-16, ""71"": 2.46482293634748e-301, ""72"": 7.030149971857526e-16, ""73"": 2.1458268677028146e-301, ""74"": 1.9976927019982945e-301, ""75"": 1.857016270999406e-301, ""76"": 1.7236764925353977e-301, ""77"": 1.5975293083079198e-301, ""78"": 1.4784101593794898e-301, ""79"": 1.3661364292019046e-301, ""80"": 1.260509835563432e-301, ""81"": 1.009809062040333e-301, ""82"": 7.93439845509948e-302, ""83"": 4.799106297766397e-302, ""84"": 2.110728147873659e-302, ""85"": 7.928603511156683e-303, ""86"": 2.709505493348201e-303, ""87"": 7.925720494151902e-304, ""88"": 1.9747526071028285e-304, ""89"": 2.722831927846043e-305, ""90"": 1.4972849038419024e-305, ""91"": 5.5070141243465106e-306, ""92"": 2.2748066288038064e-306, ""93"": 1.1057654413867927e-306, ""94"": 1.7785102981188077e-307, ""95"": 3.977358131781194e-308, ""96"": 4.382431377230165e-309, ""97"": 6.0286722646306e-310, ""98"": 5.54241616524707e-310, ""99"": 3.2858898214e-312, ""100"": 3.0433251395e-312, ""101"": 2.81445526256e-312, ""102"": 2.59890847629e-312, ""103"": 2.3962838521e-312, ""104"": 2.206155785707e-312, ""105"": 2.028078362293e-312}",13.2806,13.2806,13,12,0.0033,0.9967,0.9891,0.9752,0.9542,0.928,0.8969,0.8608,0.8188,0.7698,0.7146,0.6535,0.5872,0.5194,0.4532,0.3916,0.3368,0.2864,0.2398,0.1988,0.1606,614c522d#phase10c,"stat_grid:component_convolution_mean_coherent_v1+components[pts:pmf_sim_v1+role_aware_pmf_cal_v1:rotation+monotone_pit_cdf_v1,ast:pmf_sim_v1+role_aware_pmf_cal_v1:rotation+monotone_pit_cdf_v1]+prior_combo[joint_sampler_v1+joint_combo_pmf_v1+role_aware_pmf_cal_v1:rotation+monotone_pit_cdf_v1]+stat_grid_final_component_convolution_mean_coherent_v1",phase8_role_aware_pmf_cal_v1+monotone_inactive_global_v1,rotation,projected_minutes,high,22.5514,21.9169,10.2327,21.9169,31.3872,8.3936,0.05,0.8866,0.1937,rotation,True,current_market_line,True,fanduel,fanduel,player_pa_over_under,15.5,15.5,0.3368,162.0,-220.0,0.357,0.643,0.6632,197.0,-197.0,-0.0202,-0.0202,0.0202,2026-05-24T16:09:59.066825Z,full,provisional,lineup_unconfirmed,fallback_used,projected,derived_from_projected_minutes,ok,finals_pending,current_phase8,ok,0.0,projected,not_available_yet,bdl_lineup_freshness_manifest,bdl_plus_nba_official,2026-05-24T16:10:20Z
morning,2026-05-24T16:11:10Z,2026-05-24,21713531,89,Alex Caruso,OKC,SAS,False,pa,"{""0"": 0.0032975846321382715, ""1"": 0.007565096617557995, ""2"": 0.013937285752025321, ""3"": 0.021002443350343247, ""4"": 0.02619433388221313, ""5"": 0.031087609386464387, ""6"": 0.036106222355205754, ""7"": 0.04201821718731997, ""8"": 0.049024442915126344, ""9"": 0.05518949145388677, ""10"": 0.06108698440910813, ""11"": 0.06624611694181103, ""12"": 0.06783724573033977, ""13"": 0.06616044039045131, ""14"": 0.06162787891869613, ""15"": 0.05479294954856683, ""16"": 0.050399685515657086, ""17"": 0.046610285045190714, ""18"": 0.04105208038695813, ""19"": 0.03816007655160601, ""20"": 0.03290375380289629, ""21"": 0.02633452449796561, ""22"": 0.020732035724927114, ""23"": 0.017396595904342973, ""24"": 0.014221336495668221, ""25"": 0.012449133686303314, ""26"": 0.0107225309101318, ""27"": 0.008599737147757802, ""28"": 0.005784167025916596, ""29"": 0.003588698618919803, ""30"": 0.0022213758244851705, ""31"": 0.0012987779357109762, ""32"": 0.000859198672031073, ""33"": 0.0005276286601641555, ""34"": 0.0004237923325357692, ""35"": 0.00039802454194055913, ""36"": 0.000278080263608174, ""37"": 0.0003353165383891058, ""38"": 0.00033925745871600695, ""39"": 0.00034138954873684567, ""40"": 0.0003183082554745767, ""41"": 0.0002148680051614603, ""42"": 0.0001221089735835898, ""43"": 5.895124480901954e-05, ""44"": 3.142272327122345e-05, ""45"": 2.330627947832101e-05, ""46"": 1.2601555725243323e-05, ""47"": 1.8357946129358518e-05, ""48"": 1.5335795869780342e-05, ""49"": 1.4335877700828762e-05, ""50"": 1.0620058547646296e-05, ""51"": 5.02670237234039e-06, ""52"": 1.9476519443448116e-06, ""53"": 7.047965802391132e-07, ""54"": 2.0491831674050422e-07, ""55"": 6.193406250200391e-08, ""56"": 4.984251646044491e-09, ""57"": 3.5290633857880044e-09, ""58"": 1.3927193214724698e-09, ""59"": 4.2172540952638727e-10, ""60"": 3.2950736793528983e-10, ""61"": 4.8043942527267687e-11, ""62"": 1.214796140595731e-11, ""63"": 1.504090038571761e-12, ""64"": 1.78743259922031e-15, ""65"": 1.9176645770742706e-13, ""66"": 3.3957920375540156e-301, ""67"": 8.259157257970874e-16, ""68"": 3.0006815544980473e-301, ""69"": 2.8144195303851945e-301, ""70"": 7.534458858632328e-16, ""71"": 2.46482293634748e-301, ""72"": 7.030149971857526e-16, ""73"": 2.1458268677028146e-301, ""74"": 1.9976927019982945e-301, ""75"": 1.857016270999406e-301, ""76"": 1.7236764925353977e-301, ""77"": 1.5975293083079198e-301, ""78"": 1.4784101593794898e-301, ""79"": 1.3661364292019046e-301, ""80"": 1.260509835563432e-301, ""81"": 1.009809062040333e-301, ""82"": 7.93439845509948e-302, ""83"": 4.799106297766397e-302, ""84"": 2.110728147873659e-302, ""85"": 7.928603511156683e-303, ""86"": 2.709505493348201e-303, ""87"": 7.925720494151902e-304, ""88"": 1.9747526071028285e-304, ""89"": 2.722831927846043e-305, ""90"": 1.4972849038419024e-305, ""91"": 5.5070141243465106e-306, ""92"": 2.2748066288038064e-306, ""93"": 1.1057654413867927e-306, ""94"": 1.7785102981188077e-307, ""95"": 3.977358131781194e-308, ""96"": 4.382431377230165e-309, ""97"": 6.0286722646306e-310, ""98"": 5.54241616524707e-310, ""99"": 3.2858898214e-312, ""100"": 3.0433251395e-312, ""101"": 2.81445526256e-312, ""102"": 2.59890847629e-312, ""103"": 2.3962838521e-312, ""104"": 2.206155785707e-312, ""105"": 2.028078362293e-312}",13.2806,13.2806,13,12,0.0033,0.9967,0.9891,0.9752,0.9542,0.928,0.8969,0.8608,0.8188,0.7698,0.7146,0.6535,0.5872,0.5194,0.4532,0.3916,0.3368,0.2864,0.2398,0.1988,0.1606,614c522d#phase10c,"stat_grid:component_convolution_mean_coherent_v1+components[pts:pmf_sim_v1+role_aware_pmf_cal_v1:rotation+monotone_pit_cdf_v1,ast:pmf_sim_v1+role_aware_pmf_cal_v1:rotation+monotone_pit_cdf_v1]+prior_combo[joint_sampler_v1+joint_combo_pmf_v1+role_aware_pmf_cal_v1:rotation+monotone_pit_cdf_v1]+stat_grid_final_component_convolution_mean_coherent_v1",phase8_role_aware_pmf_cal_v1+monotone_inactive_global_v1,rotation,projected_minutes,high,22.5514,21.9169,10.2327,21.9169,31.3872,8.3936,0.05,0.8866,0.1937,rotation,True,current_market_line,True,fanduel,fanduel,player_pa_over_under,16.5,16.5,0.2864,194.0,-270.0,0.3179,0.6821,0.7136,249.0,-249.0,-0.0315,-0.0315,0.0315,2026-05-24T16:09:59.066825Z,full,provisional,lineup_unconfirmed,fallback_used,projected,derived_from_projected_minutes,ok,finals_pending,current_phase8,ok,0.0,projected,not_available_yet,bdl_lineup_freshness_manifest,bdl_plus_nba_official,2026-05-24T16:10:20Z
morning,2026-05-24T16:11:10Z,2026-05-24,21713531,89,Alex Caruso,OKC,SAS,False,pa,"{""0"": 0.0032975846321382715, ""1"": 0.007565096617557995, ""2"": 0.013937285752025321, ""3"": 0.021002443350343247, ""4"": 0.02619433388221313, ""5"": 0.031087609386464387, ""6"": 0.036106222355205754, ""7"": 0.04201821718731997, ""8"": 0.049024442915126344, ""9"": 0.05518949145388677, ""10"": 0.06108698440910813, ""11"": 0.06624611694181103, ""12"": 0.06783724573033977, ""13"": 0.06616044039045131, ""14"": 0.06162787891869613, ""15"": 0.05479294954856683, ""16"": 0.050399685515657086, ""17"": 0.046610285045190714, ""18"": 0.04105208038695813, ""19"": 0.03816007655160601, ""20"": 0.03290375380289629, ""21"": 0.02633452449796561, ""22"": 0.020732035724927114, ""23"": 0.017396595904342973, ""24"": 0.014221336495668221, ""25"": 0.012449133686303314, ""26"": 0.0107225309101318, ""27"": 0.008599737147757802, ""28"": 0.005784167025916596, ""29"": 0.003588698618919803, ""30"": 0.0022213758244851705, ""31"": 0.0012987779357109762, ""32"": 0.000859198672031073, ""33"": 0.0005276286601641555, ""34"": 0.0004237923325357692, ""35"": 0.00039802454194055913, ""36"": 0.000278080263608174, ""37"": 0.0003353165383891058, ""38"": 0.00033925745871600695, ""39"": 0.00034138954873684567, ""40"": 0.0003183082554745767, ""41"": 0.0002148680051614603, ""42"": 0.0001221089735835898, ""43"": 5.895124480901954e-05, ""44"": 3.142272327122345e-05, ""45"": 2.330627947832101e-05, ""46"": 1.2601555725243323e-05, ""47"": 1.8357946129358518e-05, ""48"": 1.5335795869780342e-05, ""49"": 1.4335877700828762e-05, ""50"": 1.0620058547646296e-05, ""51"": 5.02670237234039e-06, ""52"": 1.9476519443448116e-06, ""53"": 7.047965802391132e-07, ""54"": 2.0491831674050422e-07, ""55"": 6.193406250200391e-08, ""56"": 4.984251646044491e-09, ""57"": 3.5290633857880044e-09, ""58"": 1.3927193214724698e-09, ""59"": 4.2172540952638727e-10, ""60"": 3.2950736793528983e-10, ""61"": 4.8043942527267687e-11, ""62"": 1.214796140595731e-11, ""63"": 1.504090038571761e-12, ""64"": 1.78743259922031e-15, ""65"": 1.9176645770742706e-13, ""66"": 3.3957920375540156e-301, ""67"": 8.259157257970874e-16, ""68"": 3.0006815544980473e-301, ""69"": 2.8144195303851945e-301, ""70"": 7.534458858632328e-16, ""71"": 2.46482293634748e-301, ""72"": 7.030149971857526e-16, ""73"": 2.1458268677028146e-301, ""74"": 1.9976927019982945e-301, ""75"": 1.857016270999406e-301, ""76"": 1.7236764925353977e-301, ""77"": 1.5975293083079198e-301, ""78"": 1.4784101593794898e-301, ""79"": 1.3661364292019046e-301, ""80"": 1.260509835563432e-301, ""81"": 1.009809062040333e-301, ""82"": 7.93439845509948e-302, ""83"": 4.799106297766397e-302, ""84"": 2.110728147873659e-302, ""85"": 7.928603511156683e-303, ""86"": 2.709505493348201e-303, ""87"": 7.925720494151902e-304, ""88"": 1.9747526071028285e-304, ""89"": 2.722831927846043e-305, ""90"": 1.4972849038419024e-305, ""91"": 5.5070141243465106e-306, ""92"": 2.2748066288038064e-306, ""93"": 1.1057654413867927e-306, ""94"": 1.7785102981188077e-307, ""95"": 3.977358131781194e-308, ""96"": 4.382431377230165e-309, ""97"": 6.0286722646306e-310, ""98"": 5.54241616524707e-310, ""99"": 3.2858898214e-312, ""100"": 3.0433251395e-312, ""101"": 2.81445526256e-312, ""102"": 2.59890847629e-312, ""103"": 2.3962838521e-312, ""104"": 2.206155785707e-312, ""105"": 2.028078362293e-312}",13.2806,13.2806,13,12,0.0033,0.9967,0.9891,0.9752,0.9542,0.928,0.8969,0.8608,0.8188,0.7698,0.7146,0.6535,0.5872,0.5194,0.4532,0.3916,0.3368,0.2864,0.2398,0.1988,0.1606,614c522d#phase10c,"stat_grid:component_convolution_mean_coherent_v1+components[pts:pmf_sim_v1+role_aware_pmf_cal_v1:rotation+monotone_pit_cdf_v1,ast:pmf_sim_v1+role_aware_pmf_cal_v1:rotation+monotone_pit_cdf_v1]+prior_combo[joint_sampler_v1+joint_combo_pmf_v1+role_aware_pmf_cal_v1:rotation+monotone_pit_cdf_v1]+stat_grid_final_component_convolution_mean_coherent_v1",phase8_role_aware_pmf_cal_v1+monotone_inactive_global_v1,rotation,projected_minutes,high,22.5514,21.9169,10.2327,21.9169,31.3872,8.3936,0.05,0.8866,0.1937,rotation,True,current_market_line,True,fanduel,fanduel,player_pa_over_under,17.5,17.5,0.2398,235.0,-350.0,0.2773,0.7227,0.7602,317.0,-317.0,-0.0375,-0.0375,0.0375,2026-05-24T16:09:59.066825Z,full,provisional,lineup_unconfirmed,fallback_used,projected,derived_from_projected_minutes,ok,finals_pending,current_phase8,ok,0.0,projected,not_available_yet,bdl_lineup_freshness_manifest,bdl_plus_nba_official,2026-05-24T16:10:20Z
morning,2026-05-24T16:11:10Z,2026-05-24,21713531,89,Alex Caruso,OKC,SAS,False,pa,"{""0"": 0.0032975846321382715, ""1"": 0.007565096617557995, ""2"": 0.013937285752025321, ""3"": 0.021002443350343247, ""4"": 0.02619433388221313, ""5"": 0.031087609386464387, ""6"": 0.036106222355205754, ""7"": 0.04201821718731997, ""8"": 0.049024442915126344, ""9"": 0.05518949145388677, ""10"": 0.06108698440910813, ""11"": 0.06624611694181103, ""12"": 0.06783724573033977, ""13"": 0.06616044039045131, ""14"": 0.06162787891869613, ""15"": 0.05479294954856683, ""16"": 0.050399685515657086, ""17"": 0.046610285045190714, ""18"": 0.04105208038695813, ""19"": 0.03816007655160601, ""20"": 0.03290375380289629, ""21"": 0.02633452449796561, ""22"": 0.020732035724927114, ""23"": 0.017396595904342973, ""24"": 0.014221336495668221, ""25"": 0.012449133686303314, ""26"": 0.0107225309101318, ""27"": 0.008599737147757802, ""28"": 0.005784167025916596, ""29"": 0.003588698618919803, ""30"": 0.0022213758244851705, ""31"": 0.0012987779357109762, ""32"": 0.000859198672031073, ""33"": 0.0005276286601641555, ""34"": 0.0004237923325357692, ""35"": 0.00039802454194055913, ""36"": 0.000278080263608174, ""37"": 0.0003353165383891058, ""38"": 0.00033925745871600695, ""39"": 0.00034138954873684567, ""40"": 0.0003183082554745767, ""41"": 0.0002148680051614603, ""42"": 0.0001221089735835898, ""43"": 5.895124480901954e-05, ""44"": 3.142272327122345e-05, ""45"": 2.330627947832101e-05, ""46"": 1.2601555725243323e-05, ""47"": 1.8357946129358518e-05, ""48"": 1.5335795869780342e-05, ""49"": 1.4335877700828762e-05, ""50"": 1.0620058547646296e-05, ""51"": 5.02670237234039e-06, ""52"": 1.9476519443448116e-06, ""53"": 7.047965802391132e-07, ""54"": 2.0491831674050422e-07, ""55"": 6.193406250200391e-08, ""56"": 4.984251646044491e-09, ""57"": 3.5290633857880044e-09, ""58"": 1.3927193214724698e-09, ""59"": 4.2172540952638727e-10, ""60"": 3.2950736793528983e-10, ""61"": 4.8043942527267687e-11, ""62"": 1.214796140595731e-11, ""63"": 1.504090038571761e-12, ""64"": 1.78743259922031e-15, ""65"": 1.9176645770742706e-13, ""66"": 3.3957920375540156e-301, ""67"": 8.259157257970874e-16, ""68"": 3.0006815544980473e-301, ""69"": 2.8144195303851945e-301, ""70"": 7.534458858632328e-16, ""71"": 2.46482293634748e-301, ""72"": 7.030149971857526e-16, ""73"": 2.1458268677028146e-301, ""74"": 1.9976927019982945e-301, ""75"": 1.857016270999406e-301, ""76"": 1.7236764925353977e-301, ""77"": 1.5975293083079198e-301, ""78"": 1.4784101593794898e-301, ""79"": 1.3661364292019046e-301, ""80"": 1.260509835563432e-301, ""81"": 1.009809062040333e-301, ""82"": 7.93439845509948e-302, ""83"": 4.799106297766397e-302, ""84"": 2.110728147873659e-302, ""85"": 7.928603511156683e-303, ""86"": 2.709505493348201e-303, ""87"": 7.925720494151902e-304, ""88"": 1.9747526071028285e-304, ""89"": 2.722831927846043e-305, ""90"": 1.4972849038419024e-305, ""91"": 5.5070141243465106e-306, ""92"": 2.2748066288038064e-306, ""93"": 1.1057654413867927e-306, ""94"": 1.7785102981188077e-307, ""95"": 3.977358131781194e-308, ""96"": 4.382431377230165e-309, ""97"": 6.0286722646306e-310, ""98"": 5.54241616524707e-310, ""99"": 3.2858898214e-312, ""100"": 3.0433251395e-312, ""101"": 2.81445526256e-312, ""102"": 2.59890847629e-312, ""103"": 2.3962838521e-312, ""104"": 2.206155785707e-312, ""105"": 2.028078362293e-312}",13.2806,13.2806,13,12,0.0033,0.9967,0.9891,0.9752,0.9542,0.928,0.8969,0.8608,0.8188,0.7698,0.7146,0.6535,0.5872,0.5194,0.4532,0.3916,0.3368,0.2864,0.2398,0.1988,0.1606,614c522d#phase10c,"stat_grid:component_convolution_mean_coherent_v1+components[pts:pmf_sim_v1+role_aware_pmf_cal_v1:rotation+monotone_pit_cdf_v1,ast:pmf_sim_v1+role_aware_pmf_cal_v1:rotation+monotone_pit_cdf_v1]+prior_combo[joint_sampler_v1+joint_combo_pmf_v1+role_aware_pmf_cal_v1:rotation+monotone_pit_cdf_v1]+stat_grid_final_component_convolution_mean_coherent_v1",phase8_role_aware_pmf_cal_v1+monotone_inactive_global_v1,rotation,projected_minutes,high,22.5514,21.9169,10.2327,21.9169,31.3872,8.3936,0.05,0.8866,0.1937,rotation,True,current_market_line,True,hardrockbet_fl,hardrockbet_fl,player_pa_over_under,12.5,12.5,0.5194,-125.0,-105.0,0.5203,0.4797,0.4806,-108.0,108.0,-0.0009,-0.0009,0.0009,2026-05-24T16:09:59.066825Z,full,provisional,lineup_unconfirmed,fallback_used,projected,derived_from_projected_minutes,ok,finals_pending,current_phase8,ok,0.0,projected,not_available_yet,bdl_lineup_freshness_manifest,bdl_plus_nba_official,2026-05-24T16:10:20Z
morning,2026-05-24T16:11:10Z,2026-05-24,21713531,89,Alex Caruso,OKC,SAS,False,pa,"{""0"": 0.0032975846321382715, ""1"": 0.007565096617557995, ""2"": 0.013937285752025321, ""3"": 0.021002443350343247, ""4"": 0.02619433388221313, ""5"": 0.031087609386464387, ""6"": 0.036106222355205754, ""7"": 0.04201821718731997, ""8"": 0.049024442915126344, ""9"": 0.05518949145388677, ""10"": 0.06108698440910813, ""11"": 0.06624611694181103, ""12"": 0.06783724573033977, ""13"": 0.06616044039045131, ""14"": 0.06162787891869613, ""15"": 0.05479294954856683, ""16"": 0.050399685515657086, ""17"": 0.046610285045190714, ""18"": 0.04105208038695813, ""19"": 0.03816007655160601, ""20"": 0.03290375380289629, ""21"": 0.02633452449796561, ""22"": 0.020732035724927114, ""23"": 0.017396595904342973, ""24"": 0.014221336495668221, ""25"": 0.012449133686303314, ""26"": 0.0107225309101318, ""27"": 0.008599737147757802, ""28"": 0.005784167025916596, ""29"": 0.003588698618919803, ""30"": 0.0022213758244851705, ""31"": 0.0012987779357109762, ""32"": 0.000859198672031073, ""33"": 0.0005276286601641555, ""34"": 0.0004237923325357692, ""35"": 0.00039802454194055913, ""36"": 0.000278080263608174, ""37"": 0.0003353165383891058, ""38"": 0.00033925745871600695, ""39"": 0.00034138954873684567, ""40"": 0.0003183082554745767, ""41"": 0.0002148680051614603, ""42"": 0.0001221089735835898, ""43"": 5.895124480901954e-05, ""44"": 3.142272327122345e-05, ""45"": 2.330627947832101e-05, ""46"": 1.2601555725243323e-05, ""47"": 1.8357946129358518e-05, ""48"": 1.5335795869780342e-05, ""49"": 1.4335877700828762e-05, ""50"": 1.0620058547646296e-05, ""51"": 5.02670237234039e-06, ""52"": 1.9476519443448116e-06, ""53"": 7.047965802391132e-07, ""54"": 2.0491831674050422e-07, ""55"": 6.193406250200391e-08, ""56"": 4.984251646044491e-09, ""57"": 3.5290633857880044e-09, ""58"": 1.3927193214724698e-09, ""59"": 4.2172540952638727e-10, ""60"": 3.2950736793528983e-10, ""61"": 4.8043942527267687e-11, ""62"": 1.214796140595731e-11, ""63"": 1.504090038571761e-12, ""64"": 1.78743259922031e-15, ""65"": 1.9176645770742706e-13, ""66"": 3.3957920375540156e-301, ""67"": 8.259157257970874e-16, ""68"": 3.0006815544980473e-301, ""69"": 2.8144195303851945e-301, ""70"": 7.534458858632328e-16, ""71"": 2.46482293634748e-301, ""72"": 7.030149971857526e-16, ""73"": 2.1458268677028146e-301, ""74"": 1.9976927019982945e-301, ""75"": 1.857016270999406e-301, ""76"": 1.7236764925353977e-301, ""77"": 1.5975293083079198e-301, ""78"": 1.4784101593794898e-301, ""79"": 1.3661364292019046e-301, ""80"": 1.260509835563432e-301, ""81"": 1.009809062040333e-301, ""82"": 7.93439845509948e-302, ""83"": 4.799106297766397e-302, ""84"": 2.110728147873659e-302, ""85"": 7.928603511156683e-303, ""86"": 2.709505493348201e-303, ""87"": 7.925720494151902e-304, ""88"": 1.9747526071028285e-304, ""89"": 2.722831927846043e-305, ""90"": 1.4972849038419024e-305, ""91"": 5.5070141243465106e-306, ""92"": 2.2748066288038064e-306, ""93"": 1.1057654413867927e-306, ""94"": 1.7785102981188077e-307, ""95"": 3.977358131781194e-308, ""96"": 4.382431377230165e-309, ""97"": 6.0286722646306e-310, ""98"": 5.54241616524707e-310, ""99"": 3.2858898214e-312, ""100"": 3.0433251395e-312, ""101"": 2.81445526256e-312, ""102"": 2.59890847629e-312, ""103"": 2.3962838521e-312, ""104"": 2.206155785707e-312, ""105"": 2.028078362293e-312}",13.2806,13.2806,13,12,0.0033,0.9967,0.9891,0.9752,0.9542,0.928,0.8969,0.8608,0.8188,0.7698,0.7146,0.6535,0.5872,0.5194,0.4532,0.3916,0.3368,0.2864,0.2398,0.1988,0.1606,614c522d#phase10c,"stat_grid:component_convolution_mean_coherent_v1+components[pts:pmf_sim_v1+role_aware_pmf_cal_v1:rotation+monotone_pit_cdf_v1,ast:pmf_sim_v1+role_aware_pmf_cal_v1:rotation+monotone_pit_cdf_v1]+prior_combo[joint_sampler_v1+joint_combo_pmf_v1+role_aware_pmf_cal_v1:rotation+monotone_pit_cdf_v1]+stat_grid_final_component_convolution_mean_coherent_v1",phase8_role_aware_pmf_cal_v1+monotone_inactive_global_v1,rotation,projected_minutes,high,22.5514,21.9169,10.2327,21.9169,31.3872,8.3936,0.05,0.8866,0.1937,rotation,True,current_market_line,True,espnbet,espnbet,player_pa_over_under,12.5,12.5,0.5194,-125.0,-105.0,0.5203,0.4797,0.4806,-108.0,108.0,-0.0009,-0.0009,0.0009,2026-05-24T16:09:59.066825Z,full,provisional,lineup_unconfirmed,fallback_used,projected,derived_from_projected_minutes,ok,finals_pending,current_phase8,ok,0.0,projected,not_available_yet,bdl_lineup_freshness_manifest,bdl_plus_nba_official,2026-05-24T16:10:20Z
morning,2026-05-24T16:11:10Z,2026-05-24,21713531,89,Alex Caruso,OKC,SAS,False,pa,"{""0"": 0.0032975846321382715, ""1"": 0.007565096617557995, ""2"": 0.013937285752025321, ""3"": 0.021002443350343247, ""4"": 0.02619433388221313, ""5"": 0.031087609386464387, ""6"": 0.036106222355205754, ""7"": 0.04201821718731997, ""8"": 0.049024442915126344, ""9"": 0.05518949145388677, ""10"": 0.06108698440910813, ""11"": 0.06624611694181103, ""12"": 0.06783724573033977, ""13"": 0.06616044039045131, ""14"": 0.06162787891869613, ""15"": 0.05479294954856683, ""16"": 0.050399685515657086, ""17"": 0.046610285045190714, ""18"": 0.04105208038695813, ""19"": 0.03816007655160601, ""20"": 0.03290375380289629, ""21"": 0.02633452449796561, ""22"": 0.020732035724927114, ""23"": 0.017396595904342973, ""24"": 0.014221336495668221, ""25"": 0.012449133686303314, ""26"": 0.0107225309101318, ""27"": 0.008599737147757802, ""28"": 0.005784167025916596, ""29"": 0.003588698618919803, ""30"": 0.0022213758244851705, ""31"": 0.0012987779357109762, ""32"": 0.000859198672031073, ""33"": 0.0005276286601641555, ""34"": 0.0004237923325357692, ""35"": 0.00039802454194055913, ""36"": 0.000278080263608174, ""37"": 0.0003353165383891058, ""38"": 0.00033925745871600695, ""39"": 0.00034138954873684567, ""40"": 0.0003183082554745767, ""41"": 0.0002148680051614603, ""42"": 0.0001221089735835898, ""43"": 5.895124480901954e-05, ""44"": 3.142272327122345e-05, ""45"": 2.330627947832101e-05, ""46"": 1.2601555725243323e-05, ""47"": 1.8357946129358518e-05, ""48"": 1.5335795869780342e-05, ""49"": 1.4335877700828762e-05, ""50"": 1.0620058547646296e-05, ""51"": 5.02670237234039e-06, ""52"": 1.9476519443448116e-06, ""53"": 7.047965802391132e-07, ""54"": 2.0491831674050422e-07, ""55"": 6.193406250200391e-08, ""56"": 4.984251646044491e-09, ""57"": 3.5290633857880044e-09, ""58"": 1.3927193214724698e-09, ""59"": 4.2172540952638727e-10, ""60"": 3.2950736793528983e-10, ""61"": 4.8043942527267687e-11, ""62"": 1.214796140595731e-11, ""63"": 1.504090038571761e-12, ""64"": 1.78743259922031e-15, ""65"": 1.9176645770742706e-13, ""66"": 3.3957920375540156e-301, ""67"": 8.259157257970874e-16, ""68"": 3.0006815544980473e-301, ""69"": 2.8144195303851945e-301, ""70"": 7.534458858632328e-16, ""71"": 2.46482293634748e-301, ""72"": 7.030149971857526e-16, ""73"": 2.1458268677028146e-301, ""74"": 1.9976927019982945e-301, ""75"": 1.857016270999406e-301, ""76"": 1.7236764925353977e-301, ""77"": 1.5975293083079198e-301, ""78"": 1.4784101593794898e-301, ""79"": 1.3661364292019046e-301, ""80"": 1.260509835563432e-301, ""81"": 1.009809062040333e-301, ""82"": 7.93439845509948e-302, ""83"": 4.799106297766397e-302, ""84"": 2.110728147873659e-302, ""85"": 7.928603511156683e-303, ""86"": 2.709505493348201e-303, ""87"": 7.925720494151902e-304, ""88"": 1.9747526071028285e-304, ""89"": 2.722831927846043e-305, ""90"": 1.4972849038419024e-305, ""91"": 5.5070141243465106e-306, ""92"": 2.2748066288038064e-306, ""93"": 1.1057654413867927e-306, ""94"": 1.7785102981188077e-307, ""95"": 3.977358131781194e-308, ""96"": 4.382431377230165e-309, ""97"": 6.0286722646306e-310, ""98"": 5.54241616524707e-310, ""99"": 3.2858898214e-312, ""100"": 3.0433251395e-312, ""101"": 2.81445526256e-312, ""102"": 2.59890847629e-312, ""103"": 2.3962838521e-312, ""104"": 2.206155785707e-312, ""105"": 2.028078362293e-312}",13.2806,13.2806,13,12,0.0033,0.9967,0.9891,0.9752,0.9542,0.928,0.8969,0.8608,0.8188,0.7698,0.7146,0.6535,0.5872,0.5194,0.4532,0.3916,0.3368,0.2864,0.2398,0.1988,0.1606,614c522d#phase10c,"stat_grid:component_convolution_mean_coherent_v1+components[pts:pmf_sim_v1+role_aware_pmf_cal_v1:rotation+monotone_pit_cdf_v1,ast:pmf_sim_v1+role_aware_pmf_cal_v1:rotation+monotone_pit_cdf_v1]+prior_combo[joint_sampler_v1+joint_combo_pmf_v1+role_aware_pmf_cal_v1:rotation+monotone_pit_cdf_v1]+stat_grid_final_component_convolution_mean_coherent_v1",phase8_role_aware_pmf_cal_v1+monotone_inactive_global_v1,rotation,projected_minutes,high,22.5514,21.9169,10.2327,21.9169,31.3872,8.3936,0.05,0.8866,0.1937,rotation,True,current_market_line,True,fliff,fliff,player_pa_over_under,12.5,12.5,0.5194,-135.0,-105.0,0.5287,0.4713,0.4806,-108.0,108.0,-0.0092,-0.0092,0.0092,2026-05-24T16:09:59.066825Z,full,provisional,lineup_unconfirmed,fallback_used,projected,derived_from_projected_minutes,ok,finals_pending,current_phase8,ok,0.0,projected,not_available_yet,bdl_lineup_freshness_manifest,bdl_plus_nba_official,2026-05-24T16:10:20Z
morning,2026-05-24T16:11:10Z,2026-05-24,21713531,89,Alex Caruso,OKC,SAS,False,pa,"{""0"": 0.0032975846321382715, ""1"": 0.007565096617557995, ""2"": 0.013937285752025321, ""3"": 0.021002443350343247, ""4"": 0.02619433388221313, ""5"": 0.031087609386464387, ""6"": 0.036106222355205754, ""7"": 0.04201821718731997, ""8"": 0.049024442915126344, ""9"": 0.05518949145388677, ""10"": 0.06108698440910813, ""11"": 0.06624611694181103, ""12"": 0.06783724573033977, ""13"": 0.06616044039045131, ""14"": 0.06162787891869613, ""15"": 0.05479294954856683, ""16"": 0.050399685515657086, ""17"": 0.046610285045190714, ""18"": 0.04105208038695813, ""19"": 0.03816007655160601, ""20"": 0.03290375380289629, ""21"": 0.02633452449796561, ""22"": 0.020732035724927114, ""23"": 0.017396595904342973, ""24"": 0.014221336495668221, ""25"": 0.012449133686303314, ""26"": 0.0107225309101318, ""27"": 0.008599737147757802, ""28"": 0.005784167025916596, ""29"": 0.003588698618919803, ""30"": 0.0022213758244851705, ""31"": 0.0012987779357109762, ""32"": 0.000859198672031073, ""33"": 0.0005276286601641555, ""34"": 0.0004237923325357692, ""35"": 0.00039802454194055913, ""36"": 0.000278080263608174, ""37"": 0.0003353165383891058, ""38"": 0.00033925745871600695, ""39"": 0.00034138954873684567, ""40"": 0.0003183082554745767, ""41"": 0.0002148680051614603, ""42"": 0.0001221089735835898, ""43"": 5.895124480901954e-05, ""44"": 3.142272327122345e-05, ""45"": 2.330627947832101e-05, ""46"": 1.2601555725243323e-05, ""47"": 1.8357946129358518e-05, ""48"": 1.5335795869780342e-05, ""49"": 1.4335877700828762e-05, ""50"": 1.0620058547646296e-05, ""51"": 5.02670237234039e-06, ""52"": 1.9476519443448116e-06, ""53"": 7.047965802391132e-07, ""54"": 2.0491831674050422e-07, ""55"": 6.193406250200391e-08, ""56"": 4.984251646044491e-09, ""57"": 3.5290633857880044e-09, ""58"": 1.3927193214724698e-09, ""59"": 4.2172540952638727e-10, ""60"": 3.2950736793528983e-10, ""61"": 4.8043942527267687e-11, ""62"": 1.214796140595731e-11, ""63"": 1.504090038571761e-12, ""64"": 1.78743259922031e-15, ""65"": 1.9176645770742706e-13, ""66"": 3.3957920375540156e-301, ""67"": 8.259157257970874e-16, ""68"": 3.0006815544980473e-301, ""69"": 2.8144195303851945e-301, ""70"": 7.534458858632328e-16, ""71"": 2.46482293634748e-301, ""72"": 7.030149971857526e-16, ""73"": 2.1458268677028146e-301, ""74"": 1.9976927019982945e-301, ""75"": 1.857016270999406e-301, ""76"": 1.7236764925353977e-301, ""77"": 1.5975293083079198e-301, ""78"": 1.4784101593794898e-301, ""79"": 1.3661364292019046e-301, ""80"": 1.260509835563432e-301, ""81"": 1.009809062040333e-301, ""82"": 7.93439845509948e-302, ""83"": 4.799106297766397e-302, ""84"": 2.110728147873659e-302, ""85"": 7.928603511156683e-303, ""86"": 2.709505493348201e-303, ""87"": 7.925720494151902e-304, ""88"": 1.9747526071028285e-304, ""89"": 2.722831927846043e-305, ""90"": 1.4972849038419024e-305, ""91"": 5.5070141243465106e-306, ""92"": 2.2748066288038064e-306, ""93"": 1.1057654413867927e-306, ""94"": 1.7785102981188077e-307, ""95"": 3.977358131781194e-308, ""96"": 4.382431377230165e-309, ""97"": 6.0286722646306e-310, ""98"": 5.54241616524707e-310, ""99"": 3.2858898214e-312, ""100"": 3.0433251395e-312, ""101"": 2.81445526256e-312, ""102"": 2.59890847629e-312, ""103"": 2.3962838521e-312, ""104"": 2.206155785707e-312, ""105"": 2.028078362293e-312}",13.2806,13.2806,13,12,0.0033,0.9967,0.9891,0.9752,0.9542,0.928,0.8969,0.8608,0.8188,0.7698,0.7146,0.6535,0.5872,0.5194,0.4532,0.3916,0.3368,0.2864,0.2398,0.1988,0.1606,614c522d#phase10c,"stat_grid:component_convolution_mean_coherent_v1+components[pts:pmf_sim_v1+role_aware_pmf_cal_v1:rotation+monotone_pit_cdf_v1,ast:pmf_sim_v1+role_aware_pmf_cal_v1:rotation+monotone_pit_cdf_v1]+prior_combo[joint_sampler_v1+joint_combo_pmf_v1+role_aware_pmf_cal_v1:rotation+monotone_pit_cdf_v1]+stat_grid_final_component_convolution_mean_coherent_v1",phase8_role_aware_pmf_cal_v1+monotone_inactive_global_v1,rotation,projected_minutes,high,22.5514,21.9169,10.2327,21.9169,31.3872,8.3936,0.05,0.8866,0.1937,rotation,True,current_market_line,True,hardrockbet_az,hardrockbet_az,player_pa_over_under,12.5,12.5,0.5194,-125.0,-105.0,0.5203,0.4797,0.4806,-108.0,108.0,-0.0009,-0.0009,0.0009,2026-05-24T16:09:59.066825Z,full,provisional,lineup_unconfirmed,fallback_used,projected,derived_from_projected_minutes,ok,finals_pending,current_phase8,ok,0.0,projected,not_available_yet,bdl_lineup_freshness_manifest,bdl_plus_nba_official,2026-05-24T16:10:20Z
morning,2026-05-24T16:11:10Z,2026-05-24,21713531,89,Alex Caruso,OKC,SAS,False,pa,"{""0"": 0.0032975846321382715, ""1"": 0.007565096617557995, ""2"": 0.013937285752025321, ""3"": 0.021002443350343247, ""4"": 0.02619433388221313, ""5"": 0.031087609386464387, ""6"": 0.036106222355205754, ""7"": 0.04201821718731997, ""8"": 0.049024442915126344, ""9"": 0.05518949145388677, ""10"": 0.06108698440910813, ""11"": 0.06624611694181103, ""12"": 0.06783724573033977, ""13"": 0.06616044039045131, ""14"": 0.06162787891869613, ""15"": 0.05479294954856683, ""16"": 0.050399685515657086, ""17"": 0.046610285045190714, ""18"": 0.04105208038695813, ""19"": 0.03816007655160601, ""20"": 0.03290375380289629, ""21"": 0.02633452449796561, ""22"": 0.020732035724927114, ""23"": 0.017396595904342973, ""24"": 0.014221336495668221, ""25"": 0.012449133686303314, ""26"": 0.0107225309101318, ""27"": 0.008599737147757802, ""28"": 0.005784167025916596, ""29"": 0.003588698618919803, ""30"": 0.0022213758244851705, ""31"": 0.0012987779357109762, ""32"": 0.000859198672031073, ""33"": 0.0005276286601641555, ""34"": 0.0004237923325357692, ""35"": 0.00039802454194055913, ""36"": 0.000278080263608174, ""37"": 0.0003353165383891058, ""38"": 0.00033925745871600695, ""39"": 0.00034138954873684567, ""40"": 0.0003183082554745767, ""41"": 0.0002148680051614603, ""42"": 0.0001221089735835898, ""43"": 5.895124480901954e-05, ""44"": 3.142272327122345e-05, ""45"": 2.330627947832101e-05, ""46"": 1.2601555725243323e-05, ""47"": 1.8357946129358518e-05, ""48"": 1.5335795869780342e-05, ""49"": 1.4335877700828762e-05, ""50"": 1.0620058547646296e-05, ""51"": 5.02670237234039e-06, ""52"": 1.9476519443448116e-06, ""53"": 7.047965802391132e-07, ""54"": 2.0491831674050422e-07, ""55"": 6.193406250200391e-08, ""56"": 4.984251646044491e-09, ""57"": 3.5290633857880044e-09, ""58"": 1.3927193214724698e-09, ""59"": 4.2172540952638727e-10, ""60"": 3.2950736793528983e-10, ""61"": 4.8043942527267687e-11, ""62"": 1.214796140595731e-11, ""63"": 1.504090038571761e-12, ""64"": 1.78743259922031e-15, ""65"": 1.9176645770742706e-13, ""66"": 3.3957920375540156e-301, ""67"": 8.259157257970874e-16, ""68"": 3.0006815544980473e-301, ""69"": 2.8144195303851945e-301, ""70"": 7.534458858632328e-16, ""71"": 2.46482293634748e-301, ""72"": 7.030149971857526e-16, ""73"": 2.1458268677028146e-301, ""74"": 1.9976927019982945e-301, ""75"": 1.857016270999406e-301, ""76"": 1.7236764925353977e-301, ""77"": 1.5975293083079198e-301, ""78"": 1.4784101593794898e-301, ""79"": 1.3661364292019046e-301, ""80"": 1.260509835563432e-301, ""81"": 1.009809062040333e-301, ""82"": 7.93439845509948e-302, ""83"": 4.799106297766397e-302, ""84"": 2.110728147873659e-302, ""85"": 7.928603511156683e-303, ""86"": 2.709505493348201e-303, ""87"": 7.925720494151902e-304, ""88"": 1.9747526071028285e-304, ""89"": 2.722831927846043e-305, ""90"": 1.4972849038419024e-305, ""91"": 5.5070141243465106e-306, ""92"": 2.2748066288038064e-306, ""93"": 1.1057654413867927e-306, ""94"": 1.7785102981188077e-307, ""95"": 3.977358131781194e-308, ""96"": 4.382431377230165e-309, ""97"": 6.0286722646306e-310, ""98"": 5.54241616524707e-310, ""99"": 3.2858898214e-312, ""100"": 3.0433251395e-312, ""101"": 2.81445526256e-312, ""102"": 2.59890847629e-312, ""103"": 2.3962838521e-312, ""104"": 2.206155785707e-312, ""105"": 2.028078362293e-312}",13.2806,13.2806,13,12,0.0033,0.9967,0.9891,0.9752,0.9542,0.928,0.8969,0.8608,0.8188,0.7698,0.7146,0.6535,0.5872,0.5194,0.4532,0.3916,0.3368,0.2864,0.2398,0.1988,0.1606,614c522d#phase10c,"stat_grid:component_convolution_mean_coherent_v1+components[pts:pmf_sim_v1+role_aware_pmf_cal_v1:rotation+monotone_pit_cdf_v1,ast:pmf_sim_v1+role_aware_pmf_cal_v1:rotation+monotone_pit_cdf_v1]+prior_combo[joint_sampler_v1+joint_combo_pmf_v1+role_aware_pmf_cal_v1:rotation+monotone_pit_cdf_v1]+stat_grid_final_component_convolution_mean_coherent_v1",phase8_role_aware_pmf_cal_v1+monotone_inactive_global_v1,rotation,projected_minutes,high,22.5514,21.9169,10.2327,21.9169,31.3872,8.3936,0.05,0.8866,0.1937,rotation,True,current_market_line,True,hardrockbet,hardrockbet,player_pa_over_under,12.5,12.5,0.5194,-125.0,-105.0,0.5203,0.4797,0.4806,-108.0,108.0,-0.0009,-0.0009,0.0009,2026-05-24T16:09:59.066825Z,full,provisional,lineup_unconfirmed,fallback_used,projected,derived_from_projected_minutes,ok,finals_pending,current_phase8,ok,0.0,projected,not_available_yet,bdl_lineup_freshness_manifest,bdl_plus_nba_official,2026-05-24T16:10:20Z
morning,2026-05-24T16:11:10Z,2026-05-24,21713531,89,Alex Caruso,OKC,SAS,False,pr,"{""0"": 0.000623987780368753, ""1"": 0.0020319138515440824, ""2"": 0.004690055200976336, ""3"": 0.00966206493846575, ""4"": 0.01610708149946455, ""5"": 0.022202653861090133, ""6"": 0.027432742533712123, ""7"": 0.032443226955128135, ""8"": 0.03822399594419941, ""9"": 0.044462390433798404, ""10"": 0.05042341799076554, ""11"": 0.056354371374003516, ""12"": 0.06183175236025254, ""13"": 0.06557443563649042, ""14"": 0.0664204922042572, ""15"": 0.06383644053484135, ""16"": 0.05941762909457042, ""17"": 0.05460832006850662, ""18"": 0.04914450950889049, ""19"": 0.04447650284536638, ""20"": 0.04083570253602493, ""21"": 0.03617438689777824, ""22"": 0.030555133646429405, ""23"": 0.02535089650148018, ""24"": 0.020543981384335285, ""25"": 0.016531790770422803, ""26"": 0.013867862685688811, ""27"": 0.012022078092846703, ""28"": 0.01000338660423642, ""29"": 0.007654523200614258, ""30"": 0.005381580458279022, ""31"": 0.003497691288178647, ""32"": 0.0021312279663193053, ""33"": 0.0012727565351987546, ""34"": 0.0007880689640611336, ""35"": 0.0005590613617768484, ""36"": 0.00043093597799176447, ""37"": 0.0003509310957546795, ""38"": 0.0003270437377607987, ""39"": 0.00032035503801903007, ""40"": 0.00033075788715939314, ""41"": 0.0003277026931701722, ""42"": 0.00027194218613266625, ""43"": 0.0001917732232948941, ""44"": 0.00011705855567436556, ""45"": 6.37219250744623e-05, ""46"": 3.30448808255813e-05, ""47"": 1.9680864367606846e-05, ""48"": 1.6554494072439497e-05, ""49"": 1.5649877749133236e-05, ""50"": 1.4978169790786182e-05, ""51"": 1.290513660549945e-05, ""52"": 8.657317672063219e-06, ""53"": 4.928950434864165e-06, ""54"": 2.2737669583331244e-06, ""55"": 7.454859061772305e-07, ""56"": 1.8638132086383927e-07, ""57"": 4.069321769225085e-08, ""58"": 1.3610785254508815e-08, ""59"": 3.610848054454701e-09, ""60"": 8.45631948539303e-10, ""61"": 6.232775556214669e-11, ""62"": 1.54325080247522e-11, ""63"": 2.573572995991628e-12, ""64"": 1.924347374752698e-12, ""65"": 7.932331096878012e-14, ""66"": 1.0811493267200228e-12, ""67"": 3.5471898265423015e-301, ""68"": 3.3407500725026512e-301, ""69"": 3.1416469691593452e-301, ""70"": 2.9500176510216792e-301, ""71"": 2.765958673521069e-301, ""72"": 2.5895279282843227e-301, ""73"": 2.4207467204015588e-301, ""74"": 2.2596019783707444e-301, ""75"": 2.1060485688185762e-301, ""76"": 1.960011689121978e-301, ""77"": 1.8213893121171291e-301, ""78"": 1.690054658313173e-301, ""79"": 1.5658586724417326e-301, ""80"": 1.448632482752075e-301, ""81"": 1.3095202946006281e-301, ""82"": 1.1547252218163956e-301, ""83"": 9.608713250042229e-302, ""84"": 6.939568424074443e-302, ""85"": 4.207365816499475e-302, ""86"": 2.1798643132352349e-302, ""87"": 9.020727367700329e-303, ""88"": 2.7663528279594342e-303, ""89"": 6.7389413488291265e-304, ""90"": 1.6172139455295072e-304, ""91"": 5.093394705841371e-305, ""92"": 1.3106101918931364e-305, ""93"": 2.6447631860329518e-306, ""94"": 2.3061164961585233e-307, ""95"": 5.719367354091979e-308, ""96"": 1.384893293019726e-308, ""97"": 6.142858268594077e-309, ""98"": 3.62162648470969e-309, ""99"": 3.118931409293143e-309}",14.9939,14.9939,15,14,0.0006,0.9994,0.9973,0.9927,0.983,0.9669,0.9447,0.9172,0.8848,0.8466,0.8021,0.7517,0.6953,0.6335,0.5679,0.5015,0.4377,0.3783,0.3237,0.2745,0.23,614c522d#phase10c,"stat_grid:component_convolution_mean_coherent_v1+components[pts:pmf_sim_v1+role_aware_pmf_cal_v1:rotation+monotone_pit_cdf_v1,reb:pmf_sim_v1+role_aware_pmf_cal_v1:rotation+monotone_pit_cdf_v1]+prior_combo[joint_sampler_v1+joint_combo_pmf_v1+role_aware_pmf_cal_v1:rotation+monotone_pit_cdf_v1]+stat_grid_final_component_convolution_mean_coherent_v1",phase8_role_aware_pmf_cal_v1+monotone_inactive_global_v1,rotation,projected_minutes,high,22.5514,21.9169,10.2327,21.9169,31.3872,8.3936,0.05,0.8866,0.1937,rotation,True,current_market_line,True,bovada,bovada,player_pr_over_under,14.5,14.5,0.5015,-110.0,-120.0,0.4899,0.5101,0.4985,-101.0,101.0,0.0116,0.0116,-0.0116,2026-05-24T16:09:59.066825Z,full,provisional,lineup_unconfirmed,fallback_used,projected,derived_from_projected_minutes,ok,finals_pending,current_phase8,ok,0.0,projected,not_available_yet,bdl_lineup_freshness_manifest,bdl_plus_nba_official,2026-05-24T16:10:20Z
morning,2026-05-24T16:11:10Z,2026-05-24,21713531,89,Alex Caruso,OKC,SAS,False,pr,"{""0"": 0.000623987780368753, ""1"": 0.0020319138515440824, ""2"": 0.004690055200976336, ""3"": 0.00966206493846575, ""4"": 0.01610708149946455, ""5"": 0.022202653861090133, ""6"": 0.027432742533712123, ""7"": 0.032443226955128135, ""8"": 0.03822399594419941, ""9"": 0.044462390433798404, ""10"": 0.05042341799076554, ""11"": 0.056354371374003516, ""12"": 0.06183175236025254, ""13"": 0.06557443563649042, ""14"": 0.0664204922042572, ""15"": 0.06383644053484135, ""16"": 0.05941762909457042, ""17"": 0.05460832006850662, ""18"": 0.04914450950889049, ""19"": 0.04447650284536638, ""20"": 0.04083570253602493, ""21"": 0.03617438689777824, ""22"": 0.030555133646429405, ""23"": 0.02535089650148018, ""24"": 0.020543981384335285, ""25"": 0.016531790770422803, ""26"": 0.013867862685688811, ""27"": 0.012022078092846703, ""28"": 0.01000338660423642, ""29"": 0.007654523200614258, ""30"": 0.005381580458279022, ""31"": 0.003497691288178647, ""32"": 0.0021312279663193053, ""33"": 0.0012727565351987546, ""34"": 0.0007880689640611336, ""35"": 0.0005590613617768484, ""36"": 0.00043093597799176447, ""37"": 0.0003509310957546795, ""38"": 0.0003270437377607987, ""39"": 0.00032035503801903007, ""40"": 0.00033075788715939314, ""41"": 0.0003277026931701722, ""42"": 0.00027194218613266625, ""43"": 0.0001917732232948941, ""44"": 0.00011705855567436556, ""45"": 6.37219250744623e-05, ""46"": 3.30448808255813e-05, ""47"": 1.9680864367606846e-05, ""48"": 1.6554494072439497e-05, ""49"": 1.5649877749133236e-05, ""50"": 1.4978169790786182e-05, ""51"": 1.290513660549945e-05, ""52"": 8.657317672063219e-06, ""53"": 4.928950434864165e-06, ""54"": 2.2737669583331244e-06, ""55"": 7.454859061772305e-07, ""56"": 1.8638132086383927e-07, ""57"": 4.069321769225085e-08, ""58"": 1.3610785254508815e-08, ""59"": 3.610848054454701e-09, ""60"": 8.45631948539303e-10, ""61"": 6.232775556214669e-11, ""62"": 1.54325080247522e-11, ""63"": 2.573572995991628e-12, ""64"": 1.924347374752698e-12, ""65"": 7.932331096878012e-14, ""66"": 1.0811493267200228e-12, ""67"": 3.5471898265423015e-301, ""68"": 3.3407500725026512e-301, ""69"": 3.1416469691593452e-301, ""70"": 2.9500176510216792e-301, ""71"": 2.765958673521069e-301, ""72"": 2.5895279282843227e-301, ""73"": 2.4207467204015588e-301, ""74"": 2.2596019783707444e-301, ""75"": 2.1060485688185762e-301, ""76"": 1.960011689121978e-301, ""77"": 1.8213893121171291e-301, ""78"": 1.690054658313173e-301, ""79"": 1.5658586724417326e-301, ""80"": 1.448632482752075e-301, ""81"": 1.3095202946006281e-301, ""82"": 1.1547252218163956e-301, ""83"": 9.608713250042229e-302, ""84"": 6.939568424074443e-302, ""85"": 4.207365816499475e-302, ""86"": 2.1798643132352349e-302, ""87"": 9.020727367700329e-303, ""88"": 2.7663528279594342e-303, ""89"": 6.7389413488291265e-304, ""90"": 1.6172139455295072e-304, ""91"": 5.093394705841371e-305, ""92"": 1.3106101918931364e-305, ""93"": 2.6447631860329518e-306, ""94"": 2.3061164961585233e-307, ""95"": 5.719367354091979e-308, ""96"": 1.384893293019726e-308, ""97"": 6.142858268594077e-309, ""98"": 3.62162648470969e-309, ""99"": 3.118931409293143e-309}",14.9939,14.9939,15,14,0.0006,0.9994,0.9973,0.9927,0.983,0.9669,0.9447,0.9172,0.8848,0.8466,0.8021,0.7517,0.6953,0.6335,0.5679,0.5015,0.4377,0.3783,0.3237,0.2745,0.23,614c522d#phase10c,"stat_grid:component_convolution_mean_coherent_v1+components[pts:pmf_sim_v1+role_aware_pmf_cal_v1:rotation+monotone_pit_cdf_v1,reb:pmf_sim_v1+role_aware_pmf_cal_v1:rotation+monotone_pit_cdf_v1]+prior_combo[joint_sampler_v1+joint_combo_pmf_v1+role_aware_pmf_cal_v1:rotation+monotone_pit_cdf_v1]+stat_grid_final_component_convolution_mean_coherent_v1",phase8_role_aware_pmf_cal_v1+monotone_inactive_global_v1,rotation,projected_minutes,high,22.5514,21.9169,10.2327,21.9169,31.3872,8.3936,0.05,0.8866,0.1937,rotation,True,current_market_line,True,bovada,bovada,player_pr_over_under,12.5,12.5,0.6335,-190.0,145.0,0.6161,0.3839,0.3665,-173.0,173.0,0.0174,0.0174,-0.0174,2026-05-24T16:09:59.066825Z,full,provisional,lineup_unconfirmed,fallback_used,projected,derived_from_projected_minutes,ok,finals_pending,current_phase8,ok,0.0,projected,not_available_yet,bdl_lineup_freshness_manifest,bdl_plus_nba_official,2026-05-24T16:10:20Z
morning,2026-05-24T16:11:10Z,2026-05-24,21713531,89,Alex Caruso,OKC,SAS,False,pr,"{""0"": 0.000623987780368753, ""1"": 0.0020319138515440824, ""2"": 0.004690055200976336, ""3"": 0.00966206493846575, ""4"": 0.01610708149946455, ""5"": 0.022202653861090133, ""6"": 0.027432742533712123, ""7"": 0.032443226955128135, ""8"": 0.03822399594419941, ""9"": 0.044462390433798404, ""10"": 0.05042341799076554, ""11"": 0.056354371374003516, ""12"": 0.06183175236025254, ""13"": 0.06557443563649042, ""14"": 0.0664204922042572, ""15"": 0.06383644053484135, ""16"": 0.05941762909457042, ""17"": 0.05460832006850662, ""18"": 0.04914450950889049, ""19"": 0.04447650284536638, ""20"": 0.04083570253602493, ""21"": 0.03617438689777824, ""22"": 0.030555133646429405, ""23"": 0.02535089650148018, ""24"": 0.020543981384335285, ""25"": 0.016531790770422803, ""26"": 0.013867862685688811, ""27"": 0.012022078092846703, ""28"": 0.01000338660423642, ""29"": 0.007654523200614258, ""30"": 0.005381580458279022, ""31"": 0.003497691288178647, ""32"": 0.0021312279663193053, ""33"": 0.0012727565351987546, ""34"": 0.0007880689640611336, ""35"": 0.0005590613617768484, ""36"": 0.00043093597799176447, ""37"": 0.0003509310957546795, ""38"": 0.0003270437377607987, ""39"": 0.00032035503801903007, ""40"": 0.00033075788715939314, ""41"": 0.0003277026931701722, ""42"": 0.00027194218613266625, ""43"": 0.0001917732232948941, ""44"": 0.00011705855567436556, ""45"": 6.37219250744623e-05, ""46"": 3.30448808255813e-05, ""47"": 1.9680864367606846e-05, ""48"": 1.6554494072439497e-05, ""49"": 1.5649877749133236e-05, ""50"": 1.4978169790786182e-05, ""51"": 1.290513660549945e-05, ""52"": 8.657317672063219e-06, ""53"": 4.928950434864165e-06, ""54"": 2.2737669583331244e-06, ""55"": 7.454859061772305e-07, ""56"": 1.8638132086383927e-07, ""57"": 4.069321769225085e-08, ""58"": 1.3610785254508815e-08, ""59"": 3.610848054454701e-09, ""60"": 8.45631948539303e-10, ""61"": 6.232775556214669e-11, ""62"": 1.54325080247522e-11, ""63"": 2.573572995991628e-12, ""64"": 1.924347374752698e-12, ""65"": 7.932331096878012e-14, ""66"": 1.0811493267200228e-12, ""67"": 3.5471898265423015e-301, ""68"": 3.3407500725026512e-301, ""69"": 3.1416469691593452e-301, ""70"": 2.9500176510216792e-301, ""71"": 2.765958673521069e-301, ""72"": 2.5895279282843227e-301, ""73"": 2.4207467204015588e-301, ""74"": 2.2596019783707444e-301, ""75"": 2.1060485688185762e-301, ""76"": 1.960011689121978e-301, ""77"": 1.8213893121171291e-301, ""78"": 1.690054658313173e-301, ""79"": 1.5658586724417326e-301, ""80"": 1.448632482752075e-301, ""81"": 1.3095202946006281e-301, ""82"": 1.1547252218163956e-301, ""83"": 9.608713250042229e-302, ""84"": 6.939568424074443e-302, ""85"": 4.207365816499475e-302, ""86"": 2.1798643132352349e-302, ""87"": 9.020727367700329e-303, ""88"": 2.7663528279594342e-303, ""89"": 6.7389413488291265e-304, ""90"": 1.6172139455295072e-304, ""91"": 5.093394705841371e-305, ""92"": 1.3106101918931364e-305, ""93"": 2.6447631860329518e-306, ""94"": 2.3061164961585233e-307, ""95"": 5.719367354091979e-308, ""96"": 1.384893293019726e-308, ""97"": 6.142858268594077e-309, ""98"": 3.62162648470969e-309, ""99"": 3.118931409293143e-309}",14.9939,14.9939,15,14,0.0006,0.9994,0.9973,0.9927,0.983,0.9669,0.9447,0.9172,0.8848,0.8466,0.8021,0.7517,0.6953,0.6335,0.5679,0.5015,0.4377,0.3783,0.3237,0.2745,0.23,614c522d#phase10c,"stat_grid:component_convolution_mean_coherent_v1+components[pts:pmf_sim_v1+role_aware_pmf_cal_v1:rotation+monotone_pit_cdf_v1,reb:pmf_sim_v1+role_aware_pmf_cal_v1:rotation+monotone_pit_cdf_v1]+prior_combo[joint_sampler_v1+joint_combo_pmf_v1+role_aware_pmf_cal_v1:rotation+monotone_pit_cdf_v1]+stat_grid_final_component_convolution_mean_coherent_v1",phase8_role_aware_pmf_cal_v1+monotone_inactive_global_v1,rotation,projected_minutes,high,22.5514,21.9169,10.2327,21.9169,31.3872,8.3936,0.05,0.8866,0.1937,rotation,True,current_market_line,True,bovada,bovada,player_pr_over_under,13.5,13.5,0.5679,-145.0,110.0,0.5541,0.4459,0.4321,-131.0,131.0,0.0138,0.0138,-0.0138,2026-05-24T16:09:59.066825Z,full,provisional,lineup_unconfirmed,fallback_used,projected,derived_from_projected_minutes,ok,finals_pending,current_phase8,ok,0.0,projected,not_available_yet,bdl_lineup_freshness_manifest,bdl_plus_nba_official,2026-05-24T16:10:20Z
morning,2026-05-24T16:11:10Z,2026-05-24,21713531,89,Alex Caruso,OKC,SAS,False,pr,"{""0"": 0.000623987780368753, ""1"": 0.0020319138515440824, ""2"": 0.004690055200976336, ""3"": 0.00966206493846575, ""4"": 0.01610708149946455, ""5"": 0.022202653861090133, ""6"": 0.027432742533712123, ""7"": 0.032443226955128135, ""8"": 0.03822399594419941, ""9"": 0.044462390433798404, ""10"": 0.05042341799076554, ""11"": 0.056354371374003516, ""12"": 0.06183175236025254, ""13"": 0.06557443563649042, ""14"": 0.0664204922042572, ""15"": 0.06383644053484135, ""16"": 0.05941762909457042, ""17"": 0.05460832006850662, ""18"": 0.04914450950889049, ""19"": 0.04447650284536638, ""20"": 0.04083570253602493, ""21"": 0.03617438689777824, ""22"": 0.030555133646429405, ""23"": 0.02535089650148018, ""24"": 0.020543981384335285, ""25"": 0.016531790770422803, ""26"": 0.013867862685688811, ""27"": 0.012022078092846703, ""28"": 0.01000338660423642, ""29"": 0.007654523200614258, ""30"": 0.005381580458279022, ""31"": 0.003497691288178647, ""32"": 0.0021312279663193053, ""33"": 0.0012727565351987546, ""34"": 0.0007880689640611336, ""35"": 0.0005590613617768484, ""36"": 0.00043093597799176447, ""37"": 0.0003509310957546795, ""38"": 0.0003270437377607987, ""39"": 0.00032035503801903007, ""40"": 0.00033075788715939314, ""41"": 0.0003277026931701722, ""42"": 0.00027194218613266625, ""43"": 0.0001917732232948941, ""44"": 0.00011705855567436556, ""45"": 6.37219250744623e-05, ""46"": 3.30448808255813e-05, ""47"": 1.9680864367606846e-05, ""48"": 1.6554494072439497e-05, ""49"": 1.5649877749133236e-05, ""50"": 1.4978169790786182e-05, ""51"": 1.290513660549945e-05, ""52"": 8.657317672063219e-06, ""53"": 4.928950434864165e-06, ""54"": 2.2737669583331244e-06, ""55"": 7.454859061772305e-07, ""56"": 1.8638132086383927e-07, ""57"": 4.069321769225085e-08, ""58"": 1.3610785254508815e-08, ""59"": 3.610848054454701e-09, ""60"": 8.45631948539303e-10, ""61"": 6.232775556214669e-11, ""62"": 1.54325080247522e-11, ""63"": 2.573572995991628e-12, ""64"": 1.924347374752698e-12, ""65"": 7.932331096878012e-14, ""66"": 1.0811493267200228e-12, ""67"": 3.5471898265423015e-301, ""68"": 3.3407500725026512e-301, ""69"": 3.1416469691593452e-301, ""70"": 2.9500176510216792e-301, ""71"": 2.765958673521069e-301, ""72"": 2.5895279282843227e-301, ""73"": 2.4207467204015588e-301, ""74"": 2.2596019783707444e-301, ""75"": 2.1060485688185762e-301, ""76"": 1.960011689121978e-301, ""77"": 1.8213893121171291e-301, ""78"": 1.690054658313173e-301, ""79"": 1.5658586724417326e-301, ""80"": 1.448632482752075e-301, ""81"": 1.3095202946006281e-301, ""82"": 1.1547252218163956e-301, ""83"": 9.608713250042229e-302, ""84"": 6.939568424074443e-302, ""85"": 4.207365816499475e-302, ""86"": 2.1798643132352349e-302, ""87"": 9.020727367700329e-303, ""88"": 2.7663528279594342e-303, ""89"": 6.7389413488291265e-304, ""90"": 1.6172139455295072e-304, ""91"": 5.093394705841371e-305, ""92"": 1.3106101918931364e-305, ""93"": 2.6447631860329518e-306, ""94"": 2.3061164961585233e-307, ""95"": 5.719367354091979e-308, ""96"": 1.384893293019726e-308, ""97"": 6.142858268594077e-309, ""98"": 3.62162648470969e-309, ""99"": 3.118931409293143e-309}",14.9939,14.9939,15,14,0.0006,0.9994,0.9973,0.9927,0.983,0.9669,0.9447,0.9172,0.8848,0.8466,0.8021,0.7517,0.6953,0.6335,0.5679,0.5015,0.4377,0.3783,0.3237,0.2745,0.23,614c522d#phase10c,"stat_grid:component_convolution_mean_coherent_v1+components[pts:pmf_sim_v1+role_aware_pmf_cal_v1:rotation+monotone_pit_cdf_v1,reb:pmf_sim_v1+role_aware_pmf_cal_v1:rotation+monotone_pit_cdf_v1]+prior_combo[joint_sampler_v1+joint_combo_pmf_v1+role_aware_pmf_cal_v1:rotation+monotone_pit_cdf_v1]+stat_grid_final_component_convolution_mean_coherent_v1",phase8_role_aware_pmf_cal_v1+monotone_inactive_global_v1,rotation,projected_minutes,high,22.5514,21.9169,10.2327,21.9169,31.3872,8.3936,0.05,0.8866,0.1937,rotation,True,current_market_line,True,draftkings,draftkings,player_pr_over_under,14.5,14.5,0.5015,-112.0,-118.0,0.4939,0.5061,0.4985,-101.0,101.0,0.0076,0.0076,-0.0076,2026-05-24T16:09:59.066825Z,full,provisional,lineup_unconfirmed,fallback_used,projected,derived_from_projected_minutes,ok,finals_pending,current_phase8,ok,0.0,projected,not_available_yet,bdl_lineup_freshness_manifest,bdl_plus_nba_official,2026-05-24T16:10:20Z
morning,2026-05-24T16:11:10Z,2026-05-24,21713531,89,Alex Caruso,OKC,SAS,False,pr,"{""0"": 0.000623987780368753, ""1"": 0.0020319138515440824, ""2"": 0.004690055200976336, ""3"": 0.00966206493846575, ""4"": 0.01610708149946455, ""5"": 0.022202653861090133, ""6"": 0.027432742533712123, ""7"": 0.032443226955128135, ""8"": 0.03822399594419941, ""9"": 0.044462390433798404, ""10"": 0.05042341799076554, ""11"": 0.056354371374003516, ""12"": 0.06183175236025254, ""13"": 0.06557443563649042, ""14"": 0.0664204922042572, ""15"": 0.06383644053484135, ""16"": 0.05941762909457042, ""17"": 0.05460832006850662, ""18"": 0.04914450950889049, ""19"": 0.04447650284536638, ""20"": 0.04083570253602493, ""21"": 0.03617438689777824, ""22"": 0.030555133646429405, ""23"": 0.02535089650148018, ""24"": 0.020543981384335285, ""25"": 0.016531790770422803, ""26"": 0.013867862685688811, ""27"": 0.012022078092846703, ""28"": 0.01000338660423642, ""29"": 0.007654523200614258, ""30"": 0.005381580458279022, ""31"": 0.003497691288178647, ""32"": 0.0021312279663193053, ""33"": 0.0012727565351987546, ""34"": 0.0007880689640611336, ""35"": 0.0005590613617768484, ""36"": 0.00043093597799176447, ""37"": 0.0003509310957546795, ""38"": 0.0003270437377607987, ""39"": 0.00032035503801903007, ""40"": 0.00033075788715939314, ""41"": 0.0003277026931701722, ""42"": 0.00027194218613266625, ""43"": 0.0001917732232948941, ""44"": 0.00011705855567436556, ""45"": 6.37219250744623e-05, ""46"": 3.30448808255813e-05, ""47"": 1.9680864367606846e-05, ""48"": 1.6554494072439497e-05, ""49"": 1.5649877749133236e-05, ""50"": 1.4978169790786182e-05, ""51"": 1.290513660549945e-05, ""52"": 8.657317672063219e-06, ""53"": 4.928950434864165e-06, ""54"": 2.2737669583331244e-06, ""55"": 7.454859061772305e-07, ""56"": 1.8638132086383927e-07, ""57"": 4.069321769225085e-08, ""58"": 1.3610785254508815e-08, ""59"": 3.610848054454701e-09, ""60"": 8.45631948539303e-10, ""61"": 6.232775556214669e-11, ""62"": 1.54325080247522e-11, ""63"": 2.573572995991628e-12, ""64"": 1.924347374752698e-12, ""65"": 7.932331096878012e-14, ""66"": 1.0811493267200228e-12, ""67"": 3.5471898265423015e-301, ""68"": 3.3407500725026512e-301, ""69"": 3.1416469691593452e-301, ""70"": 2.9500176510216792e-301, ""71"": 2.765958673521069e-301, ""72"": 2.5895279282843227e-301, ""73"": 2.4207467204015588e-301, ""74"": 2.2596019783707444e-301, ""75"": 2.1060485688185762e-301, ""76"": 1.960011689121978e-301, ""77"": 1.8213893121171291e-301, ""78"": 1.690054658313173e-301, ""79"": 1.5658586724417326e-301, ""80"": 1.448632482752075e-301, ""81"": 1.3095202946006281e-301, ""82"": 1.1547252218163956e-301, ""83"": 9.608713250042229e-302, ""84"": 6.939568424074443e-302, ""85"": 4.207365816499475e-302, ""86"": 2.1798643132352349e-302, ""87"": 9.020727367700329e-303, ""88"": 2.7663528279594342e-303, ""89"": 6.7389413488291265e-304, ""90"": 1.6172139455295072e-304, ""91"": 5.093394705841371e-305, ""92"": 1.3106101918931364e-305, ""93"": 2.6447631860329518e-306, ""94"": 2.3061164961585233e-307, ""95"": 5.719367354091979e-308, ""96"": 1.384893293019726e-308, ""97"": 6.142858268594077e-309, ""98"": 3.62162648470969e-309, ""99"": 3.118931409293143e-309}",14.9939,14.9939,15,14,0.0006,0.9994,0.9973,0.9927,0.983,0.9669,0.9447,0.9172,0.8848,0.8466,0.8021,0.7517,0.6953,0.6335,0.5679,0.5015,0.4377,0.3783,0.3237,0.2745,0.23,614c522d#phase10c,"stat_grid:component_convolution_mean_coherent_v1+components[pts:pmf_sim_v1+role_aware_pmf_cal_v1:rotation+monotone_pit_cdf_v1,reb:pmf_sim_v1+role_aware_pmf_cal_v1:rotation+monotone_pit_cdf_v1]+prior_combo[joint_sampler_v1+joint_combo_pmf_v1+role_aware_pmf_cal_v1:rotation+monotone_pit_cdf_v1]+stat_grid_final_component_convolution_mean_coherent_v1",phase8_role_aware_pmf_cal_v1+monotone_inactive_global_v1,rotation,projected_minutes,high,22.5514,21.9169,10.2327,21.9169,31.3872,8.3936,0.05,0.8866,0.1937,rotation,True,current_market_line,True,fanduel,fanduel,player_pr_over_under,7.5,7.5,0.8848,-850.0,470.0,0.8361,0.1639,0.1152,-768.0,768.0,0.0487,0.0487,-0.0487,2026-05-24T16:09:59.066825Z,full,provisional,lineup_unconfirmed,fallback_used,projected,derived_from_projected_minutes,ok,finals_pending,current_phase8,ok,0.0,projected,not_available_yet,bdl_lineup_freshness_manifest,bdl_plus_nba_official,2026-05-24T16:10:20Z
morning,2026-05-24T16:11:10Z,2026-05-24,21713531,89,Alex Caruso,OKC,SAS,False,pr,"{""0"": 0.000623987780368753, ""1"": 0.0020319138515440824, ""2"": 0.004690055200976336, ""3"": 0.00966206493846575, ""4"": 0.01610708149946455, ""5"": 0.022202653861090133, ""6"": 0.027432742533712123, ""7"": 0.032443226955128135, ""8"": 0.03822399594419941, ""9"": 0.044462390433798404, ""10"": 0.05042341799076554, ""11"": 0.056354371374003516, ""12"": 0.06183175236025254, ""13"": 0.06557443563649042, ""14"": 0.0664204922042572, ""15"": 0.06383644053484135, ""16"": 0.05941762909457042, ""17"": 0.05460832006850662, ""18"": 0.04914450950889049, ""19"": 0.04447650284536638, ""20"": 0.04083570253602493, ""21"": 0.03617438689777824, ""22"": 0.030555133646429405, ""23"": 0.02535089650148018, ""24"": 0.020543981384335285, ""25"": 0.016531790770422803, ""26"": 0.013867862685688811, ""27"": 0.012022078092846703, ""28"": 0.01000338660423642, ""29"": 0.007654523200614258, ""30"": 0.005381580458279022, ""31"": 0.003497691288178647, ""32"": 0.0021312279663193053, ""33"": 0.0012727565351987546, ""34"": 0.0007880689640611336, ""35"": 0.0005590613617768484, ""36"": 0.00043093597799176447, ""37"": 0.0003509310957546795, ""38"": 0.0003270437377607987, ""39"": 0.00032035503801903007, ""40"": 0.00033075788715939314, ""41"": 0.0003277026931701722, ""42"": 0.00027194218613266625, ""43"": 0.0001917732232948941, ""44"": 0.00011705855567436556, ""45"": 6.37219250744623e-05, ""46"": 3.30448808255813e-05, ""47"": 1.9680864367606846e-05, ""48"": 1.6554494072439497e-05, ""49"": 1.5649877749133236e-05, ""50"": 1.4978169790786182e-05, ""51"": 1.290513660549945e-05, ""52"": 8.657317672063219e-06, ""53"": 4.928950434864165e-06, ""54"": 2.2737669583331244e-06, ""55"": 7.454859061772305e-07, ""56"": 1.8638132086383927e-07, ""57"": 4.069321769225085e-08, ""58"": 1.3610785254508815e-08, ""59"": 3.610848054454701e-09, ""60"": 8.45631948539303e-10, ""61"": 6.232775556214669e-11, ""62"": 1.54325080247522e-11, ""63"": 2.573572995991628e-12, ""64"": 1.924347374752698e-12, ""65"": 7.932331096878012e-14, ""66"": 1.0811493267200228e-12, ""67"": 3.5471898265423015e-301, ""68"": 3.3407500725026512e-301, ""69"": 3.1416469691593452e-301, ""70"": 2.9500176510216792e-301, ""71"": 2.765958673521069e-301, ""72"": 2.5895279282843227e-301, ""73"": 2.4207467204015588e-301, ""74"": 2.2596019783707444e-301, ""75"": 2.1060485688185762e-301, ""76"": 1.960011689121978e-301, ""77"": 1.8213893121171291e-301, ""78"": 1.690054658313173e-301, ""79"": 1.5658586724417326e-301, ""80"": 1.448632482752075e-301, ""81"": 1.3095202946006281e-301, ""82"": 1.1547252218163956e-301, ""83"": 9.608713250042229e-302, ""84"": 6.939568424074443e-302, ""85"": 4.207365816499475e-302, ""86"": 2.1798643132352349e-302, ""87"": 9.020727367700329e-303, ""88"": 2.7663528279594342e-303, ""89"": 6.7389413488291265e-304, ""90"": 1.6172139455295072e-304, ""91"": 5.093394705841371e-305, ""92"": 1.3106101918931364e-305, ""93"": 2.6447631860329518e-306, ""94"": 2.3061164961585233e-307, ""95"": 5.719367354091979e-308, ""96"": 1.384893293019726e-308, ""97"": 6.142858268594077e-309, ""98"": 3.62162648470969e-309, ""99"": 3.118931409293143e-309}",14.9939,14.9939,15,14,0.0006,0.9994,0.9973,0.9927,0.983,0.9669,0.9447,0.9172,0.8848,0.8466,0.8021,0.7517,0.6953,0.6335,0.5679,0.5015,0.4377,0.3783,0.3237,0.2745,0.23,614c522d#phase10c,"stat_grid:component_convolution_mean_coherent_v1+components[pts:pmf_sim_v1+role_aware_pmf_cal_v1:rotation+monotone_pit_cdf_v1,reb:pmf_sim_v1+role_aware_pmf_cal_v1:rotation+monotone_pit_cdf_v1]+prior_combo[joint_sampler_v1+joint_combo_pmf_v1+role_aware_pmf_cal_v1:rotation+monotone_pit_cdf_v1]+stat_grid_final_component_convolution_mean_coherent_v1",phase8_role_aware_pmf_cal_v1+monotone_inactive_global_v1,rotation,projected_minutes,high,22.5514,21.9169,10.2327,21.9169,31.3872,8.3936,0.05,0.8866,0.1937,rotation,True,current_market_line,True,fanduel,fanduel,player_pr_over_under,8.5,8.5,0.8466,-600.0,370.0,0.8011,0.1989,0.1534,-552.0,552.0,0.0454,0.0454,-0.0454,2026-05-24T16:09:59.066825Z,full,provisional,lineup_unconfirmed,fallback_used,projected,derived_from_projected_minutes,ok,finals_pending,current_phase8,ok,0.0,projected,not_available_yet,bdl_lineup_freshness_manifest,bdl_plus_nba_official,2026-05-24T16:10:20Z
morning,2026-05-24T16:11:10Z,2026-05-24,21713531,89,Alex Caruso,OKC,SAS,False,pr,"{""0"": 0.000623987780368753, ""1"": 0.0020319138515440824, ""2"": 0.004690055200976336, ""3"": 0.00966206493846575, ""4"": 0.01610708149946455, ""5"": 0.022202653861090133, ""6"": 0.027432742533712123, ""7"": 0.032443226955128135, ""8"": 0.03822399594419941, ""9"": 0.044462390433798404, ""10"": 0.05042341799076554, ""11"": 0.056354371374003516, ""12"": 0.06183175236025254, ""13"": 0.06557443563649042, ""14"": 0.0664204922042572, ""15"": 0.06383644053484135, ""16"": 0.05941762909457042, ""17"": 0.05460832006850662, ""18"": 0.04914450950889049, ""19"": 0.04447650284536638, ""20"": 0.04083570253602493, ""21"": 0.03617438689777824, ""22"": 0.030555133646429405, ""23"": 0.02535089650148018, ""24"": 0.020543981384335285, ""25"": 0.016531790770422803, ""26"": 0.013867862685688811, ""27"": 0.012022078092846703, ""28"": 0.01000338660423642, ""29"": 0.007654523200614258, ""30"": 0.005381580458279022, ""31"": 0.003497691288178647, ""32"": 0.0021312279663193053, ""33"": 0.0012727565351987546, ""34"": 0.0007880689640611336, ""35"": 0.0005590613617768484, ""36"": 0.00043093597799176447, ""37"": 0.0003509310957546795, ""38"": 0.0003270437377607987, ""39"": 0.00032035503801903007, ""40"": 0.00033075788715939314, ""41"": 0.0003277026931701722, ""42"": 0.00027194218613266625, ""43"": 0.0001917732232948941, ""44"": 0.00011705855567436556, ""45"": 6.37219250744623e-05, ""46"": 3.30448808255813e-05, ""47"": 1.9680864367606846e-05, ""48"": 1.6554494072439497e-05, ""49"": 1.5649877749133236e-05, ""50"": 1.4978169790786182e-05, ""51"": 1.290513660549945e-05, ""52"": 8.657317672063219e-06, ""53"": 4.928950434864165e-06, ""54"": 2.2737669583331244e-06, ""55"": 7.454859061772305e-07, ""56"": 1.8638132086383927e-07, ""57"": 4.069321769225085e-08, ""58"": 1.3610785254508815e-08, ""59"": 3.610848054454701e-09, ""60"": 8.45631948539303e-10, ""61"": 6.232775556214669e-11, ""62"": 1.54325080247522e-11, ""63"": 2.573572995991628e-12, ""64"": 1.924347374752698e-12, ""65"": 7.932331096878012e-14, ""66"": 1.0811493267200228e-12, ""67"": 3.5471898265423015e-301, ""68"": 3.3407500725026512e-301, ""69"": 3.1416469691593452e-301, ""70"": 2.9500176510216792e-301, ""71"": 2.765958673521069e-301, ""72"": 2.5895279282843227e-301, ""73"": 2.4207467204015588e-301, ""74"": 2.2596019783707444e-301, ""75"": 2.1060485688185762e-301, ""76"": 1.960011689121978e-301, ""77"": 1.8213893121171291e-301, ""78"": 1.690054658313173e-301, ""79"": 1.5658586724417326e-301, ""80"": 1.448632482752075e-301, ""81"": 1.3095202946006281e-301, ""82"": 1.1547252218163956e-301, ""83"": 9.608713250042229e-302, ""84"": 6.939568424074443e-302, ""85"": 4.207365816499475e-302, ""86"": 2.1798643132352349e-302, ""87"": 9.020727367700329e-303, ""88"": 2.7663528279594342e-303, ""89"": 6.7389413488291265e-304, ""90"": 1.6172139455295072e-304, ""91"": 5.093394705841371e-305, ""92"": 1.3106101918931364e-305, ""93"": 2.6447631860329518e-306, ""94"": 2.3061164961585233e-307, ""95"": 5.719367354091979e-308, ""96"": 1.384893293019726e-308, ""97"": 6.142858268594077e-309, ""98"": 3.62162648470969e-309, ""99"": 3.118931409293143e-309}",14.9939,14.9939,15,14,0.0006,0.9994,0.9973,0.9927,0.983,0.9669,0.9447,0.9172,0.8848,0.8466,0.8021,0.7517,0.6953,0.6335,0.5679,0.5015,0.4377,0.3783,0.3237,0.2745,0.23,614c522d#phase10c,"stat_grid:component_convolution_mean_coherent_v1+components[pts:pmf_sim_v1+role_aware_pmf_cal_v1:rotation+monotone_pit_cdf_v1,reb:pmf_sim_v1+role_aware_pmf_cal_v1:rotation+monotone_pit_cdf_v1]+prior_combo[joint_sampler_v1+joint_combo_pmf_v1+role_aware_pmf_cal_v1:rotation+monotone_pit_cdf_v1]+stat_grid_final_component_convolution_mean_coherent_v1",phase8_role_aware_pmf_cal_v1+monotone_inactive_global_v1,rotation,projected_minutes,high,22.5514,21.9169,10.2327,21.9169,31.3872,8.3936,0.05,0.8866,0.1937,rotation,True,current_market_line,True,fanduel,fanduel,player_pr_over_under,9.5,9.5,0.8021,-420.0,280.0,0.7543,0.2457,0.1979,-405.0,405.0,0.0479,0.0479,-0.0479,2026-05-24T16:09:59.066825Z,full,provisional,lineup_unconfirmed,fallback_used,projected,derived_from_projected_minutes,ok,finals_pending,current_phase8,ok,0.0,projected,not_available_yet,bdl_lineup_freshness_manifest,bdl_plus_nba_official,2026-05-24T16:10:20Z
morning,2026-05-24T16:11:10Z,2026-05-24,21713531,89,Alex Caruso,OKC,SAS,False,pr,"{""0"": 0.000623987780368753, ""1"": 0.0020319138515440824, ""2"": 0.004690055200976336, ""3"": 0.00966206493846575, ""4"": 0.01610708149946455, ""5"": 0.022202653861090133, ""6"": 0.027432742533712123, ""7"": 0.032443226955128135, ""8"": 0.03822399594419941, ""9"": 0.044462390433798404, ""10"": 0.05042341799076554, ""11"": 0.056354371374003516, ""12"": 0.06183175236025254, ""13"": 0.06557443563649042, ""14"": 0.0664204922042572, ""15"": 0.06383644053484135, ""16"": 0.05941762909457042, ""17"": 0.05460832006850662, ""18"": 0.04914450950889049, ""19"": 0.04447650284536638, ""20"": 0.04083570253602493, ""21"": 0.03617438689777824, ""22"": 0.030555133646429405, ""23"": 0.02535089650148018, ""24"": 0.020543981384335285, ""25"": 0.016531790770422803, ""26"": 0.013867862685688811, ""27"": 0.012022078092846703, ""28"": 0.01000338660423642, ""29"": 0.007654523200614258, ""30"": 0.005381580458279022, ""31"": 0.003497691288178647, ""32"": 0.0021312279663193053, ""33"": 0.0012727565351987546, ""34"": 0.0007880689640611336, ""35"": 0.0005590613617768484, ""36"": 0.00043093597799176447, ""37"": 0.0003509310957546795, ""38"": 0.0003270437377607987, ""39"": 0.00032035503801903007, ""40"": 0.00033075788715939314, ""41"": 0.0003277026931701722, ""42"": 0.00027194218613266625, ""43"": 0.0001917732232948941, ""44"": 0.00011705855567436556, ""45"": 6.37219250744623e-05, ""46"": 3.30448808255813e-05, ""47"": 1.9680864367606846e-05, ""48"": 1.6554494072439497e-05, ""49"": 1.5649877749133236e-05, ""50"": 1.4978169790786182e-05, ""51"": 1.290513660549945e-05, ""52"": 8.657317672063219e-06, ""53"": 4.928950434864165e-06, ""54"": 2.2737669583331244e-06, ""55"": 7.454859061772305e-07, ""56"": 1.8638132086383927e-07, ""57"": 4.069321769225085e-08, ""58"": 1.3610785254508815e-08, ""59"": 3.610848054454701e-09, ""60"": 8.45631948539303e-10, ""61"": 6.232775556214669e-11, ""62"": 1.54325080247522e-11, ""63"": 2.573572995991628e-12, ""64"": 1.924347374752698e-12, ""65"": 7.932331096878012e-14, ""66"": 1.0811493267200228e-12, ""67"": 3.5471898265423015e-301, ""68"": 3.3407500725026512e-301, ""69"": 3.1416469691593452e-301, ""70"": 2.9500176510216792e-301, ""71"": 2.765958673521069e-301, ""72"": 2.5895279282843227e-301, ""73"": 2.4207467204015588e-301, ""74"": 2.2596019783707444e-301, ""75"": 2.1060485688185762e-301, ""76"": 1.960011689121978e-301, ""77"": 1.8213893121171291e-301, ""78"": 1.690054658313173e-301, ""79"": 1.5658586724417326e-301, ""80"": 1.448632482752075e-301, ""81"": 1.3095202946006281e-301, ""82"": 1.1547252218163956e-301, ""83"": 9.608713250042229e-302, ""84"": 6.939568424074443e-302, ""85"": 4.207365816499475e-302, ""86"": 2.1798643132352349e-302, ""87"": 9.020727367700329e-303, ""88"": 2.7663528279594342e-303, ""89"": 6.7389413488291265e-304, ""90"": 1.6172139455295072e-304, ""91"": 5.093394705841371e-305, ""92"": 1.3106101918931364e-305, ""93"": 2.6447631860329518e-306, ""94"": 2.3061164961585233e-307, ""95"": 5.719367354091979e-308, ""96"": 1.384893293019726e-308, ""97"": 6.142858268594077e-309, ""98"": 3.62162648470969e-309, ""99"": 3.118931409293143e-309}",14.9939,14.9939,15,14,0.0006,0.9994,0.9973,0.9927,0.983,0.9669,0.9447,0.9172,0.8848,0.8466,0.8021,0.7517,0.6953,0.6335,0.5679,0.5015,0.4377,0.3783,0.3237,0.2745,0.23,614c522d#phase10c,"stat_grid:component_convolution_mean_coherent_v1+components[pts:pmf_sim_v1+role_aware_pmf_cal_v1:rotation+monotone_pit_cdf_v1,reb:pmf_sim_v1+role_aware_pmf_cal_v1:rotation+monotone_pit_cdf_v1]+prior_combo[joint_sampler_v1+joint_combo_pmf_v1+role_aware_pmf_cal_v1:rotation+monotone_pit_cdf_v1]+stat_grid_final_component_convolution_mean_coherent_v1",phase8_role_aware_pmf_cal_v1+monotone_inactive_global_v1,rotation,projected_minutes,high,22.5514,21.9169,10.2327,21.9169,31.3872,8.3936,0.05,0.8866,0.1937,rotation,True,current_market_line,True,fanduel,fanduel,player_pr_over_under,10.5,10.5,0.7517,-310.0,220.0,0.7076,0.2924,0.2483,-303.0,303.0,0.0441,0.0441,-0.0441,2026-05-24T16:09:59.066825Z,full,provisional,lineup_unconfirmed,fallback_used,projected,derived_from_projected_minutes,ok,finals_pending,current_phase8,ok,0.0,projected,not_available_yet,bdl_lineup_freshness_manifest,bdl_plus_nba_official,2026-05-24T16:10:20Z
morning,2026-05-24T16:11:10Z,2026-05-24,21713531,89,Alex Caruso,OKC,SAS,False,pr,"{""0"": 0.000623987780368753, ""1"": 0.0020319138515440824, ""2"": 0.004690055200976336, ""3"": 0.00966206493846575, ""4"": 0.01610708149946455, ""5"": 0.022202653861090133, ""6"": 0.027432742533712123, ""7"": 0.032443226955128135, ""8"": 0.03822399594419941, ""9"": 0.044462390433798404, ""10"": 0.05042341799076554, ""11"": 0.056354371374003516, ""12"": 0.06183175236025254, ""13"": 0.06557443563649042, ""14"": 0.0664204922042572, ""15"": 0.06383644053484135, ""16"": 0.05941762909457042, ""17"": 0.05460832006850662, ""18"": 0.04914450950889049, ""19"": 0.04447650284536638, ""20"": 0.04083570253602493, ""21"": 0.03617438689777824, ""22"": 0.030555133646429405, ""23"": 0.02535089650148018, ""24"": 0.020543981384335285, ""25"": 0.016531790770422803, ""26"": 0.013867862685688811, ""27"": 0.012022078092846703, ""28"": 0.01000338660423642, ""29"": 0.007654523200614258, ""30"": 0.005381580458279022, ""31"": 0.003497691288178647, ""32"": 0.0021312279663193053, ""33"": 0.0012727565351987546, ""34"": 0.0007880689640611336, ""35"": 0.0005590613617768484, ""36"": 0.00043093597799176447, ""37"": 0.0003509310957546795, ""38"": 0.0003270437377607987, ""39"": 0.00032035503801903007, ""40"": 0.00033075788715939314, ""41"": 0.0003277026931701722, ""42"": 0.00027194218613266625, ""43"": 0.0001917732232948941, ""44"": 0.00011705855567436556, ""45"": 6.37219250744623e-05, ""46"": 3.30448808255813e-05, ""47"": 1.9680864367606846e-05, ""48"": 1.6554494072439497e-05, ""49"": 1.5649877749133236e-05, ""50"": 1.4978169790786182e-05, ""51"": 1.290513660549945e-05, ""52"": 8.657317672063219e-06, ""53"": 4.928950434864165e-06, ""54"": 2.2737669583331244e-06, ""55"": 7.454859061772305e-07, ""56"": 1.8638132086383927e-07, ""57"": 4.069321769225085e-08, ""58"": 1.3610785254508815e-08, ""59"": 3.610848054454701e-09, ""60"": 8.45631948539303e-10, ""61"": 6.232775556214669e-11, ""62"": 1.54325080247522e-11, ""63"": 2.573572995991628e-12, ""64"": 1.924347374752698e-12, ""65"": 7.932331096878012e-14, ""66"": 1.0811493267200228e-12, ""67"": 3.5471898265423015e-301, ""68"": 3.3407500725026512e-301, ""69"": 3.1416469691593452e-301, ""70"": 2.9500176510216792e-301, ""71"": 2.765958673521069e-301, ""72"": 2.5895279282843227e-301, ""73"": 2.4207467204015588e-301, ""74"": 2.2596019783707444e-301, ""75"": 2.1060485688185762e-301, ""76"": 1.960011689121978e-301, ""77"": 1.8213893121171291e-301, ""78"": 1.690054658313173e-301, ""79"": 1.5658586724417326e-301, ""80"": 1.448632482752075e-301, ""81"": 1.3095202946006281e-301, ""82"": 1.1547252218163956e-301, ""83"": 9.608713250042229e-302, ""84"": 6.939568424074443e-302, ""85"": 4.207365816499475e-302, ""86"": 2.1798643132352349e-302, ""87"": 9.020727367700329e-303, ""88"": 2.7663528279594342e-303, ""89"": 6.7389413488291265e-304, ""90"": 1.6172139455295072e-304, ""91"": 5.093394705841371e-305, ""92"": 1.3106101918931364e-305, ""93"": 2.6447631860329518e-306, ""94"": 2.3061164961585233e-307, ""95"": 5.719367354091979e-308, ""96"": 1.384893293019726e-308, ""97"": 6.142858268594077e-309, ""98"": 3.62162648470969e-309, ""99"": 3.118931409293143e-309}",14.9939,14.9939,15,14,0.0006,0.9994,0.9973,0.9927,0.983,0.9669,0.9447,0.9172,0.8848,0.8466,0.8021,0.7517,0.6953,0.6335,0.5679,0.5015,0.4377,0.3783,0.3237,0.2745,0.23,614c522d#phase10c,"stat_grid:component_convolution_mean_coherent_v1+components[pts:pmf_sim_v1+role_aware_pmf_cal_v1:rotation+monotone_pit_cdf_v1,reb:pmf_sim_v1+role_aware_pmf_cal_v1:rotation+monotone_pit_cdf_v1]+prior_combo[joint_sampler_v1+joint_combo_pmf_v1+role_aware_pmf_cal_v1:rotation+monotone_pit_cdf_v1]+stat_grid_final_component_convolution_mean_coherent_v1",phase8_role_aware_pmf_cal_v1+monotone_inactive_global_v1,rotation,projected_minutes,high,22.5514,21.9169,10.2327,21.9169,31.3872,8.3936,0.05,0.8866,0.1937,rotation,True,current_market_line,True,fanduel,fanduel,player_pr_over_under,11.5,11.5,0.6953,-240.0,174.0,0.6592,0.3408,0.3047,-228.0,228.0,0.0362,0.0362,-0.0362,2026-05-24T16:09:59.066825Z,full,provisional,lineup_unconfirmed,fallback_used,projected,derived_from_projected_minutes,ok,finals_pending,current_phase8,ok,0.0,projected,not_available_yet,bdl_lineup_freshness_manifest,bdl_plus_nba_official,2026-05-24T16:10:20Z
morning,2026-05-24T16:11:10Z,2026-05-24,21713531,89,Alex Caruso,OKC,SAS,False,pr,"{""0"": 0.000623987780368753, ""1"": 0.0020319138515440824, ""2"": 0.004690055200976336, ""3"": 0.00966206493846575, ""4"": 0.01610708149946455, ""5"": 0.022202653861090133, ""6"": 0.027432742533712123, ""7"": 0.032443226955128135, ""8"": 0.03822399594419941, ""9"": 0.044462390433798404, ""10"": 0.05042341799076554, ""11"": 0.056354371374003516, ""12"": 0.06183175236025254, ""13"": 0.06557443563649042, ""14"": 0.0664204922042572, ""15"": 0.06383644053484135, ""16"": 0.05941762909457042, ""17"": 0.05460832006850662, ""18"": 0.04914450950889049, ""19"": 0.04447650284536638, ""20"": 0.04083570253602493, ""21"": 0.03617438689777824, ""22"": 0.030555133646429405, ""23"": 0.02535089650148018, ""24"": 0.020543981384335285, ""25"": 0.016531790770422803, ""26"": 0.013867862685688811, ""27"": 0.012022078092846703, ""28"": 0.01000338660423642, ""29"": 0.007654523200614258, ""30"": 0.005381580458279022, ""31"": 0.003497691288178647, ""32"": 0.0021312279663193053, ""33"": 0.0012727565351987546, ""34"": 0.0007880689640611336, ""35"": 0.0005590613617768484, ""36"": 0.00043093597799176447, ""37"": 0.0003509310957546795, ""38"": 0.0003270437377607987, ""39"": 0.00032035503801903007, ""40"": 0.00033075788715939314, ""41"": 0.0003277026931701722, ""42"": 0.00027194218613266625, ""43"": 0.0001917732232948941, ""44"": 0.00011705855567436556, ""45"": 6.37219250744623e-05, ""46"": 3.30448808255813e-05, ""47"": 1.9680864367606846e-05, ""48"": 1.6554494072439497e-05, ""49"": 1.5649877749133236e-05, ""50"": 1.4978169790786182e-05, ""51"": 1.290513660549945e-05, ""52"": 8.657317672063219e-06, ""53"": 4.928950434864165e-06, ""54"": 2.2737669583331244e-06, ""55"": 7.454859061772305e-07, ""56"": 1.8638132086383927e-07, ""57"": 4.069321769225085e-08, ""58"": 1.3610785254508815e-08, ""59"": 3.610848054454701e-09, ""60"": 8.45631948539303e-10, ""61"": 6.232775556214669e-11, ""62"": 1.54325080247522e-11, ""63"": 2.573572995991628e-12, ""64"": 1.924347374752698e-12, ""65"": 7.932331096878012e-14, ""66"": 1.0811493267200228e-12, ""67"": 3.5471898265423015e-301, ""68"": 3.3407500725026512e-301, ""69"": 3.1416469691593452e-301, ""70"": 2.9500176510216792e-301, ""71"": 2.765958673521069e-301, ""72"": 2.5895279282843227e-301, ""73"": 2.4207467204015588e-301, ""74"": 2.2596019783707444e-301, ""75"": 2.1060485688185762e-301, ""76"": 1.960011689121978e-301, ""77"": 1.8213893121171291e-301, ""78"": 1.690054658313173e-301, ""79"": 1.5658586724417326e-301, ""80"": 1.448632482752075e-301, ""81"": 1.3095202946006281e-301, ""82"": 1.1547252218163956e-301, ""83"": 9.608713250042229e-302, ""84"": 6.939568424074443e-302, ""85"": 4.207365816499475e-302, ""86"": 2.1798643132352349e-302, ""87"": 9.020727367700329e-303, ""88"": 2.7663528279594342e-303, ""89"": 6.7389413488291265e-304, ""90"": 1.6172139455295072e-304, ""91"": 5.093394705841371e-305, ""92"": 1.3106101918931364e-305, ""93"": 2.6447631860329518e-306, ""94"": 2.3061164961585233e-307, ""95"": 5.719367354091979e-308, ""96"": 1.384893293019726e-308, ""97"": 6.142858268594077e-309, ""98"": 3.62162648470969e-309, ""99"": 3.118931409293143e-309}",14.9939,14.9939,15,14,0.0006,0.9994,0.9973,0.9927,0.983,0.9669,0.9447,0.9172,0.8848,0.8466,0.8021,0.7517,0.6953,0.6335,0.5679,0.5015,0.4377,0.3783,0.3237,0.2745,0.23,614c522d#phase10c,"stat_grid:component_convolution_mean_coherent_v1+components[pts:pmf_sim_v1+role_aware_pmf_cal_v1:rotation+monotone_pit_cdf_v1,reb:pmf_sim_v1+role_aware_pmf_cal_v1:rotation+monotone_pit_cdf_v1]+prior_combo[joint_sampler_v1+joint_combo_pmf_v1+role_aware_pmf_cal_v1:rotation+monotone_pit_cdf_v1]+stat_grid_final_component_convolution_mean_coherent_v1",phase8_role_aware_pmf_cal_v1+monotone_inactive_global_v1,rotation,projected_minutes,high,22.5514,21.9169,10.2327,21.9169,31.3872,8.3936,0.05,0.8866,0.1937,rotation,True,current_market_line,True,fanduel,fanduel,player_pr_over_under,13.5,13.5,0.5679,-138.0,104.0,0.5419,0.4581,0.4321,-131.0,131.0,0.0261,0.0261,-0.0261,2026-05-24T16:09:59.066825Z,full,provisional,lineup_unconfirmed,fallback_used,projected,derived_from_projected_minutes,ok,finals_pending,current_phase8,ok,0.0,projected,not_available_yet,bdl_lineup_freshness_manifest,bdl_plus_nba_official,2026-05-24T16:10:20Z
morning,2026-05-24T16:11:10Z,2026-05-24,21713531,89,Alex Caruso,OKC,SAS,False,pr,"{""0"": 0.000623987780368753, ""1"": 0.0020319138515440824, ""2"": 0.004690055200976336, ""3"": 0.00966206493846575, ""4"": 0.01610708149946455, ""5"": 0.022202653861090133, ""6"": 0.027432742533712123, ""7"": 0.032443226955128135, ""8"": 0.03822399594419941, ""9"": 0.044462390433798404, ""10"": 0.05042341799076554, ""11"": 0.056354371374003516, ""12"": 0.06183175236025254, ""13"": 0.06557443563649042, ""14"": 0.0664204922042572, ""15"": 0.06383644053484135, ""16"": 0.05941762909457042, ""17"": 0.05460832006850662, ""18"": 0.04914450950889049, ""19"": 0.04447650284536638, ""20"": 0.04083570253602493, ""21"": 0.03617438689777824, ""22"": 0.030555133646429405, ""23"": 0.02535089650148018, ""24"": 0.020543981384335285, ""25"": 0.016531790770422803, ""26"": 0.013867862685688811, ""27"": 0.012022078092846703, ""28"": 0.01000338660423642, ""29"": 0.007654523200614258, ""30"": 0.005381580458279022, ""31"": 0.003497691288178647, ""32"": 0.0021312279663193053, ""33"": 0.0012727565351987546, ""34"": 0.0007880689640611336, ""35"": 0.0005590613617768484, ""36"": 0.00043093597799176447, ""37"": 0.0003509310957546795, ""38"": 0.0003270437377607987, ""39"": 0.00032035503801903007, ""40"": 0.00033075788715939314, ""41"": 0.0003277026931701722, ""42"": 0.00027194218613266625, ""43"": 0.0001917732232948941, ""44"": 0.00011705855567436556, ""45"": 6.37219250744623e-05, ""46"": 3.30448808255813e-05, ""47"": 1.9680864367606846e-05, ""48"": 1.6554494072439497e-05, ""49"": 1.5649877749133236e-05, ""50"": 1.4978169790786182e-05, ""51"": 1.290513660549945e-05, ""52"": 8.657317672063219e-06, ""53"": 4.928950434864165e-06, ""54"": 2.2737669583331244e-06, ""55"": 7.454859061772305e-07, ""56"": 1.8638132086383927e-07, ""57"": 4.069321769225085e-08, ""58"": 1.3610785254508815e-08, ""59"": 3.610848054454701e-09, ""60"": 8.45631948539303e-10, ""61"": 6.232775556214669e-11, ""62"": 1.54325080247522e-11, ""63"": 2.573572995991628e-12, ""64"": 1.924347374752698e-12, ""65"": 7.932331096878012e-14, ""66"": 1.0811493267200228e-12, ""67"": 3.5471898265423015e-301, ""68"": 3.3407500725026512e-301, ""69"": 3.1416469691593452e-301, ""70"": 2.9500176510216792e-301, ""71"": 2.765958673521069e-301, ""72"": 2.5895279282843227e-301, ""73"": 2.4207467204015588e-301, ""74"": 2.2596019783707444e-301, ""75"": 2.1060485688185762e-301, ""76"": 1.960011689121978e-301, ""77"": 1.8213893121171291e-301, ""78"": 1.690054658313173e-301, ""79"": 1.5658586724417326e-301, ""80"": 1.448632482752075e-301, ""81"": 1.3095202946006281e-301, ""82"": 1.1547252218163956e-301, ""83"": 9.608713250042229e-302, ""84"": 6.939568424074443e-302, ""85"": 4.207365816499475e-302, ""86"": 2.1798643132352349e-302, ""87"": 9.020727367700329e-303, ""88"": 2.7663528279594342e-303, ""89"": 6.7389413488291265e-304, ""90"": 1.6172139455295072e-304, ""91"": 5.093394705841371e-305, ""92"": 1.3106101918931364e-305, ""93"": 2.6447631860329518e-306, ""94"": 2.3061164961585233e-307, ""95"": 5.719367354091979e-308, ""96"": 1.384893293019726e-308, ""97"": 6.142858268594077e-309, ""98"": 3.62162648470969e-309, ""99"": 3.118931409293143e-309}",14.9939,14.9939,15,14,0.0006,0.9994,0.9973,0.9927,0.983,0.9669,0.9447,0.9172,0.8848,0.8466,0.8021,0.7517,0.6953,0.6335,0.5679,0.5015,0.4377,0.3783,0.3237,0.2745,0.23,614c522d#phase10c,"stat_grid:component_convolution_mean_coherent_v1+components[pts:pmf_sim_v1+role_aware_pmf_cal_v1:rotation+monotone_pit_cdf_v1,reb:pmf_sim_v1+role_aware_pmf_cal_v1:rotation+monotone_pit_cdf_v1]+prior_combo[joint_sampler_v1+joint_combo_pmf_v1+role_aware_pmf_cal_v1:rotation+monotone_pit_cdf_v1]+stat_grid_final_component_convolution_mean_coherent_v1",phase8_role_aware_pmf_cal_v1+monotone_inactive_global_v1,rotation,projected_minutes,high,22.5514,21.9169,10.2327,21.9169,31.3872,8.3936,0.05,0.8866,0.1937,rotation,True,current_market_line,True,fanduel,fanduel,player_pr_over_under,14.5,14.5,0.5015,-108.0,-122.0,0.4858,0.5142,0.4985,-101.0,101.0,0.0157,0.0157,-0.0157,2026-05-24T16:09:59.066825Z,full,provisional,lineup_unconfirmed,fallback_used,projected,derived_from_projected_minutes,ok,finals_pending,current_phase8,ok,0.0,projected,not_available_yet,bdl_lineup_freshness_manifest,bdl_plus_nba_official,2026-05-24T16:10:20Z
morning,2026-05-24T16:11:10Z,2026-05-24,21713531,89,Alex Caruso,OKC,SAS,False,pr,"{""0"": 0.000623987780368753, ""1"": 0.0020319138515440824, ""2"": 0.004690055200976336, ""3"": 0.00966206493846575, ""4"": 0.01610708149946455, ""5"": 0.022202653861090133, ""6"": 0.027432742533712123, ""7"": 0.032443226955128135, ""8"": 0.03822399594419941, ""9"": 0.044462390433798404, ""10"": 0.05042341799076554, ""11"": 0.056354371374003516, ""12"": 0.06183175236025254, ""13"": 0.06557443563649042, ""14"": 0.0664204922042572, ""15"": 0.06383644053484135, ""16"": 0.05941762909457042, ""17"": 0.05460832006850662, ""18"": 0.04914450950889049, ""19"": 0.04447650284536638, ""20"": 0.04083570253602493, ""21"": 0.03617438689777824, ""22"": 0.030555133646429405, ""23"": 0.02535089650148018, ""24"": 0.020543981384335285, ""25"": 0.016531790770422803, ""26"": 0.013867862685688811, ""27"": 0.012022078092846703, ""28"": 0.01000338660423642, ""29"": 0.007654523200614258, ""30"": 0.005381580458279022, ""31"": 0.003497691288178647, ""32"": 0.0021312279663193053, ""33"": 0.0012727565351987546, ""34"": 0.0007880689640611336, ""35"": 0.0005590613617768484, ""36"": 0.00043093597799176447, ""37"": 0.0003509310957546795, ""38"": 0.0003270437377607987, ""39"": 0.00032035503801903007, ""40"": 0.00033075788715939314, ""41"": 0.0003277026931701722, ""42"": 0.00027194218613266625, ""43"": 0.0001917732232948941, ""44"": 0.00011705855567436556, ""45"": 6.37219250744623e-05, ""46"": 3.30448808255813e-05, ""47"": 1.9680864367606846e-05, ""48"": 1.6554494072439497e-05, ""49"": 1.5649877749133236e-05, ""50"": 1.4978169790786182e-05, ""51"": 1.290513660549945e-05, ""52"": 8.657317672063219e-06, ""53"": 4.928950434864165e-06, ""54"": 2.2737669583331244e-06, ""55"": 7.454859061772305e-07, ""56"": 1.8638132086383927e-07, ""57"": 4.069321769225085e-08, ""58"": 1.3610785254508815e-08, ""59"": 3.610848054454701e-09, ""60"": 8.45631948539303e-10, ""61"": 6.232775556214669e-11, ""62"": 1.54325080247522e-11, ""63"": 2.573572995991628e-12, ""64"": 1.924347374752698e-12, ""65"": 7.932331096878012e-14, ""66"": 1.0811493267200228e-12, ""67"": 3.5471898265423015e-301, ""68"": 3.3407500725026512e-301, ""69"": 3.1416469691593452e-301, ""70"": 2.9500176510216792e-301, ""71"": 2.765958673521069e-301, ""72"": 2.5895279282843227e-301, ""73"": 2.4207467204015588e-301, ""74"": 2.2596019783707444e-301, ""75"": 2.1060485688185762e-301, ""76"": 1.960011689121978e-301, ""77"": 1.8213893121171291e-301, ""78"": 1.690054658313173e-301, ""79"": 1.5658586724417326e-301, ""80"": 1.448632482752075e-301, ""81"": 1.3095202946006281e-301, ""82"": 1.1547252218163956e-301, ""83"": 9.608713250042229e-302, ""84"": 6.939568424074443e-302, ""85"": 4.207365816499475e-302, ""86"": 2.1798643132352349e-302, ""87"": 9.020727367700329e-303, ""88"": 2.7663528279594342e-303, ""89"": 6.7389413488291265e-304, ""90"": 1.6172139455295072e-304, ""91"": 5.093394705841371e-305, ""92"": 1.3106101918931364e-305, ""93"": 2.6447631860329518e-306, ""94"": 2.3061164961585233e-307, ""95"": 5.719367354091979e-308, ""96"": 1.384893293019726e-308, ""97"": 6.142858268594077e-309, ""98"": 3.62162648470969e-309, ""99"": 3.118931409293143e-309}",14.9939,14.9939,15,14,0.0006,0.9994,0.9973,0.9927,0.983,0.9669,0.9447,0.9172,0.8848,0.8466,0.8021,0.7517,0.6953,0.6335,0.5679,0.5015,0.4377,0.3783,0.3237,0.2745,0.23,614c522d#phase10c,"stat_grid:component_convolution_mean_coherent_v1+components[pts:pmf_sim_v1+role_aware_pmf_cal_v1:rotation+monotone_pit_cdf_v1,reb:pmf_sim_v1+role_aware_pmf_cal_v1:rotation+monotone_pit_cdf_v1]+prior_combo[joint_sampler_v1+joint_combo_pmf_v1+role_aware_pmf_cal_v1:rotation+monotone_pit_cdf_v1]+stat_grid_final_component_convolution_mean_coherent_v1",phase8_role_aware_pmf_cal_v1+monotone_inactive_global_v1,rotation,projected_minutes,high,22.5514,21.9169,10.2327,21.9169,31.3872,8.3936,0.05,0.8866,0.1937,rotation,True,current_market_line,True,fanduel,fanduel,player_pr_over_under,15.5,15.5,0.4377,116.0,-154.0,0.433,0.567,0.5623,128.0,-128.0,0.0047,0.0047,-0.0047,2026-05-24T16:09:59.066825Z,full,provisional,lineup_unconfirmed,fallback_used,projected,derived_from_projected_minutes,ok,finals_pending,current_phase8,ok,0.0,projected,not_available_yet,bdl_lineup_freshness_manifest,bdl_plus_nba_official,2026-05-24T16:10:20Z
morning,2026-05-24T16:11:10Z,2026-05-24,21713531,89,Alex Caruso,OKC,SAS,False,pr,"{""0"": 0.000623987780368753, ""1"": 0.0020319138515440824, ""2"": 0.004690055200976336, ""3"": 0.00966206493846575, ""4"": 0.01610708149946455, ""5"": 0.022202653861090133, ""6"": 0.027432742533712123, ""7"": 0.032443226955128135, ""8"": 0.03822399594419941, ""9"": 0.044462390433798404, ""10"": 0.05042341799076554, ""11"": 0.056354371374003516, ""12"": 0.06183175236025254, ""13"": 0.06557443563649042, ""14"": 0.0664204922042572, ""15"": 0.06383644053484135, ""16"": 0.05941762909457042, ""17"": 0.05460832006850662, ""18"": 0.04914450950889049, ""19"": 0.04447650284536638, ""20"": 0.04083570253602493, ""21"": 0.03617438689777824, ""22"": 0.030555133646429405, ""23"": 0.02535089650148018, ""24"": 0.020543981384335285, ""25"": 0.016531790770422803, ""26"": 0.013867862685688811, ""27"": 0.012022078092846703, ""28"": 0.01000338660423642, ""29"": 0.007654523200614258, ""30"": 0.005381580458279022, ""31"": 0.003497691288178647, ""32"": 0.0021312279663193053, ""33"": 0.0012727565351987546, ""34"": 0.0007880689640611336, ""35"": 0.0005590613617768484, ""36"": 0.00043093597799176447, ""37"": 0.0003509310957546795, ""38"": 0.0003270437377607987, ""39"": 0.00032035503801903007, ""40"": 0.00033075788715939314, ""41"": 0.0003277026931701722, ""42"": 0.00027194218613266625, ""43"": 0.0001917732232948941, ""44"": 0.00011705855567436556, ""45"": 6.37219250744623e-05, ""46"": 3.30448808255813e-05, ""47"": 1.9680864367606846e-05, ""48"": 1.6554494072439497e-05, ""49"": 1.5649877749133236e-05, ""50"": 1.4978169790786182e-05, ""51"": 1.290513660549945e-05, ""52"": 8.657317672063219e-06, ""53"": 4.928950434864165e-06, ""54"": 2.2737669583331244e-06, ""55"": 7.454859061772305e-07, ""56"": 1.8638132086383927e-07, ""57"": 4.069321769225085e-08, ""58"": 1.3610785254508815e-08, ""59"": 3.610848054454701e-09, ""60"": 8.45631948539303e-10, ""61"": 6.232775556214669e-11, ""62"": 1.54325080247522e-11, ""63"": 2.573572995991628e-12, ""64"": 1.924347374752698e-12, ""65"": 7.932331096878012e-14, ""66"": 1.0811493267200228e-12, ""67"": 3.5471898265423015e-301, ""68"": 3.3407500725026512e-301, ""69"": 3.1416469691593452e-301, ""70"": 2.9500176510216792e-301, ""71"": 2.765958673521069e-301, ""72"": 2.5895279282843227e-301, ""73"": 2.4207467204015588e-301, ""74"": 2.2596019783707444e-301, ""75"": 2.1060485688185762e-301, ""76"": 1.960011689121978e-301, ""77"": 1.8213893121171291e-301, ""78"": 1.690054658313173e-301, ""79"": 1.5658586724417326e-301, ""80"": 1.448632482752075e-301, ""81"": 1.3095202946006281e-301, ""82"": 1.1547252218163956e-301, ""83"": 9.608713250042229e-302, ""84"": 6.939568424074443e-302, ""85"": 4.207365816499475e-302, ""86"": 2.1798643132352349e-302, ""87"": 9.020727367700329e-303, ""88"": 2.7663528279594342e-303, ""89"": 6.7389413488291265e-304, ""90"": 1.6172139455295072e-304, ""91"": 5.093394705841371e-305, ""92"": 1.3106101918931364e-305, ""93"": 2.6447631860329518e-306, ""94"": 2.3061164961585233e-307, ""95"": 5.719367354091979e-308, ""96"": 1.384893293019726e-308, ""97"": 6.142858268594077e-309, ""98"": 3.62162648470969e-309, ""99"": 3.118931409293143e-309}",14.9939,14.9939,15,14,0.0006,0.9994,0.9973,0.9927,0.983,0.9669,0.9447,0.9172,0.8848,0.8466,0.8021,0.7517,0.6953,0.6335,0.5679,0.5015,0.4377,0.3783,0.3237,0.2745,0.23,614c522d#phase10c,"stat_grid:component_convolution_mean_coherent_v1+components[pts:pmf_sim_v1+role_aware_pmf_cal_v1:rotation+monotone_pit_cdf_v1,reb:pmf_sim_v1+role_aware_pmf_cal_v1:rotation+monotone_pit_cdf_v1]+prior_combo[joint_sampler_v1+joint_combo_pmf_v1+role_aware_pmf_cal_v1:rotation+monotone_pit_cdf_v1]+stat_grid_final_component_convolution_mean_coherent_v1",phase8_role_aware_pmf_cal_v1+monotone_inactive_global_v1,rotation,projected_minutes,high,22.5514,21.9169,10.2327,21.9169,31.3872,8.3936,0.05,0.8866,0.1937,rotation,True,current_market_line,True,fanduel,fanduel,player_pr_over_under,16.5,16.5,0.3783,146.0,-198.0,0.3796,0.6204,0.6217,164.0,-164.0,-0.0013,-0.0013,0.0013,2026-05-24T16:09:59.066825Z,full,provisional,lineup_unconfirmed,fallback_used,projected,derived_from_projected_minutes,ok,finals_pending,current_phase8,ok,0.0,projected,not_available_yet,bdl_lineup_freshness_manifest,bdl_plus_nba_official,2026-05-24T16:10:20Z
morning,2026-05-24T16:11:10Z,2026-05-24,21713531,89,Alex Caruso,OKC,SAS,False,pr,"{""0"": 0.000623987780368753, ""1"": 0.0020319138515440824, ""2"": 0.004690055200976336, ""3"": 0.00966206493846575, ""4"": 0.01610708149946455, ""5"": 0.022202653861090133, ""6"": 0.027432742533712123, ""7"": 0.032443226955128135, ""8"": 0.03822399594419941, ""9"": 0.044462390433798404, ""10"": 0.05042341799076554, ""11"": 0.056354371374003516, ""12"": 0.06183175236025254, ""13"": 0.06557443563649042, ""14"": 0.0664204922042572, ""15"": 0.06383644053484135, ""16"": 0.05941762909457042, ""17"": 0.05460832006850662, ""18"": 0.04914450950889049, ""19"": 0.04447650284536638, ""20"": 0.04083570253602493, ""21"": 0.03617438689777824, ""22"": 0.030555133646429405, ""23"": 0.02535089650148018, ""24"": 0.020543981384335285, ""25"": 0.016531790770422803, ""26"": 0.013867862685688811, ""27"": 0.012022078092846703, ""28"": 0.01000338660423642, ""29"": 0.007654523200614258, ""30"": 0.005381580458279022, ""31"": 0.003497691288178647, ""32"": 0.0021312279663193053, ""33"": 0.0012727565351987546, ""34"": 0.0007880689640611336, ""35"": 0.0005590613617768484, ""36"": 0.00043093597799176447, ""37"": 0.0003509310957546795, ""38"": 0.0003270437377607987, ""39"": 0.00032035503801903007, ""40"": 0.00033075788715939314, ""41"": 0.0003277026931701722, ""42"": 0.00027194218613266625, ""43"": 0.0001917732232948941, ""44"": 0.00011705855567436556, ""45"": 6.37219250744623e-05, ""46"": 3.30448808255813e-05, ""47"": 1.9680864367606846e-05, ""48"": 1.6554494072439497e-05, ""49"": 1.5649877749133236e-05, ""50"": 1.4978169790786182e-05, ""51"": 1.290513660549945e-05, ""52"": 8.657317672063219e-06, ""53"": 4.928950434864165e-06, ""54"": 2.2737669583331244e-06, ""55"": 7.454859061772305e-07, ""56"": 1.8638132086383927e-07, ""57"": 4.069321769225085e-08, ""58"": 1.3610785254508815e-08, ""59"": 3.610848054454701e-09, ""60"": 8.45631948539303e-10, ""61"": 6.232775556214669e-11, ""62"": 1.54325080247522e-11, ""63"": 2.573572995991628e-12, ""64"": 1.924347374752698e-12, ""65"": 7.932331096878012e-14, ""66"": 1.0811493267200228e-12, ""67"": 3.5471898265423015e-301, ""68"": 3.3407500725026512e-301, ""69"": 3.1416469691593452e-301, ""70"": 2.9500176510216792e-301, ""71"": 2.765958673521069e-301, ""72"": 2.5895279282843227e-301, ""73"": 2.4207467204015588e-301, ""74"": 2.2596019783707444e-301, ""75"": 2.1060485688185762e-301, ""76"": 1.960011689121978e-301, ""77"": 1.8213893121171291e-301, ""78"": 1.690054658313173e-301, ""79"": 1.5658586724417326e-301, ""80"": 1.448632482752075e-301, ""81"": 1.3095202946006281e-301, ""82"": 1.1547252218163956e-301, ""83"": 9.608713250042229e-302, ""84"": 6.939568424074443e-302, ""85"": 4.207365816499475e-302, ""86"": 2.1798643132352349e-302, ""87"": 9.020727367700329e-303, ""88"": 2.7663528279594342e-303, ""89"": 6.7389413488291265e-304, ""90"": 1.6172139455295072e-304, ""91"": 5.093394705841371e-305, ""92"": 1.3106101918931364e-305, ""93"": 2.6447631860329518e-306, ""94"": 2.3061164961585233e-307, ""95"": 5.719367354091979e-308, ""96"": 1.384893293019726e-308, ""97"": 6.142858268594077e-309, ""98"": 3.62162648470969e-309, ""99"": 3.118931409293143e-309}",14.9939,14.9939,15,14,0.0006,0.9994,0.9973,0.9927,0.983,0.9669,0.9447,0.9172,0.8848,0.8466,0.8021,0.7517,0.6953,0.6335,0.5679,0.5015,0.4377,0.3783,0.3237,0.2745,0.23,614c522d#phase10c,"stat_grid:component_convolution_mean_coherent_v1+components[pts:pmf_sim_v1+role_aware_pmf_cal_v1:rotation+monotone_pit_cdf_v1,reb:pmf_sim_v1+role_aware_pmf_cal_v1:rotation+monotone_pit_cdf_v1]+prior_combo[joint_sampler_v1+joint_combo_pmf_v1+role_aware_pmf_cal_v1:rotation+monotone_pit_cdf_v1]+stat_grid_final_component_convolution_mean_coherent_v1",phase8_role_aware_pmf_cal_v1+monotone_inactive_global_v1,rotation,projected_minutes,high,22.5514,21.9169,10.2327,21.9169,31.3872,8.3936,0.05,0.8866,0.1937,rotation,True,current_market_line,True,fanduel,fanduel,player_pr_over_under,17.5,17.5,0.3237,178.0,-245.0,0.3362,0.6638,0.6763,209.0,-209.0,-0.0126,-0.0126,0.0126,2026-05-24T16:09:59.066825Z,full,provisional,lineup_unconfirmed,fallback_used,projected,derived_from_projected_minutes,ok,finals_pending,current_phase8,ok,0.0,projected,not_available_yet,bdl_lineup_freshness_manifest,bdl_plus_nba_official,2026-05-24T16:10:20Z
morning,2026-05-24T16:11:10Z,2026-05-24,21713531,89,Alex Caruso,OKC,SAS,False,pr,"{""0"": 0.000623987780368753, ""1"": 0.0020319138515440824, ""2"": 0.004690055200976336, ""3"": 0.00966206493846575, ""4"": 0.01610708149946455, ""5"": 0.022202653861090133, ""6"": 0.027432742533712123, ""7"": 0.032443226955128135, ""8"": 0.03822399594419941, ""9"": 0.044462390433798404, ""10"": 0.05042341799076554, ""11"": 0.056354371374003516, ""12"": 0.06183175236025254, ""13"": 0.06557443563649042, ""14"": 0.0664204922042572, ""15"": 0.06383644053484135, ""16"": 0.05941762909457042, ""17"": 0.05460832006850662, ""18"": 0.04914450950889049, ""19"": 0.04447650284536638, ""20"": 0.04083570253602493, ""21"": 0.03617438689777824, ""22"": 0.030555133646429405, ""23"": 0.02535089650148018, ""24"": 0.020543981384335285, ""25"": 0.016531790770422803, ""26"": 0.013867862685688811, ""27"": 0.012022078092846703, ""28"": 0.01000338660423642, ""29"": 0.007654523200614258, ""30"": 0.005381580458279022, ""31"": 0.003497691288178647, ""32"": 0.0021312279663193053, ""33"": 0.0012727565351987546, ""34"": 0.0007880689640611336, ""35"": 0.0005590613617768484, ""36"": 0.00043093597799176447, ""37"": 0.0003509310957546795, ""38"": 0.0003270437377607987, ""39"": 0.00032035503801903007, ""40"": 0.00033075788715939314, ""41"": 0.0003277026931701722, ""42"": 0.00027194218613266625, ""43"": 0.0001917732232948941, ""44"": 0.00011705855567436556, ""45"": 6.37219250744623e-05, ""46"": 3.30448808255813e-05, ""47"": 1.9680864367606846e-05, ""48"": 1.6554494072439497e-05, ""49"": 1.5649877749133236e-05, ""50"": 1.4978169790786182e-05, ""51"": 1.290513660549945e-05, ""52"": 8.657317672063219e-06, ""53"": 4.928950434864165e-06, ""54"": 2.2737669583331244e-06, ""55"": 7.454859061772305e-07, ""56"": 1.8638132086383927e-07, ""57"": 4.069321769225085e-08, ""58"": 1.3610785254508815e-08, ""59"": 3.610848054454701e-09, ""60"": 8.45631948539303e-10, ""61"": 6.232775556214669e-11, ""62"": 1.54325080247522e-11, ""63"": 2.573572995991628e-12, ""64"": 1.924347374752698e-12, ""65"": 7.932331096878012e-14, ""66"": 1.0811493267200228e-12, ""67"": 3.5471898265423015e-301, ""68"": 3.3407500725026512e-301, ""69"": 3.1416469691593452e-301, ""70"": 2.9500176510216792e-301, ""71"": 2.765958673521069e-301, ""72"": 2.5895279282843227e-301, ""73"": 2.4207467204015588e-301, ""74"": 2.2596019783707444e-301, ""75"": 2.1060485688185762e-301, ""76"": 1.960011689121978e-301, ""77"": 1.8213893121171291e-301, ""78"": 1.690054658313173e-301, ""79"": 1.5658586724417326e-301, ""80"": 1.448632482752075e-301, ""81"": 1.3095202946006281e-301, ""82"": 1.1547252218163956e-301, ""83"": 9.608713250042229e-302, ""84"": 6.939568424074443e-302, ""85"": 4.207365816499475e-302, ""86"": 2.1798643132352349e-302, ""87"": 9.020727367700329e-303, ""88"": 2.7663528279594342e-303, ""89"": 6.7389413488291265e-304, ""90"": 1.6172139455295072e-304, ""91"": 5.093394705841371e-305, ""92"": 1.3106101918931364e-305, ""93"": 2.6447631860329518e-306, ""94"": 2.3061164961585233e-307, ""95"": 5.719367354091979e-308, ""96"": 1.384893293019726e-308, ""97"": 6.142858268594077e-309, ""98"": 3.62162648470969e-309, ""99"": 3.118931409293143e-309}",14.9939,14.9939,15,14,0.0006,0.9994,0.9973,0.9927,0.983,0.9669,0.9447,0.9172,0.8848,0.8466,0.8021,0.7517,0.6953,0.6335,0.5679,0.5015,0.4377,0.3783,0.3237,0.2745,0.23,614c522d#phase10c,"stat_grid:component_convolution_mean_coherent_v1+components[pts:pmf_sim_v1+role_aware_pmf_cal_v1:rotation+monotone_pit_cdf_v1,reb:pmf_sim_v1+role_aware_pmf_cal_v1:rotation+monotone_pit_cdf_v1]+prior_combo[joint_sampler_v1+joint_combo_pmf_v1+role_aware_pmf_cal_v1:rotation+monotone_pit_cdf_v1]+stat_grid_final_component_convolution_mean_coherent_v1",phase8_role_aware_pmf_cal_v1+monotone_inactive_global_v1,rotation,projected_minutes,high,22.5514,21.9169,10.2327,21.9169,31.3872,8.3936,0.05,0.8866,0.1937,rotation,True,current_market_line,True,fanduel,fanduel,player_pr_over_under,18.5,18.5,0.2745,220.0,-310.0,0.2924,0.7076,0.7255,264.0,-264.0,-0.0179,-0.0179,0.0179,2026-05-24T16:09:59.066825Z,full,provisional,lineup_unconfirmed,fallback_used,projected,derived_from_projected_minutes,ok,finals_pending,current_phase8,ok,0.0,projected,not_available_yet,bdl_lineup_freshness_manifest,bdl_plus_nba_official,2026-05-24T16:10:20Z
morning,2026-05-24T16:11:10Z,2026-05-24,21713531,89,Alex Caruso,OKC,SAS,False,pr,"{""0"": 0.000623987780368753, ""1"": 0.0020319138515440824, ""2"": 0.004690055200976336, ""3"": 0.00966206493846575, ""4"": 0.01610708149946455, ""5"": 0.022202653861090133, ""6"": 0.027432742533712123, ""7"": 0.032443226955128135, ""8"": 0.03822399594419941, ""9"": 0.044462390433798404, ""10"": 0.05042341799076554, ""11"": 0.056354371374003516, ""12"": 0.06183175236025254, ""13"": 0.06557443563649042, ""14"": 0.0664204922042572, ""15"": 0.06383644053484135, ""16"": 0.05941762909457042, ""17"": 0.05460832006850662, ""18"": 0.04914450950889049, ""19"": 0.04447650284536638, ""20"": 0.04083570253602493, ""21"": 0.03617438689777824, ""22"": 0.030555133646429405, ""23"": 0.02535089650148018, ""24"": 0.020543981384335285, ""25"": 0.016531790770422803, ""26"": 0.013867862685688811, ""27"": 0.012022078092846703, ""28"": 0.01000338660423642, ""29"": 0.007654523200614258, ""30"": 0.005381580458279022, ""31"": 0.003497691288178647, ""32"": 0.0021312279663193053, ""33"": 0.0012727565351987546, ""34"": 0.0007880689640611336, ""35"": 0.0005590613617768484, ""36"": 0.00043093597799176447, ""37"": 0.0003509310957546795, ""38"": 0.0003270437377607987, ""39"": 0.00032035503801903007, ""40"": 0.00033075788715939314, ""41"": 0.0003277026931701722, ""42"": 0.00027194218613266625, ""43"": 0.0001917732232948941, ""44"": 0.00011705855567436556, ""45"": 6.37219250744623e-05, ""46"": 3.30448808255813e-05, ""47"": 1.9680864367606846e-05, ""48"": 1.6554494072439497e-05, ""49"": 1.5649877749133236e-05, ""50"": 1.4978169790786182e-05, ""51"": 1.290513660549945e-05, ""52"": 8.657317672063219e-06, ""53"": 4.928950434864165e-06, ""54"": 2.2737669583331244e-06, ""55"": 7.454859061772305e-07, ""56"": 1.8638132086383927e-07, ""57"": 4.069321769225085e-08, ""58"": 1.3610785254508815e-08, ""59"": 3.610848054454701e-09, ""60"": 8.45631948539303e-10, ""61"": 6.232775556214669e-11, ""62"": 1.54325080247522e-11, ""63"": 2.573572995991628e-12, ""64"": 1.924347374752698e-12, ""65"": 7.932331096878012e-14, ""66"": 1.0811493267200228e-12, ""67"": 3.5471898265423015e-301, ""68"": 3.3407500725026512e-301, ""69"": 3.1416469691593452e-301, ""70"": 2.9500176510216792e-301, ""71"": 2.765958673521069e-301, ""72"": 2.5895279282843227e-301, ""73"": 2.4207467204015588e-301, ""74"": 2.2596019783707444e-301, ""75"": 2.1060485688185762e-301, ""76"": 1.960011689121978e-301, ""77"": 1.8213893121171291e-301, ""78"": 1.690054658313173e-301, ""79"": 1.5658586724417326e-301, ""80"": 1.448632482752075e-301, ""81"": 1.3095202946006281e-301, ""82"": 1.1547252218163956e-301, ""83"": 9.608713250042229e-302, ""84"": 6.939568424074443e-302, ""85"": 4.207365816499475e-302, ""86"": 2.1798643132352349e-302, ""87"": 9.020727367700329e-303, ""88"": 2.7663528279594342e-303, ""89"": 6.7389413488291265e-304, ""90"": 1.6172139455295072e-304, ""91"": 5.093394705841371e-305, ""92"": 1.3106101918931364e-305, ""93"": 2.6447631860329518e-306, ""94"": 2.3061164961585233e-307, ""95"": 5.719367354091979e-308, ""96"": 1.384893293019726e-308, ""97"": 6.142858268594077e-309, ""98"": 3.62162648470969e-309, ""99"": 3.118931409293143e-309}",14.9939,14.9939,15,14,0.0006,0.9994,0.9973,0.9927,0.983,0.9669,0.9447,0.9172,0.8848,0.8466,0.8021,0.7517,0.6953,0.6335,0.5679,0.5015,0.4377,0.3783,0.3237,0.2745,0.23,614c522d#phase10c,"stat_grid:component_convolution_mean_coherent_v1+components[pts:pmf_sim_v1+role_aware_pmf_cal_v1:rotation+monotone_pit_cdf_v1,reb:pmf_sim_v1+role_aware_pmf_cal_v1:rotation+monotone_pit_cdf_v1]+prior_combo[joint_sampler_v1+joint_combo_pmf_v1+role_aware_pmf_cal_v1:rotation+monotone_pit_cdf_v1]+stat_grid_final_component_convolution_mean_coherent_v1",phase8_role_aware_pmf_cal_v1+monotone_inactive_global_v1,rotation,projected_minutes,high,22.5514,21.9169,10.2327,21.9169,31.3872,8.3936,0.05,0.8866,0.1937,rotation,True,current_market_line,True,fanduel,fanduel,player_pr_over_under,12.5,12.5,0.6335,-180.0,134.0,0.6007,0.3993,0.3665,-173.0,173.0,0.0328,0.0328,-0.0328,2026-05-24T16:09:59.066825Z,full,provisional,lineup_unconfirmed,fallback_used,projected,derived_from_projected_minutes,ok,finals_pending,current_phase8,ok,0.0,projected,not_available_yet,bdl_lineup_freshness_manifest,bdl_plus_nba_official,2026-05-24T16:10:20Z
morning,2026-05-24T16:11:10Z,2026-05-24,21713531,89,Alex Caruso,OKC,SAS,False,pr,"{""0"": 0.000623987780368753, ""1"": 0.0020319138515440824, ""2"": 0.004690055200976336, ""3"": 0.00966206493846575, ""4"": 0.01610708149946455, ""5"": 0.022202653861090133, ""6"": 0.027432742533712123, ""7"": 0.032443226955128135, ""8"": 0.03822399594419941, ""9"": 0.044462390433798404, ""10"": 0.05042341799076554, ""11"": 0.056354371374003516, ""12"": 0.06183175236025254, ""13"": 0.06557443563649042, ""14"": 0.0664204922042572, ""15"": 0.06383644053484135, ""16"": 0.05941762909457042, ""17"": 0.05460832006850662, ""18"": 0.04914450950889049, ""19"": 0.04447650284536638, ""20"": 0.04083570253602493, ""21"": 0.03617438689777824, ""22"": 0.030555133646429405, ""23"": 0.02535089650148018, ""24"": 0.020543981384335285, ""25"": 0.016531790770422803, ""26"": 0.013867862685688811, ""27"": 0.012022078092846703, ""28"": 0.01000338660423642, ""29"": 0.007654523200614258, ""30"": 0.005381580458279022, ""31"": 0.003497691288178647, ""32"": 0.0021312279663193053, ""33"": 0.0012727565351987546, ""34"": 0.0007880689640611336, ""35"": 0.0005590613617768484, ""36"": 0.00043093597799176447, ""37"": 0.0003509310957546795, ""38"": 0.0003270437377607987, ""39"": 0.00032035503801903007, ""40"": 0.00033075788715939314, ""41"": 0.0003277026931701722, ""42"": 0.00027194218613266625, ""43"": 0.0001917732232948941, ""44"": 0.00011705855567436556, ""45"": 6.37219250744623e-05, ""46"": 3.30448808255813e-05, ""47"": 1.9680864367606846e-05, ""48"": 1.6554494072439497e-05, ""49"": 1.5649877749133236e-05, ""50"": 1.4978169790786182e-05, ""51"": 1.290513660549945e-05, ""52"": 8.657317672063219e-06, ""53"": 4.928950434864165e-06, ""54"": 2.2737669583331244e-06, ""55"": 7.454859061772305e-07, ""56"": 1.8638132086383927e-07, ""57"": 4.069321769225085e-08, ""58"": 1.3610785254508815e-08, ""59"": 3.610848054454701e-09, ""60"": 8.45631948539303e-10, ""61"": 6.232775556214669e-11, ""62"": 1.54325080247522e-11, ""63"": 2.573572995991628e-12, ""64"": 1.924347374752698e-12, ""65"": 7.932331096878012e-14, ""66"": 1.0811493267200228e-12, ""67"": 3.5471898265423015e-301, ""68"": 3.3407500725026512e-301, ""69"": 3.1416469691593452e-301, ""70"": 2.9500176510216792e-301, ""71"": 2.765958673521069e-301, ""72"": 2.5895279282843227e-301, ""73"": 2.4207467204015588e-301, ""74"": 2.2596019783707444e-301, ""75"": 2.1060485688185762e-301, ""76"": 1.960011689121978e-301, ""77"": 1.8213893121171291e-301, ""78"": 1.690054658313173e-301, ""79"": 1.5658586724417326e-301, ""80"": 1.448632482752075e-301, ""81"": 1.3095202946006281e-301, ""82"": 1.1547252218163956e-301, ""83"": 9.608713250042229e-302, ""84"": 6.939568424074443e-302, ""85"": 4.207365816499475e-302, ""86"": 2.1798643132352349e-302, ""87"": 9.020727367700329e-303, ""88"": 2.7663528279594342e-303, ""89"": 6.7389413488291265e-304, ""90"": 1.6172139455295072e-304, ""91"": 5.093394705841371e-305, ""92"": 1.3106101918931364e-305, ""93"": 2.6447631860329518e-306, ""94"": 2.3061164961585233e-307, ""95"": 5.719367354091979e-308, ""96"": 1.384893293019726e-308, ""97"": 6.142858268594077e-309, ""98"": 3.62162648470969e-309, ""99"": 3.118931409293143e-309}",14.9939,14.9939,15,14,0.0006,0.9994,0.9973,0.9927,0.983,0.9669,0.9447,0.9172,0.8848,0.8466,0.8021,0.7517,0.6953,0.6335,0.5679,0.5015,0.4377,0.3783,0.3237,0.2745,0.23,614c522d#phase10c,"stat_grid:component_convolution_mean_coherent_v1+components[pts:pmf_sim_v1+role_aware_pmf_cal_v1:rotation+monotone_pit_cdf_v1,reb:pmf_sim_v1+role_aware_pmf_cal_v1:rotation+monotone_pit_cdf_v1]+prior_combo[joint_sampler_v1+joint_combo_pmf_v1+role_aware_pmf_cal_v1:rotation+monotone_pit_cdf_v1]+stat_grid_final_component_convolution_mean_coherent_v1",phase8_role_aware_pmf_cal_v1+monotone_inactive_global_v1,rotation,projected_minutes,high,22.5514,21.9169,10.2327,21.9169,31.3872,8.3936,0.05,0.8866,0.1937,rotation,True,current_market_line,True,hardrockbet_fl,hardrockbet_fl,player_pr_over_under,14.5,14.5,0.5015,-110.0,-120.0,0.4899,0.5101,0.4985,-101.0,101.0,0.0116,0.0116,-0.0116,2026-05-24T16:09:59.066825Z,full,provisional,lineup_unconfirmed,fallback_used,projected,derived_from_projected_minutes,ok,finals_pending,current_phase8,ok,0.0,projected,not_available_yet,bdl_lineup_freshness_manifest,bdl_plus_nba_official,2026-05-24T16:10:20Z
morning,2026-05-24T16:11:10Z,2026-05-24,21713531,89,Alex Caruso,OKC,SAS,False,pr,"{""0"": 0.000623987780368753, ""1"": 0.0020319138515440824, ""2"": 0.004690055200976336, ""3"": 0.00966206493846575, ""4"": 0.01610708149946455, ""5"": 0.022202653861090133, ""6"": 0.027432742533712123, ""7"": 0.032443226955128135, ""8"": 0.03822399594419941, ""9"": 0.044462390433798404, ""10"": 0.05042341799076554, ""11"": 0.056354371374003516, ""12"": 0.06183175236025254, ""13"": 0.06557443563649042, ""14"": 0.0664204922042572, ""15"": 0.06383644053484135, ""16"": 0.05941762909457042, ""17"": 0.05460832006850662, ""18"": 0.04914450950889049, ""19"": 0.04447650284536638, ""20"": 0.04083570253602493, ""21"": 0.03617438689777824, ""22"": 0.030555133646429405, ""23"": 0.02535089650148018, ""24"": 0.020543981384335285, ""25"": 0.016531790770422803, ""26"": 0.013867862685688811, ""27"": 0.012022078092846703, ""28"": 0.01000338660423642, ""29"": 0.007654523200614258, ""30"": 0.005381580458279022, ""31"": 0.003497691288178647, ""32"": 0.0021312279663193053, ""33"": 0.0012727565351987546, ""34"": 0.0007880689640611336, ""35"": 0.0005590613617768484, ""36"": 0.00043093597799176447, ""37"": 0.0003509310957546795, ""38"": 0.0003270437377607987, ""39"": 0.00032035503801903007, ""40"": 0.00033075788715939314, ""41"": 0.0003277026931701722, ""42"": 0.00027194218613266625, ""43"": 0.0001917732232948941, ""44"": 0.00011705855567436556, ""45"": 6.37219250744623e-05, ""46"": 3.30448808255813e-05, ""47"": 1.9680864367606846e-05, ""48"": 1.6554494072439497e-05, ""49"": 1.5649877749133236e-05, ""50"": 1.4978169790786182e-05, ""51"": 1.290513660549945e-05, ""52"": 8.657317672063219e-06, ""53"": 4.928950434864165e-06, ""54"": 2.2737669583331244e-06, ""55"": 7.454859061772305e-07, ""56"": 1.8638132086383927e-07, ""57"": 4.069321769225085e-08, ""58"": 1.3610785254508815e-08, ""59"": 3.610848054454701e-09, ""60"": 8.45631948539303e-10, ""61"": 6.232775556214669e-11, ""62"": 1.54325080247522e-11, ""63"": 2.573572995991628e-12, ""64"": 1.924347374752698e-12, ""65"": 7.932331096878012e-14, ""66"": 1.0811493267200228e-12, ""67"": 3.5471898265423015e-301, ""68"": 3.3407500725026512e-301, ""69"": 3.1416469691593452e-301, ""70"": 2.9500176510216792e-301, ""71"": 2.765958673521069e-301, ""72"": 2.5895279282843227e-301, ""73"": 2.4207467204015588e-301, ""74"": 2.2596019783707444e-301, ""75"": 2.1060485688185762e-301, ""76"": 1.960011689121978e-301, ""77"": 1.8213893121171291e-301, ""78"": 1.690054658313173e-301, ""79"": 1.5658586724417326e-301, ""80"": 1.448632482752075e-301, ""81"": 1.3095202946006281e-301, ""82"": 1.1547252218163956e-301, ""83"": 9.608713250042229e-302, ""84"": 6.939568424074443e-302, ""85"": 4.207365816499475e-302, ""86"": 2.1798643132352349e-302, ""87"": 9.020727367700329e-303, ""88"": 2.7663528279594342e-303, ""89"": 6.7389413488291265e-304, ""90"": 1.6172139455295072e-304, ""91"": 5.093394705841371e-305, ""92"": 1.3106101918931364e-305, ""93"": 2.6447631860329518e-306, ""94"": 2.3061164961585233e-307, ""95"": 5.719367354091979e-308, ""96"": 1.384893293019726e-308, ""97"": 6.142858268594077e-309, ""98"": 3.62162648470969e-309, ""99"": 3.118931409293143e-309}",14.9939,14.9939,15,14,0.0006,0.9994,0.9973,0.9927,0.983,0.9669,0.9447,0.9172,0.8848,0.8466,0.8021,0.7517,0.6953,0.6335,0.5679,0.5015,0.4377,0.3783,0.3237,0.2745,0.23,614c522d#phase10c,"stat_grid:component_convolution_mean_coherent_v1+components[pts:pmf_sim_v1+role_aware_pmf_cal_v1:rotation+monotone_pit_cdf_v1,reb:pmf_sim_v1+role_aware_pmf_cal_v1:rotation+monotone_pit_cdf_v1]+prior_combo[joint_sampler_v1+joint_combo_pmf_v1+role_aware_pmf_cal_v1:rotation+monotone_pit_cdf_v1]+stat_grid_final_component_convolution_mean_coherent_v1",phase8_role_aware_pmf_cal_v1+monotone_inactive_global_v1,rotation,projected_minutes,high,22.5514,21.9169,10.2327,21.9169,31.3872,8.3936,0.05,0.8866,0.1937,rotation,True,current_market_line,True,espnbet,espnbet,player_pr_over_under,14.5,14.5,0.5015,-105.0,-125.0,0.4797,0.5203,0.4985,-101.0,101.0,0.0218,0.0218,-0.0218,2026-05-24T16:09:59.066825Z,full,provisional,lineup_unconfirmed,fallback_used,projected,derived_from_projected_minutes,ok,finals_pending,current_phase8,ok,0.0,projected,not_available_yet,bdl_lineup_freshness_manifest,bdl_plus_nba_official,2026-05-24T16:10:20Z
morning,2026-05-24T16:11:10Z,2026-05-24,21713531,89,Alex Caruso,OKC,SAS,False,pr,"{""0"": 0.000623987780368753, ""1"": 0.0020319138515440824, ""2"": 0.004690055200976336, ""3"": 0.00966206493846575, ""4"": 0.01610708149946455, ""5"": 0.022202653861090133, ""6"": 0.027432742533712123, ""7"": 0.032443226955128135, ""8"": 0.03822399594419941, ""9"": 0.044462390433798404, ""10"": 0.05042341799076554, ""11"": 0.056354371374003516, ""12"": 0.06183175236025254, ""13"": 0.06557443563649042, ""14"": 0.0664204922042572, ""15"": 0.06383644053484135, ""16"": 0.05941762909457042, ""17"": 0.05460832006850662, ""18"": 0.04914450950889049, ""19"": 0.04447650284536638, ""20"": 0.04083570253602493, ""21"": 0.03617438689777824, ""22"": 0.030555133646429405, ""23"": 0.02535089650148018, ""24"": 0.020543981384335285, ""25"": 0.016531790770422803, ""26"": 0.013867862685688811, ""27"": 0.012022078092846703, ""28"": 0.01000338660423642, ""29"": 0.007654523200614258, ""30"": 0.005381580458279022, ""31"": 0.003497691288178647, ""32"": 0.0021312279663193053, ""33"": 0.0012727565351987546, ""34"": 0.0007880689640611336, ""35"": 0.0005590613617768484, ""36"": 0.00043093597799176447, ""37"": 0.0003509310957546795, ""38"": 0.0003270437377607987, ""39"": 0.00032035503801903007, ""40"": 0.00033075788715939314, ""41"": 0.0003277026931701722, ""42"": 0.00027194218613266625, ""43"": 0.0001917732232948941, ""44"": 0.00011705855567436556, ""45"": 6.37219250744623e-05, ""46"": 3.30448808255813e-05, ""47"": 1.9680864367606846e-05, ""48"": 1.6554494072439497e-05, ""49"": 1.5649877749133236e-05, ""50"": 1.4978169790786182e-05, ""51"": 1.290513660549945e-05, ""52"": 8.657317672063219e-06, ""53"": 4.928950434864165e-06, ""54"": 2.2737669583331244e-06, ""55"": 7.454859061772305e-07, ""56"": 1.8638132086383927e-07, ""57"": 4.069321769225085e-08, ""58"": 1.3610785254508815e-08, ""59"": 3.610848054454701e-09, ""60"": 8.45631948539303e-10, ""61"": 6.232775556214669e-11, ""62"": 1.54325080247522e-11, ""63"": 2.573572995991628e-12, ""64"": 1.924347374752698e-12, ""65"": 7.932331096878012e-14, ""66"": 1.0811493267200228e-12, ""67"": 3.5471898265423015e-301, ""68"": 3.3407500725026512e-301, ""69"": 3.1416469691593452e-301, ""70"": 2.9500176510216792e-301, ""71"": 2.765958673521069e-301, ""72"": 2.5895279282843227e-301, ""73"": 2.4207467204015588e-301, ""74"": 2.2596019783707444e-301, ""75"": 2.1060485688185762e-301, ""76"": 1.960011689121978e-301, ""77"": 1.8213893121171291e-301, ""78"": 1.690054658313173e-301, ""79"": 1.5658586724417326e-301, ""80"": 1.448632482752075e-301, ""81"": 1.3095202946006281e-301, ""82"": 1.1547252218163956e-301, ""83"": 9.608713250042229e-302, ""84"": 6.939568424074443e-302, ""85"": 4.207365816499475e-302, ""86"": 2.1798643132352349e-302, ""87"": 9.020727367700329e-303, ""88"": 2.7663528279594342e-303, ""89"": 6.7389413488291265e-304, ""90"": 1.6172139455295072e-304, ""91"": 5.093394705841371e-305, ""92"": 1.3106101918931364e-305, ""93"": 2.6447631860329518e-306, ""94"": 2.3061164961585233e-307, ""95"": 5.719367354091979e-308, ""96"": 1.384893293019726e-308, ""97"": 6.142858268594077e-309, ""98"": 3.62162648470969e-309, ""99"": 3.118931409293143e-309}",14.9939,14.9939,15,14,0.0006,0.9994,0.9973,0.9927,0.983,0.9669,0.9447,0.9172,0.8848,0.8466,0.8021,0.7517,0.6953,0.6335,0.5679,0.5015,0.4377,0.3783,0.3237,0.2745,0.23,614c522d#phase10c,"stat_grid:component_convolution_mean_coherent_v1+components[pts:pmf_sim_v1+role_aware_pmf_cal_v1:rotation+monotone_pit_cdf_v1,reb:pmf_sim_v1+role_aware_pmf_cal_v1:rotation+monotone_pit_cdf_v1]+prior_combo[joint_sampler_v1+joint_combo_pmf_v1+role_aware_pmf_cal_v1:rotation+monotone_pit_cdf_v1]+stat_grid_final_component_convolution_mean_coherent_v1",phase8_role_aware_pmf_cal_v1+monotone_inactive_global_v1,rotation,projected_minutes,high,22.5514,21.9169,10.2327,21.9169,31.3872,8.3936,0.05,0.8866,0.1937,rotation,True,current_market_line,True,fliff,fliff,player_pr_over_under,14.5,14.5,0.5015,-115.0,-125.0,0.4905,0.5095,0.4985,-101.0,101.0,0.011,0.011,-0.011,2026-05-24T16:09:59.066825Z,full,provisional,lineup_unconfirmed,fallback_used,projected,derived_from_projected_minutes,ok,finals_pending,current_phase8,ok,0.0,projected,not_available_yet,bdl_lineup_freshness_manifest,bdl_plus_nba_official,2026-05-24T16:10:20Z
morning,2026-05-24T16:11:10Z,2026-05-24,21713531,89,Alex Caruso,OKC,SAS,False,pr,"{""0"": 0.000623987780368753, ""1"": 0.0020319138515440824, ""2"": 0.004690055200976336, ""3"": 0.00966206493846575, ""4"": 0.01610708149946455, ""5"": 0.022202653861090133, ""6"": 0.027432742533712123, ""7"": 0.032443226955128135, ""8"": 0.03822399594419941, ""9"": 0.044462390433798404, ""10"": 0.05042341799076554, ""11"": 0.056354371374003516, ""12"": 0.06183175236025254, ""13"": 0.06557443563649042, ""14"": 0.0664204922042572, ""15"": 0.06383644053484135, ""16"": 0.05941762909457042, ""17"": 0.05460832006850662, ""18"": 0.04914450950889049, ""19"": 0.04447650284536638, ""20"": 0.04083570253602493, ""21"": 0.03617438689777824, ""22"": 0.030555133646429405, ""23"": 0.02535089650148018, ""24"": 0.020543981384335285, ""25"": 0.016531790770422803, ""26"": 0.013867862685688811, ""27"": 0.012022078092846703, ""28"": 0.01000338660423642, ""29"": 0.007654523200614258, ""30"": 0.005381580458279022, ""31"": 0.003497691288178647, ""32"": 0.0021312279663193053, ""33"": 0.0012727565351987546, ""34"": 0.0007880689640611336, ""35"": 0.0005590613617768484, ""36"": 0.00043093597799176447, ""37"": 0.0003509310957546795, ""38"": 0.0003270437377607987, ""39"": 0.00032035503801903007, ""40"": 0.00033075788715939314, ""41"": 0.0003277026931701722, ""42"": 0.00027194218613266625, ""43"": 0.0001917732232948941, ""44"": 0.00011705855567436556, ""45"": 6.37219250744623e-05, ""46"": 3.30448808255813e-05, ""47"": 1.9680864367606846e-05, ""48"": 1.6554494072439497e-05, ""49"": 1.5649877749133236e-05, ""50"": 1.4978169790786182e-05, ""51"": 1.290513660549945e-05, ""52"": 8.657317672063219e-06, ""53"": 4.928950434864165e-06, ""54"": 2.2737669583331244e-06, ""55"": 7.454859061772305e-07, ""56"": 1.8638132086383927e-07, ""57"": 4.069321769225085e-08, ""58"": 1.3610785254508815e-08, ""59"": 3.610848054454701e-09, ""60"": 8.45631948539303e-10, ""61"": 6.232775556214669e-11, ""62"": 1.54325080247522e-11, ""63"": 2.573572995991628e-12, ""64"": 1.924347374752698e-12, ""65"": 7.932331096878012e-14, ""66"": 1.0811493267200228e-12, ""67"": 3.5471898265423015e-301, ""68"": 3.3407500725026512e-301, ""69"": 3.1416469691593452e-301, ""70"": 2.9500176510216792e-301, ""71"": 2.765958673521069e-301, ""72"": 2.5895279282843227e-301, ""73"": 2.4207467204015588e-301, ""74"": 2.2596019783707444e-301, ""75"": 2.1060485688185762e-301, ""76"": 1.960011689121978e-301, ""77"": 1.8213893121171291e-301, ""78"": 1.690054658313173e-301, ""79"": 1.5658586724417326e-301, ""80"": 1.448632482752075e-301, ""81"": 1.3095202946006281e-301, ""82"": 1.1547252218163956e-301, ""83"": 9.608713250042229e-302, ""84"": 6.939568424074443e-302, ""85"": 4.207365816499475e-302, ""86"": 2.1798643132352349e-302, ""87"": 9.020727367700329e-303, ""88"": 2.7663528279594342e-303, ""89"": 6.7389413488291265e-304, ""90"": 1.6172139455295072e-304, ""91"": 5.093394705841371e-305, ""92"": 1.3106101918931364e-305, ""93"": 2.6447631860329518e-306, ""94"": 2.3061164961585233e-307, ""95"": 5.719367354091979e-308, ""96"": 1.384893293019726e-308, ""97"": 6.142858268594077e-309, ""98"": 3.62162648470969e-309, ""99"": 3.118931409293143e-309}",14.9939,14.9939,15,14,0.0006,0.9994,0.9973,0.9927,0.983,0.9669,0.9447,0.9172,0.8848,0.8466,0.8021,0.7517,0.6953,0.6335,0.5679,0.5015,0.4377,0.3783,0.3237,0.2745,0.23,614c522d#phase10c,"stat_grid:component_convolution_mean_coherent_v1+components[pts:pmf_sim_v1+role_aware_pmf_cal_v1:rotation+monotone_pit_cdf_v1,reb:pmf_sim_v1+role_aware_pmf_cal_v1:rotation+monotone_pit_cdf_v1]+prior_combo[joint_sampler_v1+joint_combo_pmf_v1+role_aware_pmf_cal_v1:rotation+monotone_pit_cdf_v1]+stat_grid_final_component_convolution_mean_coherent_v1",phase8_role_aware_pmf_cal_v1+monotone_inactive_global_v1,rotation,projected_minutes,high,22.5514,21.9169,10.2327,21.9169,31.3872,8.3936,0.05,0.8866,0.1937,rotation,True,current_market_line,True,hardrockbet_az,hardrockbet_az,player_pr_over_under,14.5,14.5,0.5015,-110.0,-120.0,0.4899,0.5101,0.4985,-101.0,101.0,0.0116,0.0116,-0.0116,2026-05-24T16:09:59.066825Z,full,provisional,lineup_unconfirmed,fallback_used,projected,derived_from_projected_minutes,ok,finals_pending,current_phase8,ok,0.0,projected,not_available_yet,bdl_lineup_freshness_manifest,bdl_plus_nba_official,2026-05-24T16:10:20Z
morning,2026-05-24T16:11:10Z,2026-05-24,21713531,89,Alex Caruso,OKC,SAS,False,pr,"{""0"": 0.000623987780368753, ""1"": 0.0020319138515440824, ""2"": 0.004690055200976336, ""3"": 0.00966206493846575, ""4"": 0.01610708149946455, ""5"": 0.022202653861090133, ""6"": 0.027432742533712123, ""7"": 0.032443226955128135, ""8"": 0.03822399594419941, ""9"": 0.044462390433798404, ""10"": 0.05042341799076554, ""11"": 0.056354371374003516, ""12"": 0.06183175236025254, ""13"": 0.06557443563649042, ""14"": 0.0664204922042572, ""15"": 0.06383644053484135, ""16"": 0.05941762909457042, ""17"": 0.05460832006850662, ""18"": 0.04914450950889049, ""19"": 0.04447650284536638, ""20"": 0.04083570253602493, ""21"": 0.03617438689777824, ""22"": 0.030555133646429405, ""23"": 0.02535089650148018, ""24"": 0.020543981384335285, ""25"": 0.016531790770422803, ""26"": 0.013867862685688811, ""27"": 0.012022078092846703, ""28"": 0.01000338660423642, ""29"": 0.007654523200614258, ""30"": 0.005381580458279022, ""31"": 0.003497691288178647, ""32"": 0.0021312279663193053, ""33"": 0.0012727565351987546, ""34"": 0.0007880689640611336, ""35"": 0.0005590613617768484, ""36"": 0.00043093597799176447, ""37"": 0.0003509310957546795, ""38"": 0.0003270437377607987, ""39"": 0.00032035503801903007, ""40"": 0.00033075788715939314, ""41"": 0.0003277026931701722, ""42"": 0.00027194218613266625, ""43"": 0.0001917732232948941, ""44"": 0.00011705855567436556, ""45"": 6.37219250744623e-05, ""46"": 3.30448808255813e-05, ""47"": 1.9680864367606846e-05, ""48"": 1.6554494072439497e-05, ""49"": 1.5649877749133236e-05, ""50"": 1.4978169790786182e-05, ""51"": 1.290513660549945e-05, ""52"": 8.657317672063219e-06, ""53"": 4.928950434864165e-06, ""54"": 2.2737669583331244e-06, ""55"": 7.454859061772305e-07, ""56"": 1.8638132086383927e-07, ""57"": 4.069321769225085e-08, ""58"": 1.3610785254508815e-08, ""59"": 3.610848054454701e-09, ""60"": 8.45631948539303e-10, ""61"": 6.232775556214669e-11, ""62"": 1.54325080247522e-11, ""63"": 2.573572995991628e-12, ""64"": 1.924347374752698e-12, ""65"": 7.932331096878012e-14, ""66"": 1.0811493267200228e-12, ""67"": 3.5471898265423015e-301, ""68"": 3.3407500725026512e-301, ""69"": 3.1416469691593452e-301, ""70"": 2.9500176510216792e-301, ""71"": 2.765958673521069e-301, ""72"": 2.5895279282843227e-301, ""73"": 2.4207467204015588e-301, ""74"": 2.2596019783707444e-301, ""75"": 2.1060485688185762e-301, ""76"": 1.960011689121978e-301, ""77"": 1.8213893121171291e-301, ""78"": 1.690054658313173e-301, ""79"": 1.5658586724417326e-301, ""80"": 1.448632482752075e-301, ""81"": 1.3095202946006281e-301, ""82"": 1.1547252218163956e-301, ""83"": 9.608713250042229e-302, ""84"": 6.939568424074443e-302, ""85"": 4.207365816499475e-302, ""86"": 2.1798643132352349e-302, ""87"": 9.020727367700329e-303, ""88"": 2.7663528279594342e-303, ""89"": 6.7389413488291265e-304, ""90"": 1.6172139455295072e-304, ""91"": 5.093394705841371e-305, ""92"": 1.3106101918931364e-305, ""93"": 2.6447631860329518e-306, ""94"": 2.3061164961585233e-307, ""95"": 5.719367354091979e-308, ""96"": 1.384893293019726e-308, ""97"": 6.142858268594077e-309, ""98"": 3.62162648470969e-309, ""99"": 3.118931409293143e-309}",14.9939,14.9939,15,14,0.0006,0.9994,0.9973,0.9927,0.983,0.9669,0.9447,0.9172,0.8848,0.8466,0.8021,0.7517,0.6953,0.6335,0.5679,0.5015,0.4377,0.3783,0.3237,0.2745,0.23,614c522d#phase10c,"stat_grid:component_convolution_mean_coherent_v1+components[pts:pmf_sim_v1+role_aware_pmf_cal_v1:rotation+monotone_pit_cdf_v1,reb:pmf_sim_v1+role_aware_pmf_cal_v1:rotation+monotone_pit_cdf_v1]+prior_combo[joint_sampler_v1+joint_combo_pmf_v1+role_aware_pmf_cal_v1:rotation+monotone_pit_cdf_v1]+stat_grid_final_component_convolution_mean_coherent_v1",phase8_role_aware_pmf_cal_v1+monotone_inactive_global_v1,rotation,projected_minutes,high,22.5514,21.9169,10.2327,21.9169,31.3872,8.3936,0.05,0.8866,0.1937,rotation,True,current_market_line,True,hardrockbet,hardrockbet,player_pr_over_under,14.5,14.5,0.5015,-110.0,-120.0,0.4899,0.5101,0.4985,-101.0,101.0,0.0116,0.0116,-0.0116,2026-05-24T16:09:59.066825Z,full,provisional,lineup_unconfirmed,fallback_used,projected,derived_from_projected_minutes,ok,finals_pending,current_phase8,ok,0.0,projected,not_available_yet,bdl_lineup_freshness_manifest,bdl_plus_nba_official,2026-05-24T16:10:20Z
morning,2026-05-24T16:11:10Z,2026-05-24,21713531,89,Alex Caruso,OKC,SAS,False,ra,"{""0"": 0.004796974345375757, ""1"": 0.013229810109491867, ""2"": 0.03315710842706486, ""3"": 0.06931931540594745, ""4"": 0.11057059346351752, ""5"": 0.14776484060579148, ""6"": 0.16835330246742278, ""7"": 0.15799997650516356, ""8"": 0.12406014756318343, ""9"": 0.08335502902871923, ""10"": 0.047846817914162745, ""11"": 0.023528393247809667, ""12"": 0.01010092132464252, ""13"": 0.003891690722619182, ""14"": 0.0013758846758707202, ""15"": 0.0004484652639595715, ""16"": 0.00013744783836407967, ""17"": 4.247762605597881e-05, ""18"": 1.3850637846902579e-05, ""19"": 4.721551334369757e-06, ""20"": 1.55469053513645e-06, ""21"": 4.833309430937011e-07, ""22"": 1.3937535305610606e-07, ""23"": 3.879632242739466e-08, ""24"": 1.0985400559678544e-08, ""25"": 3.0678071806114116e-09, ""26"": 8.012796930238474e-10, ""27"": 1.7501038138481296e-10, ""28"": 3.1109507479659086e-11, ""29"": 1.1760502053052758e-11, ""30"": 5.3701383099283046e-12, ""31"": 2.7820533569287768e-12, ""32"": 1.420683629349702e-12, ""33"": 4.2650772846975384e-13, ""34"": 1.046011676837737e-13, ""35"": 2.1262913706285257e-14, ""36"": 6.933966433882252e-15, ""37"": 2.090238480240737e-15, ""38"": 4.517771573453487e-16, ""39"": 3.178718428633878e-17, ""40"": 7.954587404611884e-18, ""41"": 1.354745458615545e-18, ""42"": 4.1680721863504785e-19, ""43"": 4.318277258862076e-20, ""44"": 5.885662731408951e-19, ""45"": 5.80660833e-316, ""46"": 1.37404374e-316, ""47"": 2.9681616e-317, ""48"": 5.85143e-318, ""49"": 1.052444e-318, ""50"": 1.72745e-319, ""51"": 2.587e-320, ""52"": 3.533e-321, ""53"": 4.4e-322, ""54"": 5e-323, ""55"": 5e-324}",6.2658,6.2658,6,6,0.0048,0.9952,0.982,0.9488,0.8795,0.7689,0.6212,0.4528,0.2948,0.1707,0.0874,0.0395,0.016,0.0059,0.002,0.0006,0.0002,0.0001,0.0,0.0,0.0,614c522d#phase10c,"stat_grid:component_convolution_mean_coherent_v1+components[reb:pmf_sim_v1+role_aware_pmf_cal_v1:rotation+monotone_pit_cdf_v1,ast:pmf_sim_v1+role_aware_pmf_cal_v1:rotation+monotone_pit_cdf_v1]+prior_combo[joint_sampler_v1+joint_combo_pmf_v1+role_aware_pmf_cal_v1:rotation+monotone_pit_cdf_v1]+stat_grid_final_component_convolution_mean_coherent_v1",phase8_role_aware_pmf_cal_v1+monotone_inactive_global_v1,rotation,projected_minutes,high,22.5514,21.9169,10.2327,21.9169,31.3872,8.3936,0.05,0.8866,0.1937,rotation,True,current_market_line,True,bovada,bovada,player_ra_over_under,4.5,4.5,0.7689,-220.0,165.0,0.6456,0.3544,0.2311,-333.0,333.0,0.1233,0.1233,-0.1233,2026-05-24T16:09:59.066825Z,full,provisional,lineup_unconfirmed,fallback_used,projected,derived_from_projected_minutes,ok,finals_pending,current_phase8,ok,0.0,projected,not_available_yet,bdl_lineup_freshness_manifest,bdl_plus_nba_official,2026-05-24T16:10:20Z
morning,2026-05-24T16:11:10Z,2026-05-24,21713531,89,Alex Caruso,OKC,SAS,False,ra,"{""0"": 0.004796974345375757, ""1"": 0.013229810109491867, ""2"": 0.03315710842706486, ""3"": 0.06931931540594745, ""4"": 0.11057059346351752, ""5"": 0.14776484060579148, ""6"": 0.16835330246742278, ""7"": 0.15799997650516356, ""8"": 0.12406014756318343, ""9"": 0.08335502902871923, ""10"": 0.047846817914162745, ""11"": 0.023528393247809667, ""12"": 0.01010092132464252, ""13"": 0.003891690722619182, ""14"": 0.0013758846758707202, ""15"": 0.0004484652639595715, ""16"": 0.00013744783836407967, ""17"": 4.247762605597881e-05, ""18"": 1.3850637846902579e-05, ""19"": 4.721551334369757e-06, ""20"": 1.55469053513645e-06, ""21"": 4.833309430937011e-07, ""22"": 1.3937535305610606e-07, ""23"": 3.879632242739466e-08, ""24"": 1.0985400559678544e-08, ""25"": 3.0678071806114116e-09, ""26"": 8.012796930238474e-10, ""27"": 1.7501038138481296e-10, ""28"": 3.1109507479659086e-11, ""29"": 1.1760502053052758e-11, ""30"": 5.3701383099283046e-12, ""31"": 2.7820533569287768e-12, ""32"": 1.420683629349702e-12, ""33"": 4.2650772846975384e-13, ""34"": 1.046011676837737e-13, ""35"": 2.1262913706285257e-14, ""36"": 6.933966433882252e-15, ""37"": 2.090238480240737e-15, ""38"": 4.517771573453487e-16, ""39"": 3.178718428633878e-17, ""40"": 7.954587404611884e-18, ""41"": 1.354745458615545e-18, ""42"": 4.1680721863504785e-19, ""43"": 4.318277258862076e-20, ""44"": 5.885662731408951e-19, ""45"": 5.80660833e-316, ""46"": 1.37404374e-316, ""47"": 2.9681616e-317, ""48"": 5.85143e-318, ""49"": 1.052444e-318, ""50"": 1.72745e-319, ""51"": 2.587e-320, ""52"": 3.533e-321, ""53"": 4.4e-322, ""54"": 5e-323, ""55"": 5e-324}",6.2658,6.2658,6,6,0.0048,0.9952,0.982,0.9488,0.8795,0.7689,0.6212,0.4528,0.2948,0.1707,0.0874,0.0395,0.016,0.0059,0.002,0.0006,0.0002,0.0001,0.0,0.0,0.0,614c522d#phase10c,"stat_grid:component_convolution_mean_coherent_v1+components[reb:pmf_sim_v1+role_aware_pmf_cal_v1:rotation+monotone_pit_cdf_v1,ast:pmf_sim_v1+role_aware_pmf_cal_v1:rotation+monotone_pit_cdf_v1]+prior_combo[joint_sampler_v1+joint_combo_pmf_v1+role_aware_pmf_cal_v1:rotation+monotone_pit_cdf_v1]+stat_grid_final_component_convolution_mean_coherent_v1",phase8_role_aware_pmf_cal_v1+monotone_inactive_global_v1,rotation,projected_minutes,high,22.5514,21.9169,10.2327,21.9169,31.3872,8.3936,0.05,0.8866,0.1937,rotation,True,current_market_line,True,bovada,bovada,player_ra_over_under,5.5,5.5,0.6212,-120.0,-110.0,0.5101,0.4899,0.3788,-164.0,164.0,0.111,0.111,-0.111,2026-05-24T16:09:59.066825Z,full,provisional,lineup_unconfirmed,fallback_used,projected,derived_from_projected_minutes,ok,finals_pending,current_phase8,ok,0.0,projected,not_available_yet,bdl_lineup_freshness_manifest,bdl_plus_nba_official,2026-05-24T16:10:20Z
morning,2026-05-24T16:11:10Z,2026-05-24,21713531,89,Alex Caruso,OKC,SAS,False,ra,"{""0"": 0.004796974345375757, ""1"": 0.013229810109491867, ""2"": 0.03315710842706486, ""3"": 0.06931931540594745, ""4"": 0.11057059346351752, ""5"": 0.14776484060579148, ""6"": 0.16835330246742278, ""7"": 0.15799997650516356, ""8"": 0.12406014756318343, ""9"": 0.08335502902871923, ""10"": 0.047846817914162745, ""11"": 0.023528393247809667, ""12"": 0.01010092132464252, ""13"": 0.003891690722619182, ""14"": 0.0013758846758707202, ""15"": 0.0004484652639595715, ""16"": 0.00013744783836407967, ""17"": 4.247762605597881e-05, ""18"": 1.3850637846902579e-05, ""19"": 4.721551334369757e-06, ""20"": 1.55469053513645e-06, ""21"": 4.833309430937011e-07, ""22"": 1.3937535305610606e-07, ""23"": 3.879632242739466e-08, ""24"": 1.0985400559678544e-08, ""25"": 3.0678071806114116e-09, ""26"": 8.012796930238474e-10, ""27"": 1.7501038138481296e-10, ""28"": 3.1109507479659086e-11, ""29"": 1.1760502053052758e-11, ""30"": 5.3701383099283046e-12, ""31"": 2.7820533569287768e-12, ""32"": 1.420683629349702e-12, ""33"": 4.2650772846975384e-13, ""34"": 1.046011676837737e-13, ""35"": 2.1262913706285257e-14, ""36"": 6.933966433882252e-15, ""37"": 2.090238480240737e-15, ""38"": 4.517771573453487e-16, ""39"": 3.178718428633878e-17, ""40"": 7.954587404611884e-18, ""41"": 1.354745458615545e-18, ""42"": 4.1680721863504785e-19, ""43"": 4.318277258862076e-20, ""44"": 5.885662731408951e-19, ""45"": 5.80660833e-316, ""46"": 1.37404374e-316, ""47"": 2.9681616e-317, ""48"": 5.85143e-318, ""49"": 1.052444e-318, ""50"": 1.72745e-319, ""51"": 2.587e-320, ""52"": 3.533e-321, ""53"": 4.4e-322, ""54"": 5e-323, ""55"": 5e-324}",6.2658,6.2658,6,6,0.0048,0.9952,0.982,0.9488,0.8795,0.7689,0.6212,0.4528,0.2948,0.1707,0.0874,0.0395,0.016,0.0059,0.002,0.0006,0.0002,0.0001,0.0,0.0,0.0,614c522d#phase10c,"stat_grid:component_convolution_mean_coherent_v1+components[reb:pmf_sim_v1+role_aware_pmf_cal_v1:rotation+monotone_pit_cdf_v1,ast:pmf_sim_v1+role_aware_pmf_cal_v1:rotation+monotone_pit_cdf_v1]+prior_combo[joint_sampler_v1+joint_combo_pmf_v1+role_aware_pmf_cal_v1:rotation+monotone_pit_cdf_v1]+stat_grid_final_component_convolution_mean_coherent_v1",phase8_role_aware_pmf_cal_v1+monotone_inactive_global_v1,rotation,projected_minutes,high,22.5514,21.9169,10.2327,21.9169,31.3872,8.3936,0.05,0.8866,0.1937,rotation,True,current_market_line,True,bovada,bovada,player_ra_over_under,6.5,6.5,0.4528,145.0,-190.0,0.3839,0.6161,0.5472,121.0,-121.0,0.069,0.069,-0.069,2026-05-24T16:09:59.066825Z,full,provisional,lineup_unconfirmed,fallback_used,projected,derived_from_projected_minutes,ok,finals_pending,current_phase8,ok,0.0,projected,not_available_yet,bdl_lineup_freshness_manifest,bdl_plus_nba_official,2026-05-24T16:10:20Z
morning,2026-05-24T16:11:10Z,2026-05-24,21713531,89,Alex Caruso,OKC,SAS,False,ra,"{""0"": 0.004796974345375757, ""1"": 0.013229810109491867, ""2"": 0.03315710842706486, ""3"": 0.06931931540594745, ""4"": 0.11057059346351752, ""5"": 0.14776484060579148, ""6"": 0.16835330246742278, ""7"": 0.15799997650516356, ""8"": 0.12406014756318343, ""9"": 0.08335502902871923, ""10"": 0.047846817914162745, ""11"": 0.023528393247809667, ""12"": 0.01010092132464252, ""13"": 0.003891690722619182, ""14"": 0.0013758846758707202, ""15"": 0.0004484652639595715, ""16"": 0.00013744783836407967, ""17"": 4.247762605597881e-05, ""18"": 1.3850637846902579e-05, ""19"": 4.721551334369757e-06, ""20"": 1.55469053513645e-06, ""21"": 4.833309430937011e-07, ""22"": 1.3937535305610606e-07, ""23"": 3.879632242739466e-08, ""24"": 1.0985400559678544e-08, ""25"": 3.0678071806114116e-09, ""26"": 8.012796930238474e-10, ""27"": 1.7501038138481296e-10, ""28"": 3.1109507479659086e-11, ""29"": 1.1760502053052758e-11, ""30"": 5.3701383099283046e-12, ""31"": 2.7820533569287768e-12, ""32"": 1.420683629349702e-12, ""33"": 4.2650772846975384e-13, ""34"": 1.046011676837737e-13, ""35"": 2.1262913706285257e-14, ""36"": 6.933966433882252e-15, ""37"": 2.090238480240737e-15, ""38"": 4.517771573453487e-16, ""39"": 3.178718428633878e-17, ""40"": 7.954587404611884e-18, ""41"": 1.354745458615545e-18, ""42"": 4.1680721863504785e-19, ""43"": 4.318277258862076e-20, ""44"": 5.885662731408951e-19, ""45"": 5.80660833e-316, ""46"": 1.37404374e-316, ""47"": 2.9681616e-317, ""48"": 5.85143e-318, ""49"": 1.052444e-318, ""50"": 1.72745e-319, ""51"": 2.587e-320, ""52"": 3.533e-321, ""53"": 4.4e-322, ""54"": 5e-323, ""55"": 5e-324}",6.2658,6.2658,6,6,0.0048,0.9952,0.982,0.9488,0.8795,0.7689,0.6212,0.4528,0.2948,0.1707,0.0874,0.0395,0.016,0.0059,0.002,0.0006,0.0002,0.0001,0.0,0.0,0.0,614c522d#phase10c,"stat_grid:component_convolution_mean_coherent_v1+components[reb:pmf_sim_v1+role_aware_pmf_cal_v1:rotation+monotone_pit_cdf_v1,ast:pmf_sim_v1+role_aware_pmf_cal_v1:rotation+monotone_pit_cdf_v1]+prior_combo[joint_sampler_v1+joint_combo_pmf_v1+role_aware_pmf_cal_v1:rotation+monotone_pit_cdf_v1]+stat_grid_final_component_convolution_mean_coherent_v1",phase8_role_aware_pmf_cal_v1+monotone_inactive_global_v1,rotation,projected_minutes,high,22.5514,21.9169,10.2327,21.9169,31.3872,8.3936,0.05,0.8866,0.1937,rotation,True,current_market_line,True,fanduel,fanduel,player_ra_over_under,3.5,3.5,0.8795,-470.0,310.0,0.7717,0.2283,0.1205,-730.0,730.0,0.1078,0.1078,-0.1078,2026-05-24T16:09:59.066825Z,full,provisional,lineup_unconfirmed,fallback_used,projected,derived_from_projected_minutes,ok,finals_pending,current_phase8,ok,0.0,projected,not_available_yet,bdl_lineup_freshness_manifest,bdl_plus_nba_official,2026-05-24T16:10:20Z
morning,2026-05-24T16:11:10Z,2026-05-24,21713531,89,Alex Caruso,OKC,SAS,False,ra,"{""0"": 0.004796974345375757, ""1"": 0.013229810109491867, ""2"": 0.03315710842706486, ""3"": 0.06931931540594745, ""4"": 0.11057059346351752, ""5"": 0.14776484060579148, ""6"": 0.16835330246742278, ""7"": 0.15799997650516356, ""8"": 0.12406014756318343, ""9"": 0.08335502902871923, ""10"": 0.047846817914162745, ""11"": 0.023528393247809667, ""12"": 0.01010092132464252, ""13"": 0.003891690722619182, ""14"": 0.0013758846758707202, ""15"": 0.0004484652639595715, ""16"": 0.00013744783836407967, ""17"": 4.247762605597881e-05, ""18"": 1.3850637846902579e-05, ""19"": 4.721551334369757e-06, ""20"": 1.55469053513645e-06, ""21"": 4.833309430937011e-07, ""22"": 1.3937535305610606e-07, ""23"": 3.879632242739466e-08, ""24"": 1.0985400559678544e-08, ""25"": 3.0678071806114116e-09, ""26"": 8.012796930238474e-10, ""27"": 1.7501038138481296e-10, ""28"": 3.1109507479659086e-11, ""29"": 1.1760502053052758e-11, ""30"": 5.3701383099283046e-12, ""31"": 2.7820533569287768e-12, ""32"": 1.420683629349702e-12, ""33"": 4.2650772846975384e-13, ""34"": 1.046011676837737e-13, ""35"": 2.1262913706285257e-14, ""36"": 6.933966433882252e-15, ""37"": 2.090238480240737e-15, ""38"": 4.517771573453487e-16, ""39"": 3.178718428633878e-17, ""40"": 7.954587404611884e-18, ""41"": 1.354745458615545e-18, ""42"": 4.1680721863504785e-19, ""43"": 4.318277258862076e-20, ""44"": 5.885662731408951e-19, ""45"": 5.80660833e-316, ""46"": 1.37404374e-316, ""47"": 2.9681616e-317, ""48"": 5.85143e-318, ""49"": 1.052444e-318, ""50"": 1.72745e-319, ""51"": 2.587e-320, ""52"": 3.533e-321, ""53"": 4.4e-322, ""54"": 5e-323, ""55"": 5e-324}",6.2658,6.2658,6,6,0.0048,0.9952,0.982,0.9488,0.8795,0.7689,0.6212,0.4528,0.2948,0.1707,0.0874,0.0395,0.016,0.0059,0.002,0.0006,0.0002,0.0001,0.0,0.0,0.0,614c522d#phase10c,"stat_grid:component_convolution_mean_coherent_v1+components[reb:pmf_sim_v1+role_aware_pmf_cal_v1:rotation+monotone_pit_cdf_v1,ast:pmf_sim_v1+role_aware_pmf_cal_v1:rotation+monotone_pit_cdf_v1]+prior_combo[joint_sampler_v1+joint_combo_pmf_v1+role_aware_pmf_cal_v1:rotation+monotone_pit_cdf_v1]+stat_grid_final_component_convolution_mean_coherent_v1",phase8_role_aware_pmf_cal_v1+monotone_inactive_global_v1,rotation,projected_minutes,high,22.5514,21.9169,10.2327,21.9169,31.3872,8.3936,0.05,0.8866,0.1937,rotation,True,current_market_line,True,fanduel,fanduel,player_ra_over_under,4.5,4.5,0.7689,-220.0,162.0,0.643,0.357,0.2311,-333.0,333.0,0.1259,0.1259,-0.1259,2026-05-24T16:09:59.066825Z,full,provisional,lineup_unconfirmed,fallback_used,projected,derived_from_projected_minutes,ok,finals_pending,current_phase8,ok,0.0,projected,not_available_yet,bdl_lineup_freshness_manifest,bdl_plus_nba_official,2026-05-24T16:10:20Z
morning,2026-05-24T16:11:10Z,2026-05-24,21713531,89,Alex Caruso,OKC,SAS,False,ra,"{""0"": 0.004796974345375757, ""1"": 0.013229810109491867, ""2"": 0.03315710842706486, ""3"": 0.06931931540594745, ""4"": 0.11057059346351752, ""5"": 0.14776484060579148, ""6"": 0.16835330246742278, ""7"": 0.15799997650516356, ""8"": 0.12406014756318343, ""9"": 0.08335502902871923, ""10"": 0.047846817914162745, ""11"": 0.023528393247809667, ""12"": 0.01010092132464252, ""13"": 0.003891690722619182, ""14"": 0.0013758846758707202, ""15"": 0.0004484652639595715, ""16"": 0.00013744783836407967, ""17"": 4.247762605597881e-05, ""18"": 1.3850637846902579e-05, ""19"": 4.721551334369757e-06, ""20"": 1.55469053513645e-06, ""21"": 4.833309430937011e-07, ""22"": 1.3937535305610606e-07, ""23"": 3.879632242739466e-08, ""24"": 1.0985400559678544e-08, ""25"": 3.0678071806114116e-09, ""26"": 8.012796930238474e-10, ""27"": 1.7501038138481296e-10, ""28"": 3.1109507479659086e-11, ""29"": 1.1760502053052758e-11, ""30"": 5.3701383099283046e-12, ""31"": 2.7820533569287768e-12, ""32"": 1.420683629349702e-12, ""33"": 4.2650772846975384e-13, ""34"": 1.046011676837737e-13, ""35"": 2.1262913706285257e-14, ""36"": 6.933966433882252e-15, ""37"": 2.090238480240737e-15, ""38"": 4.517771573453487e-16, ""39"": 3.178718428633878e-17, ""40"": 7.954587404611884e-18, ""41"": 1.354745458615545e-18, ""42"": 4.1680721863504785e-19, ""43"": 4.318277258862076e-20, ""44"": 5.885662731408951e-19, ""45"": 5.80660833e-316, ""46"": 1.37404374e-316, ""47"": 2.9681616e-317, ""48"": 5.85143e-318, ""49"": 1.052444e-318, ""50"": 1.72745e-319, ""51"": 2.587e-320, ""52"": 3.533e-321, ""53"": 4.4e-322, ""54"": 5e-323, ""55"": 5e-324}",6.2658,6.2658,6,6,0.0048,0.9952,0.982,0.9488,0.8795,0.7689,0.6212,0.4528,0.2948,0.1707,0.0874,0.0395,0.016,0.0059,0.002,0.0006,0.0002,0.0001,0.0,0.0,0.0,614c522d#phase10c,"stat_grid:component_convolution_mean_coherent_v1+components[reb:pmf_sim_v1+role_aware_pmf_cal_v1:rotation+monotone_pit_cdf_v1,ast:pmf_sim_v1+role_aware_pmf_cal_v1:rotation+monotone_pit_cdf_v1]+prior_combo[joint_sampler_v1+joint_combo_pmf_v1+role_aware_pmf_cal_v1:rotation+monotone_pit_cdf_v1]+stat_grid_final_component_convolution_mean_coherent_v1",phase8_role_aware_pmf_cal_v1+monotone_inactive_global_v1,rotation,projected_minutes,high,22.5514,21.9169,10.2327,21.9169,31.3872,8.3936,0.05,0.8866,0.1937,rotation,True,current_market_line,True,fanduel,fanduel,player_ra_over_under,5.5,5.5,0.6212,-114.0,-114.0,0.5,0.5,0.3788,-164.0,164.0,0.1212,0.1212,-0.1212,2026-05-24T16:09:59.066825Z,full,provisional,lineup_unconfirmed,fallback_used,projected,derived_from_projected_minutes,ok,finals_pending,current_phase8,ok,0.0,projected,not_available_yet,bdl_lineup_freshness_manifest,bdl_plus_nba_official,2026-05-24T16:10:20Z
morning,2026-05-24T16:11:10Z,2026-05-24,21713531,89,Alex Caruso,OKC,SAS,False,ra,"{""0"": 0.004796974345375757, ""1"": 0.013229810109491867, ""2"": 0.03315710842706486, ""3"": 0.06931931540594745, ""4"": 0.11057059346351752, ""5"": 0.14776484060579148, ""6"": 0.16835330246742278, ""7"": 0.15799997650516356, ""8"": 0.12406014756318343, ""9"": 0.08335502902871923, ""10"": 0.047846817914162745, ""11"": 0.023528393247809667, ""12"": 0.01010092132464252, ""13"": 0.003891690722619182, ""14"": 0.0013758846758707202, ""15"": 0.0004484652639595715, ""16"": 0.00013744783836407967, ""17"": 4.247762605597881e-05, ""18"": 1.3850637846902579e-05, ""19"": 4.721551334369757e-06, ""20"": 1.55469053513645e-06, ""21"": 4.833309430937011e-07, ""22"": 1.3937535305610606e-07, ""23"": 3.879632242739466e-08, ""24"": 1.0985400559678544e-08, ""25"": 3.0678071806114116e-09, ""26"": 8.012796930238474e-10, ""27"": 1.7501038138481296e-10, ""28"": 3.1109507479659086e-11, ""29"": 1.1760502053052758e-11, ""30"": 5.3701383099283046e-12, ""31"": 2.7820533569287768e-12, ""32"": 1.420683629349702e-12, ""33"": 4.2650772846975384e-13, ""34"": 1.046011676837737e-13, ""35"": 2.1262913706285257e-14, ""36"": 6.933966433882252e-15, ""37"": 2.090238480240737e-15, ""38"": 4.517771573453487e-16, ""39"": 3.178718428633878e-17, ""40"": 7.954587404611884e-18, ""41"": 1.354745458615545e-18, ""42"": 4.1680721863504785e-19, ""43"": 4.318277258862076e-20, ""44"": 5.885662731408951e-19, ""45"": 5.80660833e-316, ""46"": 1.37404374e-316, ""47"": 2.9681616e-317, ""48"": 5.85143e-318, ""49"": 1.052444e-318, ""50"": 1.72745e-319, ""51"": 2.587e-320, ""52"": 3.533e-321, ""53"": 4.4e-322, ""54"": 5e-323, ""55"": 5e-324}",6.2658,6.2658,6,6,0.0048,0.9952,0.982,0.9488,0.8795,0.7689,0.6212,0.4528,0.2948,0.1707,0.0874,0.0395,0.016,0.0059,0.002,0.0006,0.0002,0.0001,0.0,0.0,0.0,614c522d#phase10c,"stat_grid:component_convolution_mean_coherent_v1+components[reb:pmf_sim_v1+role_aware_pmf_cal_v1:rotation+monotone_pit_cdf_v1,ast:pmf_sim_v1+role_aware_pmf_cal_v1:rotation+monotone_pit_cdf_v1]+prior_combo[joint_sampler_v1+joint_combo_pmf_v1+role_aware_pmf_cal_v1:rotation+monotone_pit_cdf_v1]+stat_grid_final_component_convolution_mean_coherent_v1",phase8_role_aware_pmf_cal_v1+monotone_inactive_global_v1,rotation,projected_minutes,high,22.5514,21.9169,10.2327,21.9169,31.3872,8.3936,0.05,0.8866,0.1937,rotation,True,current_market_line,True,fanduel,fanduel,player_ra_over_under,6.5,6.5,0.4528,162.0,-220.0,0.357,0.643,0.5472,121.0,-121.0,0.0958,0.0958,-0.0958,2026-05-24T16:09:59.066825Z,full,provisional,lineup_unconfirmed,fallback_used,projected,derived_from_projected_minutes,ok,finals_pending,current_phase8,ok,0.0,projected,not_available_yet,bdl_lineup_freshness_manifest,bdl_plus_nba_official,2026-05-24T16:10:20Z
morning,2026-05-24T16:11:10Z,2026-05-24,21713531,89,Alex Caruso,OKC,SAS,False,ra,"{""0"": 0.004796974345375757, ""1"": 0.013229810109491867, ""2"": 0.03315710842706486, ""3"": 0.06931931540594745, ""4"": 0.11057059346351752, ""5"": 0.14776484060579148, ""6"": 0.16835330246742278, ""7"": 0.15799997650516356, ""8"": 0.12406014756318343, ""9"": 0.08335502902871923, ""10"": 0.047846817914162745, ""11"": 0.023528393247809667, ""12"": 0.01010092132464252, ""13"": 0.003891690722619182, ""14"": 0.0013758846758707202, ""15"": 0.0004484652639595715, ""16"": 0.00013744783836407967, ""17"": 4.247762605597881e-05, ""18"": 1.3850637846902579e-05, ""19"": 4.721551334369757e-06, ""20"": 1.55469053513645e-06, ""21"": 4.833309430937011e-07, ""22"": 1.3937535305610606e-07, ""23"": 3.879632242739466e-08, ""24"": 1.0985400559678544e-08, ""25"": 3.0678071806114116e-09, ""26"": 8.012796930238474e-10, ""27"": 1.7501038138481296e-10, ""28"": 3.1109507479659086e-11, ""29"": 1.1760502053052758e-11, ""30"": 5.3701383099283046e-12, ""31"": 2.7820533569287768e-12, ""32"": 1.420683629349702e-12, ""33"": 4.2650772846975384e-13, ""34"": 1.046011676837737e-13, ""35"": 2.1262913706285257e-14, ""36"": 6.933966433882252e-15, ""37"": 2.090238480240737e-15, ""38"": 4.517771573453487e-16, ""39"": 3.178718428633878e-17, ""40"": 7.954587404611884e-18, ""41"": 1.354745458615545e-18, ""42"": 4.1680721863504785e-19, ""43"": 4.318277258862076e-20, ""44"": 5.885662731408951e-19, ""45"": 5.80660833e-316, ""46"": 1.37404374e-316, ""47"": 2.9681616e-317, ""48"": 5.85143e-318, ""49"": 1.052444e-318, ""50"": 1.72745e-319, ""51"": 2.587e-320, ""52"": 3.533e-321, ""53"": 4.4e-322, ""54"": 5e-323, ""55"": 5e-324}",6.2658,6.2658,6,6,0.0048,0.9952,0.982,0.9488,0.8795,0.7689,0.6212,0.4528,0.2948,0.1707,0.0874,0.0395,0.016,0.0059,0.002,0.0006,0.0002,0.0001,0.0,0.0,0.0,614c522d#phase10c,"stat_grid:component_convolution_mean_coherent_v1+components[reb:pmf_sim_v1+role_aware_pmf_cal_v1:rotation+monotone_pit_cdf_v1,ast:pmf_sim_v1+role_aware_pmf_cal_v1:rotation+monotone_pit_cdf_v1]+prior_combo[joint_sampler_v1+joint_combo_pmf_v1+role_aware_pmf_cal_v1:rotation+monotone_pit_cdf_v1]+stat_grid_final_component_convolution_mean_coherent_v1",phase8_role_aware_pmf_cal_v1+monotone_inactive_global_v1,rotation,projected_minutes,high,22.5514,21.9169,10.2327,21.9169,31.3872,8.3936,0.05,0.8866,0.1937,rotation,True,current_market_line,True,fanduel,fanduel,player_ra_over_under,7.5,7.5,0.2948,270.0,-400.0,0.2525,0.7475,0.7052,239.0,-239.0,0.0423,0.0423,-0.0423,2026-05-24T16:09:59.066825Z,full,provisional,lineup_unconfirmed,fallback_used,projected,derived_from_projected_minutes,ok,finals_pending,current_phase8,ok,0.0,projected,not_available_yet,bdl_lineup_freshness_manifest,bdl_plus_nba_official,2026-05-24T16:10:20Z
morning,2026-05-24T16:11:10Z,2026-05-24,21713531,89,Alex Caruso,OKC,SAS,False,ra,"{""0"": 0.004796974345375757, ""1"": 0.013229810109491867, ""2"": 0.03315710842706486, ""3"": 0.06931931540594745, ""4"": 0.11057059346351752, ""5"": 0.14776484060579148, ""6"": 0.16835330246742278, ""7"": 0.15799997650516356, ""8"": 0.12406014756318343, ""9"": 0.08335502902871923, ""10"": 0.047846817914162745, ""11"": 0.023528393247809667, ""12"": 0.01010092132464252, ""13"": 0.003891690722619182, ""14"": 0.0013758846758707202, ""15"": 0.0004484652639595715, ""16"": 0.00013744783836407967, ""17"": 4.247762605597881e-05, ""18"": 1.3850637846902579e-05, ""19"": 4.721551334369757e-06, ""20"": 1.55469053513645e-06, ""21"": 4.833309430937011e-07, ""22"": 1.3937535305610606e-07, ""23"": 3.879632242739466e-08, ""24"": 1.0985400559678544e-08, ""25"": 3.0678071806114116e-09, ""26"": 8.012796930238474e-10, ""27"": 1.7501038138481296e-10, ""28"": 3.1109507479659086e-11, ""29"": 1.1760502053052758e-11, ""30"": 5.3701383099283046e-12, ""31"": 2.7820533569287768e-12, ""32"": 1.420683629349702e-12, ""33"": 4.2650772846975384e-13, ""34"": 1.046011676837737e-13, ""35"": 2.1262913706285257e-14, ""36"": 6.933966433882252e-15, ""37"": 2.090238480240737e-15, ""38"": 4.517771573453487e-16, ""39"": 3.178718428633878e-17, ""40"": 7.954587404611884e-18, ""41"": 1.354745458615545e-18, ""42"": 4.1680721863504785e-19, ""43"": 4.318277258862076e-20, ""44"": 5.885662731408951e-19, ""45"": 5.80660833e-316, ""46"": 1.37404374e-316, ""47"": 2.9681616e-317, ""48"": 5.85143e-318, ""49"": 1.052444e-318, ""50"": 1.72745e-319, ""51"": 2.587e-320, ""52"": 3.533e-321, ""53"": 4.4e-322, ""54"": 5e-323, ""55"": 5e-324}",6.2658,6.2658,6,6,0.0048,0.9952,0.982,0.9488,0.8795,0.7689,0.6212,0.4528,0.2948,0.1707,0.0874,0.0395,0.016,0.0059,0.002,0.0006,0.0002,0.0001,0.0,0.0,0.0,614c522d#phase10c,"stat_grid:component_convolution_mean_coherent_v1+components[reb:pmf_sim_v1+role_aware_pmf_cal_v1:rotation+monotone_pit_cdf_v1,ast:pmf_sim_v1+role_aware_pmf_cal_v1:rotation+monotone_pit_cdf_v1]+prior_combo[joint_sampler_v1+joint_combo_pmf_v1+role_aware_pmf_cal_v1:rotation+monotone_pit_cdf_v1]+stat_grid_final_component_convolution_mean_coherent_v1",phase8_role_aware_pmf_cal_v1+monotone_inactive_global_v1,rotation,projected_minutes,high,22.5514,21.9169,10.2327,21.9169,31.3872,8.3936,0.05,0.8866,0.1937,rotation,True,current_market_line,True,fanduel,fanduel,player_ra_over_under,8.5,8.5,0.1707,470.0,-850.0,0.1639,0.8361,0.8293,486.0,-486.0,0.0068,0.0068,-0.0068,2026-05-24T16:09:59.066825Z,full,provisional,lineup_unconfirmed,fallback_used,projected,derived_from_projected_minutes,ok,finals_pending,current_phase8,ok,0.0,projected,not_available_yet,bdl_lineup_freshness_manifest,bdl_plus_nba_official,2026-05-24T16:10:20Z
morning,2026-05-24T16:11:10Z,2026-05-24,21713531,89,Alex Caruso,OKC,SAS,False,ra,"{""0"": 0.004796974345375757, ""1"": 0.013229810109491867, ""2"": 0.03315710842706486, ""3"": 0.06931931540594745, ""4"": 0.11057059346351752, ""5"": 0.14776484060579148, ""6"": 0.16835330246742278, ""7"": 0.15799997650516356, ""8"": 0.12406014756318343, ""9"": 0.08335502902871923, ""10"": 0.047846817914162745, ""11"": 0.023528393247809667, ""12"": 0.01010092132464252, ""13"": 0.003891690722619182, ""14"": 0.0013758846758707202, ""15"": 0.0004484652639595715, ""16"": 0.00013744783836407967, ""17"": 4.247762605597881e-05, ""18"": 1.3850637846902579e-05, ""19"": 4.721551334369757e-06, ""20"": 1.55469053513645e-06, ""21"": 4.833309430937011e-07, ""22"": 1.3937535305610606e-07, ""23"": 3.879632242739466e-08, ""24"": 1.0985400559678544e-08, ""25"": 3.0678071806114116e-09, ""26"": 8.012796930238474e-10, ""27"": 1.7501038138481296e-10, ""28"": 3.1109507479659086e-11, ""29"": 1.1760502053052758e-11, ""30"": 5.3701383099283046e-12, ""31"": 2.7820533569287768e-12, ""32"": 1.420683629349702e-12, ""33"": 4.2650772846975384e-13, ""34"": 1.046011676837737e-13, ""35"": 2.1262913706285257e-14, ""36"": 6.933966433882252e-15, ""37"": 2.090238480240737e-15, ""38"": 4.517771573453487e-16, ""39"": 3.178718428633878e-17, ""40"": 7.954587404611884e-18, ""41"": 1.354745458615545e-18, ""42"": 4.1680721863504785e-19, ""43"": 4.318277258862076e-20, ""44"": 5.885662731408951e-19, ""45"": 5.80660833e-316, ""46"": 1.37404374e-316, ""47"": 2.9681616e-317, ""48"": 5.85143e-318, ""49"": 1.052444e-318, ""50"": 1.72745e-319, ""51"": 2.587e-320, ""52"": 3.533e-321, ""53"": 4.4e-322, ""54"": 5e-323, ""55"": 5e-324}",6.2658,6.2658,6,6,0.0048,0.9952,0.982,0.9488,0.8795,0.7689,0.6212,0.4528,0.2948,0.1707,0.0874,0.0395,0.016,0.0059,0.002,0.0006,0.0002,0.0001,0.0,0.0,0.0,614c522d#phase10c,"stat_grid:component_convolution_mean_coherent_v1+components[reb:pmf_sim_v1+role_aware_pmf_cal_v1:rotation+monotone_pit_cdf_v1,ast:pmf_sim_v1+role_aware_pmf_cal_v1:rotation+monotone_pit_cdf_v1]+prior_combo[joint_sampler_v1+joint_combo_pmf_v1+role_aware_pmf_cal_v1:rotation+monotone_pit_cdf_v1]+stat_grid_final_component_convolution_mean_coherent_v1",phase8_role_aware_pmf_cal_v1+monotone_inactive_global_v1,rotation,projected_minutes,high,22.5514,21.9169,10.2327,21.9169,31.3872,8.3936,0.05,0.8866,0.1937,rotation,True,current_market_line,True,draftkings,draftkings,player_ra_over_under,5.5,5.5,0.6212,-121.0,-108.0,0.5133,0.4867,0.3788,-164.0,164.0,0.1079,0.1079,-0.1079,2026-05-24T16:09:59.066825Z,full,provisional,lineup_unconfirmed,fallback_used,projected,derived_from_projected_minutes,ok,finals_pending,current_phase8,ok,0.0,projected,not_available_yet,bdl_lineup_freshness_manifest,bdl_plus_nba_official,2026-05-24T16:10:20Z
morning,2026-05-24T16:11:10Z,2026-05-24,21713531,89,Alex Caruso,OKC,SAS,False,ra,"{""0"": 0.004796974345375757, ""1"": 0.013229810109491867, ""2"": 0.03315710842706486, ""3"": 0.06931931540594745, ""4"": 0.11057059346351752, ""5"": 0.14776484060579148, ""6"": 0.16835330246742278, ""7"": 0.15799997650516356, ""8"": 0.12406014756318343, ""9"": 0.08335502902871923, ""10"": 0.047846817914162745, ""11"": 0.023528393247809667, ""12"": 0.01010092132464252, ""13"": 0.003891690722619182, ""14"": 0.0013758846758707202, ""15"": 0.0004484652639595715, ""16"": 0.00013744783836407967, ""17"": 4.247762605597881e-05, ""18"": 1.3850637846902579e-05, ""19"": 4.721551334369757e-06, ""20"": 1.55469053513645e-06, ""21"": 4.833309430937011e-07, ""22"": 1.3937535305610606e-07, ""23"": 3.879632242739466e-08, ""24"": 1.0985400559678544e-08, ""25"": 3.0678071806114116e-09, ""26"": 8.012796930238474e-10, ""27"": 1.7501038138481296e-10, ""28"": 3.1109507479659086e-11, ""29"": 1.1760502053052758e-11, ""30"": 5.3701383099283046e-12, ""31"": 2.7820533569287768e-12, ""32"": 1.420683629349702e-12, ""33"": 4.2650772846975384e-13, ""34"": 1.046011676837737e-13, ""35"": 2.1262913706285257e-14, ""36"": 6.933966433882252e-15, ""37"": 2.090238480240737e-15, ""38"": 4.517771573453487e-16, ""39"": 3.178718428633878e-17, ""40"": 7.954587404611884e-18, ""41"": 1.354745458615545e-18, ""42"": 4.1680721863504785e-19, ""43"": 4.318277258862076e-20, ""44"": 5.885662731408951e-19, ""45"": 5.80660833e-316, ""46"": 1.37404374e-316, ""47"": 2.9681616e-317, ""48"": 5.85143e-318, ""49"": 1.052444e-318, ""50"": 1.72745e-319, ""51"": 2.587e-320, ""52"": 3.533e-321, ""53"": 4.4e-322, ""54"": 5e-323, ""55"": 5e-324}",6.2658,6.2658,6,6,0.0048,0.9952,0.982,0.9488,0.8795,0.7689,0.6212,0.4528,0.2948,0.1707,0.0874,0.0395,0.016,0.0059,0.002,0.0006,0.0002,0.0001,0.0,0.0,0.0,614c522d#phase10c,"stat_grid:component_convolution_mean_coherent_v1+components[reb:pmf_sim_v1+role_aware_pmf_cal_v1:rotation+monotone_pit_cdf_v1,ast:pmf_sim_v1+role_aware_pmf_cal_v1:rotation+monotone_pit_cdf_v1]+prior_combo[joint_sampler_v1+joint_combo_pmf_v1+role_aware_pmf_cal_v1:rotation+monotone_pit_cdf_v1]+stat_grid_final_component_convolution_mean_coherent_v1",phase8_role_aware_pmf_cal_v1+monotone_inactive_global_v1,rotation,projected_minutes,high,22.5514,21.9169,10.2327,21.9169,31.3872,8.3936,0.05,0.8866,0.1937,rotation,True,current_market_line,True,hardrockbet_fl,hardrockbet_fl,player_ra_over_under,5.5,5.5,0.6212,-115.0,-115.0,0.5,0.5,0.3788,-164.0,164.0,0.1212,0.1212,-0.1212,2026-05-24T16:09:59.066825Z,full,provisional,lineup_unconfirmed,fallback_used,projected,derived_from_projected_minutes,ok,finals_pending,current_phase8,ok,0.0,projected,not_available_yet,bdl_lineup_freshness_manifest,bdl_plus_nba_official,2026-05-24T16:10:20Z
morning,2026-05-24T16:11:10Z,2026-05-24,21713531,89,Alex Caruso,OKC,SAS,False,ra,"{""0"": 0.004796974345375757, ""1"": 0.013229810109491867, ""2"": 0.03315710842706486, ""3"": 0.06931931540594745, ""4"": 0.11057059346351752, ""5"": 0.14776484060579148, ""6"": 0.16835330246742278, ""7"": 0.15799997650516356, ""8"": 0.12406014756318343, ""9"": 0.08335502902871923, ""10"": 0.047846817914162745, ""11"": 0.023528393247809667, ""12"": 0.01010092132464252, ""13"": 0.003891690722619182, ""14"": 0.0013758846758707202, ""15"": 0.0004484652639595715, ""16"": 0.00013744783836407967, ""17"": 4.247762605597881e-05, ""18"": 1.3850637846902579e-05, ""19"": 4.721551334369757e-06, ""20"": 1.55469053513645e-06, ""21"": 4.833309430937011e-07, ""22"": 1.3937535305610606e-07, ""23"": 3.879632242739466e-08, ""24"": 1.0985400559678544e-08, ""25"": 3.0678071806114116e-09, ""26"": 8.012796930238474e-10, ""27"": 1.7501038138481296e-10, ""28"": 3.1109507479659086e-11, ""29"": 1.1760502053052758e-11, ""30"": 5.3701383099283046e-12, ""31"": 2.7820533569287768e-12, ""32"": 1.420683629349702e-12, ""33"": 4.2650772846975384e-13, ""34"": 1.046011676837737e-13, ""35"": 2.1262913706285257e-14, ""36"": 6.933966433882252e-15, ""37"": 2.090238480240737e-15, ""38"": 4.517771573453487e-16, ""39"": 3.178718428633878e-17, ""40"": 7.954587404611884e-18, ""41"": 1.354745458615545e-18, ""42"": 4.1680721863504785e-19, ""43"": 4.318277258862076e-20, ""44"": 5.885662731408951e-19, ""45"": 5.80660833e-316, ""46"": 1.37404374e-316, ""47"": 2.9681616e-317, ""48"": 5.85143e-318, ""49"": 1.052444e-318, ""50"": 1.72745e-319, ""51"": 2.587e-320, ""52"": 3.533e-321, ""53"": 4.4e-322, ""54"": 5e-323, ""55"": 5e-324}",6.2658,6.2658,6,6,0.0048,0.9952,0.982,0.9488,0.8795,0.7689,0.6212,0.4528,0.2948,0.1707,0.0874,0.0395,0.016,0.0059,0.002,0.0006,0.0002,0.0001,0.0,0.0,0.0,614c522d#phase10c,"stat_grid:component_convolution_mean_coherent_v1+components[reb:pmf_sim_v1+role_aware_pmf_cal_v1:rotation+monotone_pit_cdf_v1,ast:pmf_sim_v1+role_aware_pmf_cal_v1:rotation+monotone_pit_cdf_v1]+prior_combo[joint_sampler_v1+joint_combo_pmf_v1+role_aware_pmf_cal_v1:rotation+monotone_pit_cdf_v1]+stat_grid_final_component_convolution_mean_coherent_v1",phase8_role_aware_pmf_cal_v1+monotone_inactive_global_v1,rotation,projected_minutes,high,22.5514,21.9169,10.2327,21.9169,31.3872,8.3936,0.05,0.8866,0.1937,rotation,True,current_market_line,True,espnbet,espnbet,player_ra_over_under,5.5,5.5,0.6212,-115.0,-115.0,0.5,0.5,0.3788,-164.0,164.0,0.1212,0.1212,-0.1212,2026-05-24T16:09:59.066825Z,full,provisional,lineup_unconfirmed,fallback_used,projected,derived_from_projected_minutes,ok,finals_pending,current_phase8,ok,0.0,projected,not_available_yet,bdl_lineup_freshness_manifest,bdl_plus_nba_official,2026-05-24T16:10:20Z
morning,2026-05-24T16:11:10Z,2026-05-24,21713531,89,Alex Caruso,OKC,SAS,False,ra,"{""0"": 0.004796974345375757, ""1"": 0.013229810109491867, ""2"": 0.03315710842706486, ""3"": 0.06931931540594745, ""4"": 0.11057059346351752, ""5"": 0.14776484060579148, ""6"": 0.16835330246742278, ""7"": 0.15799997650516356, ""8"": 0.12406014756318343, ""9"": 0.08335502902871923, ""10"": 0.047846817914162745, ""11"": 0.023528393247809667, ""12"": 0.01010092132464252, ""13"": 0.003891690722619182, ""14"": 0.0013758846758707202, ""15"": 0.0004484652639595715, ""16"": 0.00013744783836407967, ""17"": 4.247762605597881e-05, ""18"": 1.3850637846902579e-05, ""19"": 4.721551334369757e-06, ""20"": 1.55469053513645e-06, ""21"": 4.833309430937011e-07, ""22"": 1.3937535305610606e-07, ""23"": 3.879632242739466e-08, ""24"": 1.0985400559678544e-08, ""25"": 3.0678071806114116e-09, ""26"": 8.012796930238474e-10, ""27"": 1.7501038138481296e-10, ""28"": 3.1109507479659086e-11, ""29"": 1.1760502053052758e-11, ""30"": 5.3701383099283046e-12, ""31"": 2.7820533569287768e-12, ""32"": 1.420683629349702e-12, ""33"": 4.2650772846975384e-13, ""34"": 1.046011676837737e-13, ""35"": 2.1262913706285257e-14, ""36"": 6.933966433882252e-15, ""37"": 2.090238480240737e-15, ""38"": 4.517771573453487e-16, ""39"": 3.178718428633878e-17, ""40"": 7.954587404611884e-18, ""41"": 1.354745458615545e-18, ""42"": 4.1680721863504785e-19, ""43"": 4.318277258862076e-20, ""44"": 5.885662731408951e-19, ""45"": 5.80660833e-316, ""46"": 1.37404374e-316, ""47"": 2.9681616e-317, ""48"": 5.85143e-318, ""49"": 1.052444e-318, ""50"": 1.72745e-319, ""51"": 2.587e-320, ""52"": 3.533e-321, ""53"": 4.4e-322, ""54"": 5e-323, ""55"": 5e-324}",6.2658,6.2658,6,6,0.0048,0.9952,0.982,0.9488,0.8795,0.7689,0.6212,0.4528,0.2948,0.1707,0.0874,0.0395,0.016,0.0059,0.002,0.0006,0.0002,0.0001,0.0,0.0,0.0,614c522d#phase10c,"stat_grid:component_convolution_mean_coherent_v1+components[reb:pmf_sim_v1+role_aware_pmf_cal_v1:rotation+monotone_pit_cdf_v1,ast:pmf_sim_v1+role_aware_pmf_cal_v1:rotation+monotone_pit_cdf_v1]+prior_combo[joint_sampler_v1+joint_combo_pmf_v1+role_aware_pmf_cal_v1:rotation+monotone_pit_cdf_v1]+stat_grid_final_component_convolution_mean_coherent_v1",phase8_role_aware_pmf_cal_v1+monotone_inactive_global_v1,rotation,projected_minutes,high,22.5514,21.9169,10.2327,21.9169,31.3872,8.3936,0.05,0.8866,0.1937,rotation,True,current_market_line,True,hardrockbet_az,hardrockbet_az,player_ra_over_under,5.5,5.5,0.6212,-115.0,-115.0,0.5,0.5,0.3788,-164.0,164.0,0.1212,0.1212,-0.1212,2026-05-24T16:09:59.066825Z,full,provisional,lineup_unconfirmed,fallback_used,projected,derived_from_projected_minutes,ok,finals_pending,current_phase8,ok,0.0,projected,not_available_yet,bdl_lineup_freshness_manifest,bdl_plus_nba_official,2026-05-24T16:10:20Z
morning,2026-05-24T16:11:10Z,2026-05-24,21713531,89,Alex Caruso,OKC,SAS,False,ra,"{""0"": 0.004796974345375757, ""1"": 0.013229810109491867, ""2"": 0.03315710842706486, ""3"": 0.06931931540594745, ""4"": 0.11057059346351752, ""5"": 0.14776484060579148, ""6"": 0.16835330246742278, ""7"": 0.15799997650516356, ""8"": 0.12406014756318343, ""9"": 0.08335502902871923, ""10"": 0.047846817914162745, ""11"": 0.023528393247809667, ""12"": 0.01010092132464252, ""13"": 0.003891690722619182, ""14"": 0.0013758846758707202, ""15"": 0.0004484652639595715, ""16"": 0.00013744783836407967, ""17"": 4.247762605597881e-05, ""18"": 1.3850637846902579e-05, ""19"": 4.721551334369757e-06, ""20"": 1.55469053513645e-06, ""21"": 4.833309430937011e-07, ""22"": 1.3937535305610606e-07, ""23"": 3.879632242739466e-08, ""24"": 1.0985400559678544e-08, ""25"": 3.0678071806114116e-09, ""26"": 8.012796930238474e-10, ""27"": 1.7501038138481296e-10, ""28"": 3.1109507479659086e-11, ""29"": 1.1760502053052758e-11, ""30"": 5.3701383099283046e-12, ""31"": 2.7820533569287768e-12, ""32"": 1.420683629349702e-12, ""33"": 4.2650772846975384e-13, ""34"": 1.046011676837737e-13, ""35"": 2.1262913706285257e-14, ""36"": 6.933966433882252e-15, ""37"": 2.090238480240737e-15, ""38"": 4.517771573453487e-16, ""39"": 3.178718428633878e-17, ""40"": 7.954587404611884e-18, ""41"": 1.354745458615545e-18, ""42"": 4.1680721863504785e-19, ""43"": 4.318277258862076e-20, ""44"": 5.885662731408951e-19, ""45"": 5.80660833e-316, ""46"": 1.37404374e-316, ""47"": 2.9681616e-317, ""48"": 5.85143e-318, ""49"": 1.052444e-318, ""50"": 1.72745e-319, ""51"": 2.587e-320, ""52"": 3.533e-321, ""53"": 4.4e-322, ""54"": 5e-323, ""55"": 5e-324}",6.2658,6.2658,6,6,0.0048,0.9952,0.982,0.9488,0.8795,0.7689,0.6212,0.4528,0.2948,0.1707,0.0874,0.0395,0.016,0.0059,0.002,0.0006,0.0002,0.0001,0.0,0.0,0.0,614c522d#phase10c,"stat_grid:component_convolution_mean_coherent_v1+components[reb:pmf_sim_v1+role_aware_pmf_cal_v1:rotation+monotone_pit_cdf_v1,ast:pmf_sim_v1+role_aware_pmf_cal_v1:rotation+monotone_pit_cdf_v1]+prior_combo[joint_sampler_v1+joint_combo_pmf_v1+role_aware_pmf_cal_v1:rotation+monotone_pit_cdf_v1]+stat_grid_final_component_convolution_mean_coherent_v1",phase8_role_aware_pmf_cal_v1+monotone_inactive_global_v1,rotation,projected_minutes,high,22.5514,21.9169,10.2327,21.9169,31.3872,8.3936,0.05,0.8866,0.1937,rotation,True,current_market_line,True,fliff,fliff,player_ra_over_under,5.5,5.5,0.6212,-120.0,-120.0,0.5,0.5,0.3788,-164.0,164.0,0.1212,0.1212,-0.1212,2026-05-24T16:09:59.066825Z,full,provisional,lineup_unconfirmed,fallback_used,projected,derived_from_projected_minutes,ok,finals_pending,current_phase8,ok,0.0,projected,not_available_yet,bdl_lineup_freshness_manifest,bdl_plus_nba_official,2026-05-24T16:10:20Z
morning,2026-05-24T16:11:10Z,2026-05-24,21713531,89,Alex Caruso,OKC,SAS,False,ra,"{""0"": 0.004796974345375757, ""1"": 0.013229810109491867, ""2"": 0.03315710842706486, ""3"": 0.06931931540594745, ""4"": 0.11057059346351752, ""5"": 0.14776484060579148, ""6"": 0.16835330246742278, ""7"": 0.15799997650516356, ""8"": 0.12406014756318343, ""9"": 0.08335502902871923, ""10"": 0.047846817914162745, ""11"": 0.023528393247809667, ""12"": 0.01010092132464252, ""13"": 0.003891690722619182, ""14"": 0.0013758846758707202, ""15"": 0.0004484652639595715, ""16"": 0.00013744783836407967, ""17"": 4.247762605597881e-05, ""18"": 1.3850637846902579e-05, ""19"": 4.721551334369757e-06, ""20"": 1.55469053513645e-06, ""21"": 4.833309430937011e-07, ""22"": 1.3937535305610606e-07, ""23"": 3.879632242739466e-08, ""24"": 1.0985400559678544e-08, ""25"": 3.0678071806114116e-09, ""26"": 8.012796930238474e-10, ""27"": 1.7501038138481296e-10, ""28"": 3.1109507479659086e-11, ""29"": 1.1760502053052758e-11, ""30"": 5.3701383099283046e-12, ""31"": 2.7820533569287768e-12, ""32"": 1.420683629349702e-12, ""33"": 4.2650772846975384e-13, ""34"": 1.046011676837737e-13, ""35"": 2.1262913706285257e-14, ""36"": 6.933966433882252e-15, ""37"": 2.090238480240737e-15, ""38"": 4.517771573453487e-16, ""39"": 3.178718428633878e-17, ""40"": 7.954587404611884e-18, ""41"": 1.354745458615545e-18, ""42"": 4.1680721863504785e-19, ""43"": 4.318277258862076e-20, ""44"": 5.885662731408951e-19, ""45"": 5.80660833e-316, ""46"": 1.37404374e-316, ""47"": 2.9681616e-317, ""48"": 5.85143e-318, ""49"": 1.052444e-318, ""50"": 1.72745e-319, ""51"": 2.587e-320, ""52"": 3.533e-321, ""53"": 4.4e-322, ""54"": 5e-323, ""55"": 5e-324}",6.2658,6.2658,6,6,0.0048,0.9952,0.982,0.9488,0.8795,0.7689,0.6212,0.4528,0.2948,0.1707,0.0874,0.0395,0.016,0.0059,0.002,0.0006,0.0002,0.0001,0.0,0.0,0.0,614c522d#phase10c,"stat_grid:component_convolution_mean_coherent_v1+components[reb:pmf_sim_v1+role_aware_pmf_cal_v1:rotation+monotone_pit_cdf_v1,ast:pmf_sim_v1+role_aware_pmf_cal_v1:rotation+monotone_pit_cdf_v1]+prior_combo[joint_sampler_v1+joint_combo_pmf_v1+role_aware_pmf_cal_v1:rotation+monotone_pit_cdf_v1]+stat_grid_final_component_convolution_mean_coherent_v1",phase8_role_aware_pmf_cal_v1+monotone_inactive_global_v1,rotation,projected_minutes,high,22.5514,21.9169,10.2327,21.9169,31.3872,8.3936,0.05,0.8866,0.1937,rotation,True,current_market_line,True,hardrockbet,hardrockbet,player_ra_over_under,5.5,5.5,0.6212,-115.0,-115.0,0.5,0.5,0.3788,-164.0,164.0,0.1212,0.1212,-0.1212,2026-05-24T16:09:59.066825Z,full,provisional,lineup_unconfirmed,fallback_used,projected,derived_from_projected_minutes,ok,finals_pending,current_phase8,ok,0.0,projected,not_available_yet,bdl_lineup_freshness_manifest,bdl_plus_nba_official,2026-05-24T16:10:20Z
morning,2026-05-24T16:11:10Z,2026-05-24,21713531,89,Alex Caruso,OKC,SAS,False,pra,"{""0"": 9.9350421876535e-05, ""1"": 0.00041272239327466915, ""2"": 0.0012009373556025262, ""3"": 0.002892761256751754, ""4"": 0.005742534423615334, ""5"": 0.009780891485566521, ""6"": 0.014776538487628445, ""7"": 0.020234071226280938, ""8"": 0.025787676780448302, ""9"": 0.031335750559669376, ""10"": 0.03697436425031776, ""11"": 0.04281263624441332, ""12"": 0.04867984268890183, ""13"": 0.05421435361097706, ""14"": 0.05891327232250594, ""15"": 0.06208231629128189, ""16"": 0.0632323845389318, ""17"": 0.062225972498805245, ""18"": 0.05930829504813898, ""19"": 0.05529198468655333, ""20"": 0.05083894638065998, ""21"": 0.04620552461441539, ""22"": 0.041581150941043706, ""23"": 0.03690758494674315, ""24"": 0.03200318544114657, ""25"": 0.02709525574438536, ""26"": 0.022577020229204287, ""27"": 0.018678876362869988, ""28"": 0.015462631914642892, ""29"": 0.0128249461421796, ""30"": 0.010512953638012888, ""31"": 0.008325614316838044, ""32"": 0.0062639569092459895, ""33"": 0.00445291965500802, ""34"": 0.0030008412158558906, ""35"": 0.0019464403941300125, ""36"": 0.0012459831366001925, ""37"": 0.0008180159212296525, ""38"": 0.0005750758034401132, ""39"": 0.0004412343568902268, ""40"": 0.00037374577265468034, ""41"": 0.00034282828413062044, ""42"": 0.00032324591388504983, ""43"": 0.0002995483308114688, ""44"": 0.00026055004986003165, ""45"": 0.00020654645570709966, ""46"": 0.00014826487816322056, ""47"": 9.733532114901716e-05, ""48"": 6.0131226418097715e-05, ""49"": 3.685642606952955e-05, ""50"": 2.4441186317490182e-05, ""51"": 1.8434408552406695e-05, ""52"": 1.5069352566374756e-05, ""53"": 1.239096712537885e-05, ""54"": 9.50039758680877e-06, ""55"": 6.524176364296486e-06, ""56"": 3.978407602990888e-06, ""57"": 2.133445922936002e-06, ""58"": 1.0031818232971796e-06, ""59"": 4.1840340524682837e-07, ""60"": 1.579017408487235e-07, ""61"": 5.499324547502484e-08, ""62"": 1.7833630131989624e-08, ""63"": 5.497588001905017e-09, ""64"": 1.7153918103227826e-09, ""65"": 5.595493784693757e-10, ""66"": 1.8882472731445725e-10, ""67"": 6.138609759427898e-11, ""68"": 1.890360049281029e-11, ""69"": 5.442132287818019e-12, ""70"": 1.514970960188996e-12, ""71"": 4.266138034248438e-13, ""72"": 1.1736840717486042e-13, ""73"": 3.015175551843579e-14, ""74"": 6.81269171685519e-15, ""75"": 1.3454401977155878e-15, ""76"": 5.34878619618258e-16, ""77"": 2.48745657362123e-16, ""78"": 1.167214819980323e-16, ""79"": 5.517344109670475e-17, ""80"": 1.6165636525572108e-17, ""81"": 4.0278152765076086e-18, ""82"": 8.451821152773956e-19, ""83"": 2.66690198807759e-19, ""84"": 7.63824752225718e-20, ""85"": 1.6543161987486595e-20, ""86"": 1.219322612351771e-21, ""87"": 3.0190732571972657e-22, ""88"": 5.034700383878874e-23, ""89"": 3.76461537382996e-23, ""90"": 1.5518079526288272e-24, ""91"": 2.115060633114209e-23, ""92"": 1.744143005377774e-303, ""93"": 6.4127530644932534e-304, ""94"": 2.1880384588299433e-304, ""95"": 7.007345890466739e-305, ""96"": 2.1695424341312479e-305, ""97"": 6.850977110381076e-306, ""98"": 2.2516698655900537e-306, ""99"": 7.505172614904013e-307, ""100"": 2.401396180278102e-307, ""101"": 7.264095648608851e-308, ""102"": 2.0729074678599137e-308, ""103"": 5.776961722969553e-309, ""104"": 1.614309901211754e-309, ""105"": 4.37330917445917e-310, ""106"": 1.0972500398377e-310, ""107"": 2.452333219144e-311, ""108"": 5.87276672905e-312, ""109"": 2.43727337964e-312, ""110"": 1.12112812405e-312, ""111"": 5.19342346957e-313, ""112"": 2.1242208037e-313, ""113"": 5.991545241e-314, ""114"": 1.444048445e-314, ""115"": 3.30854796e-315, ""116"": 1.01566314e-315, ""117"": 2.72963764e-316, ""118"": 5.17397e-317, ""119"": 4.51147e-318, ""120"": 1.118886e-318, ""121"": 2.70926e-319, ""122"": 1.2017e-319, ""123"": 7.085e-320, ""124"": 6.1017e-320}",17.2702,17.2702,17,16,0.0001,0.9999,0.9995,0.9983,0.9954,0.9897,0.9799,0.9651,0.9449,0.9191,0.8877,0.8508,0.8079,0.7593,0.7051,0.6461,0.5841,0.5208,0.4586,0.3993,0.344,614c522d#phase10c,"stat_grid:component_convolution_mean_coherent_v1+components[pts:pmf_sim_v1+role_aware_pmf_cal_v1:rotation+monotone_pit_cdf_v1,reb:pmf_sim_v1+role_aware_pmf_cal_v1:rotation+monotone_pit_cdf_v1,ast:pmf_sim_v1+role_aware_pmf_cal_v1:rotation+monotone_pit_cdf_v1]+prior_combo[joint_sampler_v1+joint_combo_pmf_v1+role_aware_pmf_cal_v1:rotation+monotone_pit_cdf_v1]+stat_grid_final_component_convolution_mean_coherent_v1",phase8_role_aware_pmf_cal_v1+monotone_inactive_global_v1,rotation,projected_minutes,high,22.5514,21.9169,10.2327,21.9169,31.3872,8.3936,0.05,0.8866,0.1937,rotation,True,current_market_line,True,bovada,bovada,player_pra_over_under,14.5,14.5,0.6461,-200.0,150.0,0.625,0.375,0.3539,-183.0,183.0,0.0211,0.0211,-0.0211,2026-05-24T16:09:59.066825Z,full,provisional,lineup_unconfirmed,fallback_used,projected,derived_from_projected_minutes,ok,finals_pending,current_phase8,ok,0.0,projected,not_available_yet,bdl_lineup_freshness_manifest,bdl_plus_nba_official,2026-05-24T16:10:20Z
morning,2026-05-24T16:11:10Z,2026-05-24,21713531,89,Alex Caruso,OKC,SAS,False,pra,"{""0"": 9.9350421876535e-05, ""1"": 0.00041272239327466915, ""2"": 0.0012009373556025262, ""3"": 0.002892761256751754, ""4"": 0.005742534423615334, ""5"": 0.009780891485566521, ""6"": 0.014776538487628445, ""7"": 0.020234071226280938, ""8"": 0.025787676780448302, ""9"": 0.031335750559669376, ""10"": 0.03697436425031776, ""11"": 0.04281263624441332, ""12"": 0.04867984268890183, ""13"": 0.05421435361097706, ""14"": 0.05891327232250594, ""15"": 0.06208231629128189, ""16"": 0.0632323845389318, ""17"": 0.062225972498805245, ""18"": 0.05930829504813898, ""19"": 0.05529198468655333, ""20"": 0.05083894638065998, ""21"": 0.04620552461441539, ""22"": 0.041581150941043706, ""23"": 0.03690758494674315, ""24"": 0.03200318544114657, ""25"": 0.02709525574438536, ""26"": 0.022577020229204287, ""27"": 0.018678876362869988, ""28"": 0.015462631914642892, ""29"": 0.0128249461421796, ""30"": 0.010512953638012888, ""31"": 0.008325614316838044, ""32"": 0.0062639569092459895, ""33"": 0.00445291965500802, ""34"": 0.0030008412158558906, ""35"": 0.0019464403941300125, ""36"": 0.0012459831366001925, ""37"": 0.0008180159212296525, ""38"": 0.0005750758034401132, ""39"": 0.0004412343568902268, ""40"": 0.00037374577265468034, ""41"": 0.00034282828413062044, ""42"": 0.00032324591388504983, ""43"": 0.0002995483308114688, ""44"": 0.00026055004986003165, ""45"": 0.00020654645570709966, ""46"": 0.00014826487816322056, ""47"": 9.733532114901716e-05, ""48"": 6.0131226418097715e-05, ""49"": 3.685642606952955e-05, ""50"": 2.4441186317490182e-05, ""51"": 1.8434408552406695e-05, ""52"": 1.5069352566374756e-05, ""53"": 1.239096712537885e-05, ""54"": 9.50039758680877e-06, ""55"": 6.524176364296486e-06, ""56"": 3.978407602990888e-06, ""57"": 2.133445922936002e-06, ""58"": 1.0031818232971796e-06, ""59"": 4.1840340524682837e-07, ""60"": 1.579017408487235e-07, ""61"": 5.499324547502484e-08, ""62"": 1.7833630131989624e-08, ""63"": 5.497588001905017e-09, ""64"": 1.7153918103227826e-09, ""65"": 5.595493784693757e-10, ""66"": 1.8882472731445725e-10, ""67"": 6.138609759427898e-11, ""68"": 1.890360049281029e-11, ""69"": 5.442132287818019e-12, ""70"": 1.514970960188996e-12, ""71"": 4.266138034248438e-13, ""72"": 1.1736840717486042e-13, ""73"": 3.015175551843579e-14, ""74"": 6.81269171685519e-15, ""75"": 1.3454401977155878e-15, ""76"": 5.34878619618258e-16, ""77"": 2.48745657362123e-16, ""78"": 1.167214819980323e-16, ""79"": 5.517344109670475e-17, ""80"": 1.6165636525572108e-17, ""81"": 4.0278152765076086e-18, ""82"": 8.451821152773956e-19, ""83"": 2.66690198807759e-19, ""84"": 7.63824752225718e-20, ""85"": 1.6543161987486595e-20, ""86"": 1.219322612351771e-21, ""87"": 3.0190732571972657e-22, ""88"": 5.034700383878874e-23, ""89"": 3.76461537382996e-23, ""90"": 1.5518079526288272e-24, ""91"": 2.115060633114209e-23, ""92"": 1.744143005377774e-303, ""93"": 6.4127530644932534e-304, ""94"": 2.1880384588299433e-304, ""95"": 7.007345890466739e-305, ""96"": 2.1695424341312479e-305, ""97"": 6.850977110381076e-306, ""98"": 2.2516698655900537e-306, ""99"": 7.505172614904013e-307, ""100"": 2.401396180278102e-307, ""101"": 7.264095648608851e-308, ""102"": 2.0729074678599137e-308, ""103"": 5.776961722969553e-309, ""104"": 1.614309901211754e-309, ""105"": 4.37330917445917e-310, ""106"": 1.0972500398377e-310, ""107"": 2.452333219144e-311, ""108"": 5.87276672905e-312, ""109"": 2.43727337964e-312, ""110"": 1.12112812405e-312, ""111"": 5.19342346957e-313, ""112"": 2.1242208037e-313, ""113"": 5.991545241e-314, ""114"": 1.444048445e-314, ""115"": 3.30854796e-315, ""116"": 1.01566314e-315, ""117"": 2.72963764e-316, ""118"": 5.17397e-317, ""119"": 4.51147e-318, ""120"": 1.118886e-318, ""121"": 2.70926e-319, ""122"": 1.2017e-319, ""123"": 7.085e-320, ""124"": 6.1017e-320}",17.2702,17.2702,17,16,0.0001,0.9999,0.9995,0.9983,0.9954,0.9897,0.9799,0.9651,0.9449,0.9191,0.8877,0.8508,0.8079,0.7593,0.7051,0.6461,0.5841,0.5208,0.4586,0.3993,0.344,614c522d#phase10c,"stat_grid:component_convolution_mean_coherent_v1+components[pts:pmf_sim_v1+role_aware_pmf_cal_v1:rotation+monotone_pit_cdf_v1,reb:pmf_sim_v1+role_aware_pmf_cal_v1:rotation+monotone_pit_cdf_v1,ast:pmf_sim_v1+role_aware_pmf_cal_v1:rotation+monotone_pit_cdf_v1]+prior_combo[joint_sampler_v1+joint_combo_pmf_v1+role_aware_pmf_cal_v1:rotation+monotone_pit_cdf_v1]+stat_grid_final_component_convolution_mean_coherent_v1",phase8_role_aware_pmf_cal_v1+monotone_inactive_global_v1,rotation,projected_minutes,high,22.5514,21.9169,10.2327,21.9169,31.3872,8.3936,0.05,0.8866,0.1937,rotation,True,current_market_line,True,bovada,bovada,player_pra_over_under,15.5,15.5,0.5841,-150.0,115.0,0.5633,0.4367,0.4159,-140.0,140.0,0.0207,0.0207,-0.0207,2026-05-24T16:09:59.066825Z,full,provisional,lineup_unconfirmed,fallback_used,projected,derived_from_projected_minutes,ok,finals_pending,current_phase8,ok,0.0,projected,not_available_yet,bdl_lineup_freshness_manifest,bdl_plus_nba_official,2026-05-24T16:10:20Z
morning,2026-05-24T16:11:10Z,2026-05-24,21713531,89,Alex Caruso,OKC,SAS,False,pra,"{""0"": 9.9350421876535e-05, ""1"": 0.00041272239327466915, ""2"": 0.0012009373556025262, ""3"": 0.002892761256751754, ""4"": 0.005742534423615334, ""5"": 0.009780891485566521, ""6"": 0.014776538487628445, ""7"": 0.020234071226280938, ""8"": 0.025787676780448302, ""9"": 0.031335750559669376, ""10"": 0.03697436425031776, ""11"": 0.04281263624441332, ""12"": 0.04867984268890183, ""13"": 0.05421435361097706, ""14"": 0.05891327232250594, ""15"": 0.06208231629128189, ""16"": 0.0632323845389318, ""17"": 0.062225972498805245, ""18"": 0.05930829504813898, ""19"": 0.05529198468655333, ""20"": 0.05083894638065998, ""21"": 0.04620552461441539, ""22"": 0.041581150941043706, ""23"": 0.03690758494674315, ""24"": 0.03200318544114657, ""25"": 0.02709525574438536, ""26"": 0.022577020229204287, ""27"": 0.018678876362869988, ""28"": 0.015462631914642892, ""29"": 0.0128249461421796, ""30"": 0.010512953638012888, ""31"": 0.008325614316838044, ""32"": 0.0062639569092459895, ""33"": 0.00445291965500802, ""34"": 0.0030008412158558906, ""35"": 0.0019464403941300125, ""36"": 0.0012459831366001925, ""37"": 0.0008180159212296525, ""38"": 0.0005750758034401132, ""39"": 0.0004412343568902268, ""40"": 0.00037374577265468034, ""41"": 0.00034282828413062044, ""42"": 0.00032324591388504983, ""43"": 0.0002995483308114688, ""44"": 0.00026055004986003165, ""45"": 0.00020654645570709966, ""46"": 0.00014826487816322056, ""47"": 9.733532114901716e-05, ""48"": 6.0131226418097715e-05, ""49"": 3.685642606952955e-05, ""50"": 2.4441186317490182e-05, ""51"": 1.8434408552406695e-05, ""52"": 1.5069352566374756e-05, ""53"": 1.239096712537885e-05, ""54"": 9.50039758680877e-06, ""55"": 6.524176364296486e-06, ""56"": 3.978407602990888e-06, ""57"": 2.133445922936002e-06, ""58"": 1.0031818232971796e-06, ""59"": 4.1840340524682837e-07, ""60"": 1.579017408487235e-07, ""61"": 5.499324547502484e-08, ""62"": 1.7833630131989624e-08, ""63"": 5.497588001905017e-09, ""64"": 1.7153918103227826e-09, ""65"": 5.595493784693757e-10, ""66"": 1.8882472731445725e-10, ""67"": 6.138609759427898e-11, ""68"": 1.890360049281029e-11, ""69"": 5.442132287818019e-12, ""70"": 1.514970960188996e-12, ""71"": 4.266138034248438e-13, ""72"": 1.1736840717486042e-13, ""73"": 3.015175551843579e-14, ""74"": 6.81269171685519e-15, ""75"": 1.3454401977155878e-15, ""76"": 5.34878619618258e-16, ""77"": 2.48745657362123e-16, ""78"": 1.167214819980323e-16, ""79"": 5.517344109670475e-17, ""80"": 1.6165636525572108e-17, ""81"": 4.0278152765076086e-18, ""82"": 8.451821152773956e-19, ""83"": 2.66690198807759e-19, ""84"": 7.63824752225718e-20, ""85"": 1.6543161987486595e-20, ""86"": 1.219322612351771e-21, ""87"": 3.0190732571972657e-22, ""88"": 5.034700383878874e-23, ""89"": 3.76461537382996e-23, ""90"": 1.5518079526288272e-24, ""91"": 2.115060633114209e-23, ""92"": 1.744143005377774e-303, ""93"": 6.4127530644932534e-304, ""94"": 2.1880384588299433e-304, ""95"": 7.007345890466739e-305, ""96"": 2.1695424341312479e-305, ""97"": 6.850977110381076e-306, ""98"": 2.2516698655900537e-306, ""99"": 7.505172614904013e-307, ""100"": 2.401396180278102e-307, ""101"": 7.264095648608851e-308, ""102"": 2.0729074678599137e-308, ""103"": 5.776961722969553e-309, ""104"": 1.614309901211754e-309, ""105"": 4.37330917445917e-310, ""106"": 1.0972500398377e-310, ""107"": 2.452333219144e-311, ""108"": 5.87276672905e-312, ""109"": 2.43727337964e-312, ""110"": 1.12112812405e-312, ""111"": 5.19342346957e-313, ""112"": 2.1242208037e-313, ""113"": 5.991545241e-314, ""114"": 1.444048445e-314, ""115"": 3.30854796e-315, ""116"": 1.01566314e-315, ""117"": 2.72963764e-316, ""118"": 5.17397e-317, ""119"": 4.51147e-318, ""120"": 1.118886e-318, ""121"": 2.70926e-319, ""122"": 1.2017e-319, ""123"": 7.085e-320, ""124"": 6.1017e-320}",17.2702,17.2702,17,16,0.0001,0.9999,0.9995,0.9983,0.9954,0.9897,0.9799,0.9651,0.9449,0.9191,0.8877,0.8508,0.8079,0.7593,0.7051,0.6461,0.5841,0.5208,0.4586,0.3993,0.344,614c522d#phase10c,"stat_grid:component_convolution_mean_coherent_v1+components[pts:pmf_sim_v1+role_aware_pmf_cal_v1:rotation+monotone_pit_cdf_v1,reb:pmf_sim_v1+role_aware_pmf_cal_v1:rotation+monotone_pit_cdf_v1,ast:pmf_sim_v1+role_aware_pmf_cal_v1:rotation+monotone_pit_cdf_v1]+prior_combo[joint_sampler_v1+joint_combo_pmf_v1+role_aware_pmf_cal_v1:rotation+monotone_pit_cdf_v1]+stat_grid_final_component_convolution_mean_coherent_v1",phase8_role_aware_pmf_cal_v1+monotone_inactive_global_v1,rotation,projected_minutes,high,22.5514,21.9169,10.2327,21.9169,31.3872,8.3936,0.05,0.8866,0.1937,rotation,True,current_market_line,True,bovada,bovada,player_pra_over_under,16.5,16.5,0.5208,-120.0,-110.0,0.5101,0.4899,0.4792,-109.0,109.0,0.0107,0.0107,-0.0107,2026-05-24T16:09:59.066825Z,full,provisional,lineup_unconfirmed,fallback_used,projected,derived_from_projected_minutes,ok,finals_pending,current_phase8,ok,0.0,projected,not_available_yet,bdl_lineup_freshness_manifest,bdl_plus_nba_official,2026-05-24T16:10:20Z
morning,2026-05-24T16:11:10Z,2026-05-24,21713531,89,Alex Caruso,OKC,SAS,False,pra,"{""0"": 9.9350421876535e-05, ""1"": 0.00041272239327466915, ""2"": 0.0012009373556025262, ""3"": 0.002892761256751754, ""4"": 0.005742534423615334, ""5"": 0.009780891485566521, ""6"": 0.014776538487628445, ""7"": 0.020234071226280938, ""8"": 0.025787676780448302, ""9"": 0.031335750559669376, ""10"": 0.03697436425031776, ""11"": 0.04281263624441332, ""12"": 0.04867984268890183, ""13"": 0.05421435361097706, ""14"": 0.05891327232250594, ""15"": 0.06208231629128189, ""16"": 0.0632323845389318, ""17"": 0.062225972498805245, ""18"": 0.05930829504813898, ""19"": 0.05529198468655333, ""20"": 0.05083894638065998, ""21"": 0.04620552461441539, ""22"": 0.041581150941043706, ""23"": 0.03690758494674315, ""24"": 0.03200318544114657, ""25"": 0.02709525574438536, ""26"": 0.022577020229204287, ""27"": 0.018678876362869988, ""28"": 0.015462631914642892, ""29"": 0.0128249461421796, ""30"": 0.010512953638012888, ""31"": 0.008325614316838044, ""32"": 0.0062639569092459895, ""33"": 0.00445291965500802, ""34"": 0.0030008412158558906, ""35"": 0.0019464403941300125, ""36"": 0.0012459831366001925, ""37"": 0.0008180159212296525, ""38"": 0.0005750758034401132, ""39"": 0.0004412343568902268, ""40"": 0.00037374577265468034, ""41"": 0.00034282828413062044, ""42"": 0.00032324591388504983, ""43"": 0.0002995483308114688, ""44"": 0.00026055004986003165, ""45"": 0.00020654645570709966, ""46"": 0.00014826487816322056, ""47"": 9.733532114901716e-05, ""48"": 6.0131226418097715e-05, ""49"": 3.685642606952955e-05, ""50"": 2.4441186317490182e-05, ""51"": 1.8434408552406695e-05, ""52"": 1.5069352566374756e-05, ""53"": 1.239096712537885e-05, ""54"": 9.50039758680877e-06, ""55"": 6.524176364296486e-06, ""56"": 3.978407602990888e-06, ""57"": 2.133445922936002e-06, ""58"": 1.0031818232971796e-06, ""59"": 4.1840340524682837e-07, ""60"": 1.579017408487235e-07, ""61"": 5.499324547502484e-08, ""62"": 1.7833630131989624e-08, ""63"": 5.497588001905017e-09, ""64"": 1.7153918103227826e-09, ""65"": 5.595493784693757e-10, ""66"": 1.8882472731445725e-10, ""67"": 6.138609759427898e-11, ""68"": 1.890360049281029e-11, ""69"": 5.442132287818019e-12, ""70"": 1.514970960188996e-12, ""71"": 4.266138034248438e-13, ""72"": 1.1736840717486042e-13, ""73"": 3.015175551843579e-14, ""74"": 6.81269171685519e-15, ""75"": 1.3454401977155878e-15, ""76"": 5.34878619618258e-16, ""77"": 2.48745657362123e-16, ""78"": 1.167214819980323e-16, ""79"": 5.517344109670475e-17, ""80"": 1.6165636525572108e-17, ""81"": 4.0278152765076086e-18, ""82"": 8.451821152773956e-19, ""83"": 2.66690198807759e-19, ""84"": 7.63824752225718e-20, ""85"": 1.6543161987486595e-20, ""86"": 1.219322612351771e-21, ""87"": 3.0190732571972657e-22, ""88"": 5.034700383878874e-23, ""89"": 3.76461537382996e-23, ""90"": 1.5518079526288272e-24, ""91"": 2.115060633114209e-23, ""92"": 1.744143005377774e-303, ""93"": 6.4127530644932534e-304, ""94"": 2.1880384588299433e-304, ""95"": 7.007345890466739e-305, ""96"": 2.1695424341312479e-305, ""97"": 6.850977110381076e-306, ""98"": 2.2516698655900537e-306, ""99"": 7.505172614904013e-307, ""100"": 2.401396180278102e-307, ""101"": 7.264095648608851e-308, ""102"": 2.0729074678599137e-308, ""103"": 5.776961722969553e-309, ""104"": 1.614309901211754e-309, ""105"": 4.37330917445917e-310, ""106"": 1.0972500398377e-310, ""107"": 2.452333219144e-311, ""108"": 5.87276672905e-312, ""109"": 2.43727337964e-312, ""110"": 1.12112812405e-312, ""111"": 5.19342346957e-313, ""112"": 2.1242208037e-313, ""113"": 5.991545241e-314, ""114"": 1.444048445e-314, ""115"": 3.30854796e-315, ""116"": 1.01566314e-315, ""117"": 2.72963764e-316, ""118"": 5.17397e-317, ""119"": 4.51147e-318, ""120"": 1.118886e-318, ""121"": 2.70926e-319, ""122"": 1.2017e-319, ""123"": 7.085e-320, ""124"": 6.1017e-320}",17.2702,17.2702,17,16,0.0001,0.9999,0.9995,0.9983,0.9954,0.9897,0.9799,0.9651,0.9449,0.9191,0.8877,0.8508,0.8079,0.7593,0.7051,0.6461,0.5841,0.5208,0.4586,0.3993,0.344,614c522d#phase10c,"stat_grid:component_convolution_mean_coherent_v1+components[pts:pmf_sim_v1+role_aware_pmf_cal_v1:rotation+monotone_pit_cdf_v1,reb:pmf_sim_v1+role_aware_pmf_cal_v1:rotation+monotone_pit_cdf_v1,ast:pmf_sim_v1+role_aware_pmf_cal_v1:rotation+monotone_pit_cdf_v1]+prior_combo[joint_sampler_v1+joint_combo_pmf_v1+role_aware_pmf_cal_v1:rotation+monotone_pit_cdf_v1]+stat_grid_final_component_convolution_mean_coherent_v1",phase8_role_aware_pmf_cal_v1+monotone_inactive_global_v1,rotation,projected_minutes,high,22.5514,21.9169,10.2327,21.9169,31.3872,8.3936,0.05,0.8866,0.1937,rotation,True,current_market_line,True,bovada,bovada,player_pra_over_under,17.5,17.5,0.4586,105.0,-135.0,0.4592,0.5408,0.5414,118.0,-118.0,-0.0006,-0.0006,0.0006,2026-05-24T16:09:59.066825Z,full,provisional,lineup_unconfirmed,fallback_used,projected,derived_from_projected_minutes,ok,finals_pending,current_phase8,ok,0.0,projected,not_available_yet,bdl_lineup_freshness_manifest,bdl_plus_nba_official,2026-05-24T16:10:20Z
morning,2026-05-24T16:11:10Z,2026-05-24,21713531,89,Alex Caruso,OKC,SAS,False,pra,"{""0"": 9.9350421876535e-05, ""1"": 0.00041272239327466915, ""2"": 0.0012009373556025262, ""3"": 0.002892761256751754, ""4"": 0.005742534423615334, ""5"": 0.009780891485566521, ""6"": 0.014776538487628445, ""7"": 0.020234071226280938, ""8"": 0.025787676780448302, ""9"": 0.031335750559669376, ""10"": 0.03697436425031776, ""11"": 0.04281263624441332, ""12"": 0.04867984268890183, ""13"": 0.05421435361097706, ""14"": 0.05891327232250594, ""15"": 0.06208231629128189, ""16"": 0.0632323845389318, ""17"": 0.062225972498805245, ""18"": 0.05930829504813898, ""19"": 0.05529198468655333, ""20"": 0.05083894638065998, ""21"": 0.04620552461441539, ""22"": 0.041581150941043706, ""23"": 0.03690758494674315, ""24"": 0.03200318544114657, ""25"": 0.02709525574438536, ""26"": 0.022577020229204287, ""27"": 0.018678876362869988, ""28"": 0.015462631914642892, ""29"": 0.0128249461421796, ""30"": 0.010512953638012888, ""31"": 0.008325614316838044, ""32"": 0.0062639569092459895, ""33"": 0.00445291965500802, ""34"": 0.0030008412158558906, ""35"": 0.0019464403941300125, ""36"": 0.0012459831366001925, ""37"": 0.0008180159212296525, ""38"": 0.0005750758034401132, ""39"": 0.0004412343568902268, ""40"": 0.00037374577265468034, ""41"": 0.00034282828413062044, ""42"": 0.00032324591388504983, ""43"": 0.0002995483308114688, ""44"": 0.00026055004986003165, ""45"": 0.00020654645570709966, ""46"": 0.00014826487816322056, ""47"": 9.733532114901716e-05, ""48"": 6.0131226418097715e-05, ""49"": 3.685642606952955e-05, ""50"": 2.4441186317490182e-05, ""51"": 1.8434408552406695e-05, ""52"": 1.5069352566374756e-05, ""53"": 1.239096712537885e-05, ""54"": 9.50039758680877e-06, ""55"": 6.524176364296486e-06, ""56"": 3.978407602990888e-06, ""57"": 2.133445922936002e-06, ""58"": 1.0031818232971796e-06, ""59"": 4.1840340524682837e-07, ""60"": 1.579017408487235e-07, ""61"": 5.499324547502484e-08, ""62"": 1.7833630131989624e-08, ""63"": 5.497588001905017e-09, ""64"": 1.7153918103227826e-09, ""65"": 5.595493784693757e-10, ""66"": 1.8882472731445725e-10, ""67"": 6.138609759427898e-11, ""68"": 1.890360049281029e-11, ""69"": 5.442132287818019e-12, ""70"": 1.514970960188996e-12, ""71"": 4.266138034248438e-13, ""72"": 1.1736840717486042e-13, ""73"": 3.015175551843579e-14, ""74"": 6.81269171685519e-15, ""75"": 1.3454401977155878e-15, ""76"": 5.34878619618258e-16, ""77"": 2.48745657362123e-16, ""78"": 1.167214819980323e-16, ""79"": 5.517344109670475e-17, ""80"": 1.6165636525572108e-17, ""81"": 4.0278152765076086e-18, ""82"": 8.451821152773956e-19, ""83"": 2.66690198807759e-19, ""84"": 7.63824752225718e-20, ""85"": 1.6543161987486595e-20, ""86"": 1.219322612351771e-21, ""87"": 3.0190732571972657e-22, ""88"": 5.034700383878874e-23, ""89"": 3.76461537382996e-23, ""90"": 1.5518079526288272e-24, ""91"": 2.115060633114209e-23, ""92"": 1.744143005377774e-303, ""93"": 6.4127530644932534e-304, ""94"": 2.1880384588299433e-304, ""95"": 7.007345890466739e-305, ""96"": 2.1695424341312479e-305, ""97"": 6.850977110381076e-306, ""98"": 2.2516698655900537e-306, ""99"": 7.505172614904013e-307, ""100"": 2.401396180278102e-307, ""101"": 7.264095648608851e-308, ""102"": 2.0729074678599137e-308, ""103"": 5.776961722969553e-309, ""104"": 1.614309901211754e-309, ""105"": 4.37330917445917e-310, ""106"": 1.0972500398377e-310, ""107"": 2.452333219144e-311, ""108"": 5.87276672905e-312, ""109"": 2.43727337964e-312, ""110"": 1.12112812405e-312, ""111"": 5.19342346957e-313, ""112"": 2.1242208037e-313, ""113"": 5.991545241e-314, ""114"": 1.444048445e-314, ""115"": 3.30854796e-315, ""116"": 1.01566314e-315, ""117"": 2.72963764e-316, ""118"": 5.17397e-317, ""119"": 4.51147e-318, ""120"": 1.118886e-318, ""121"": 2.70926e-319, ""122"": 1.2017e-319, ""123"": 7.085e-320, ""124"": 6.1017e-320}",17.2702,17.2702,17,16,0.0001,0.9999,0.9995,0.9983,0.9954,0.9897,0.9799,0.9651,0.9449,0.9191,0.8877,0.8508,0.8079,0.7593,0.7051,0.6461,0.5841,0.5208,0.4586,0.3993,0.344,614c522d#phase10c,"stat_grid:component_convolution_mean_coherent_v1+components[pts:pmf_sim_v1+role_aware_pmf_cal_v1:rotation+monotone_pit_cdf_v1,reb:pmf_sim_v1+role_aware_pmf_cal_v1:rotation+monotone_pit_cdf_v1,ast:pmf_sim_v1+role_aware_pmf_cal_v1:rotation+monotone_pit_cdf_v1]+prior_combo[joint_sampler_v1+joint_combo_pmf_v1+role_aware_pmf_cal_v1:rotation+monotone_pit_cdf_v1]+stat_grid_final_component_convolution_mean_coherent_v1",phase8_role_aware_pmf_cal_v1+monotone_inactive_global_v1,rotation,projected_minutes,high,22.5514,21.9169,10.2327,21.9169,31.3872,8.3936,0.05,0.8866,0.1937,rotation,True,current_market_line,True,bovada,bovada,player_pra_over_under,18.5,18.5,0.3993,130.0,-170.0,0.4085,0.5915,0.6007,150.0,-150.0,-0.0092,-0.0092,0.0092,2026-05-24T16:09:59.066825Z,full,provisional,lineup_unconfirmed,fallback_used,projected,derived_from_projected_minutes,ok,finals_pending,current_phase8,ok,0.0,projected,not_available_yet,bdl_lineup_freshness_manifest,bdl_plus_nba_official,2026-05-24T16:10:20Z
morning,2026-05-24T16:11:10Z,2026-05-24,21713531,89,Alex Caruso,OKC,SAS,False,pra,"{""0"": 9.9350421876535e-05, ""1"": 0.00041272239327466915, ""2"": 0.0012009373556025262, ""3"": 0.002892761256751754, ""4"": 0.005742534423615334, ""5"": 0.009780891485566521, ""6"": 0.014776538487628445, ""7"": 0.020234071226280938, ""8"": 0.025787676780448302, ""9"": 0.031335750559669376, ""10"": 0.03697436425031776, ""11"": 0.04281263624441332, ""12"": 0.04867984268890183, ""13"": 0.05421435361097706, ""14"": 0.05891327232250594, ""15"": 0.06208231629128189, ""16"": 0.0632323845389318, ""17"": 0.062225972498805245, ""18"": 0.05930829504813898, ""19"": 0.05529198468655333, ""20"": 0.05083894638065998, ""21"": 0.04620552461441539, ""22"": 0.041581150941043706, ""23"": 0.03690758494674315, ""24"": 0.03200318544114657, ""25"": 0.02709525574438536, ""26"": 0.022577020229204287, ""27"": 0.018678876362869988, ""28"": 0.015462631914642892, ""29"": 0.0128249461421796, ""30"": 0.010512953638012888, ""31"": 0.008325614316838044, ""32"": 0.0062639569092459895, ""33"": 0.00445291965500802, ""34"": 0.0030008412158558906, ""35"": 0.0019464403941300125, ""36"": 0.0012459831366001925, ""37"": 0.0008180159212296525, ""38"": 0.0005750758034401132, ""39"": 0.0004412343568902268, ""40"": 0.00037374577265468034, ""41"": 0.00034282828413062044, ""42"": 0.00032324591388504983, ""43"": 0.0002995483308114688, ""44"": 0.00026055004986003165, ""45"": 0.00020654645570709966, ""46"": 0.00014826487816322056, ""47"": 9.733532114901716e-05, ""48"": 6.0131226418097715e-05, ""49"": 3.685642606952955e-05, ""50"": 2.4441186317490182e-05, ""51"": 1.8434408552406695e-05, ""52"": 1.5069352566374756e-05, ""53"": 1.239096712537885e-05, ""54"": 9.50039758680877e-06, ""55"": 6.524176364296486e-06, ""56"": 3.978407602990888e-06, ""57"": 2.133445922936002e-06, ""58"": 1.0031818232971796e-06, ""59"": 4.1840340524682837e-07, ""60"": 1.579017408487235e-07, ""61"": 5.499324547502484e-08, ""62"": 1.7833630131989624e-08, ""63"": 5.497588001905017e-09, ""64"": 1.7153918103227826e-09, ""65"": 5.595493784693757e-10, ""66"": 1.8882472731445725e-10, ""67"": 6.138609759427898e-11, ""68"": 1.890360049281029e-11, ""69"": 5.442132287818019e-12, ""70"": 1.514970960188996e-12, ""71"": 4.266138034248438e-13, ""72"": 1.1736840717486042e-13, ""73"": 3.015175551843579e-14, ""74"": 6.81269171685519e-15, ""75"": 1.3454401977155878e-15, ""76"": 5.34878619618258e-16, ""77"": 2.48745657362123e-16, ""78"": 1.167214819980323e-16, ""79"": 5.517344109670475e-17, ""80"": 1.6165636525572108e-17, ""81"": 4.0278152765076086e-18, ""82"": 8.451821152773956e-19, ""83"": 2.66690198807759e-19, ""84"": 7.63824752225718e-20, ""85"": 1.6543161987486595e-20, ""86"": 1.219322612351771e-21, ""87"": 3.0190732571972657e-22, ""88"": 5.034700383878874e-23, ""89"": 3.76461537382996e-23, ""90"": 1.5518079526288272e-24, ""91"": 2.115060633114209e-23, ""92"": 1.744143005377774e-303, ""93"": 6.4127530644932534e-304, ""94"": 2.1880384588299433e-304, ""95"": 7.007345890466739e-305, ""96"": 2.1695424341312479e-305, ""97"": 6.850977110381076e-306, ""98"": 2.2516698655900537e-306, ""99"": 7.505172614904013e-307, ""100"": 2.401396180278102e-307, ""101"": 7.264095648608851e-308, ""102"": 2.0729074678599137e-308, ""103"": 5.776961722969553e-309, ""104"": 1.614309901211754e-309, ""105"": 4.37330917445917e-310, ""106"": 1.0972500398377e-310, ""107"": 2.452333219144e-311, ""108"": 5.87276672905e-312, ""109"": 2.43727337964e-312, ""110"": 1.12112812405e-312, ""111"": 5.19342346957e-313, ""112"": 2.1242208037e-313, ""113"": 5.991545241e-314, ""114"": 1.444048445e-314, ""115"": 3.30854796e-315, ""116"": 1.01566314e-315, ""117"": 2.72963764e-316, ""118"": 5.17397e-317, ""119"": 4.51147e-318, ""120"": 1.118886e-318, ""121"": 2.70926e-319, ""122"": 1.2017e-319, ""123"": 7.085e-320, ""124"": 6.1017e-320}",17.2702,17.2702,17,16,0.0001,0.9999,0.9995,0.9983,0.9954,0.9897,0.9799,0.9651,0.9449,0.9191,0.8877,0.8508,0.8079,0.7593,0.7051,0.6461,0.5841,0.5208,0.4586,0.3993,0.344,614c522d#phase10c,"stat_grid:component_convolution_mean_coherent_v1+components[pts:pmf_sim_v1+role_aware_pmf_cal_v1:rotation+monotone_pit_cdf_v1,reb:pmf_sim_v1+role_aware_pmf_cal_v1:rotation+monotone_pit_cdf_v1,ast:pmf_sim_v1+role_aware_pmf_cal_v1:rotation+monotone_pit_cdf_v1]+prior_combo[joint_sampler_v1+joint_combo_pmf_v1+role_aware_pmf_cal_v1:rotation+monotone_pit_cdf_v1]+stat_grid_final_component_convolution_mean_coherent_v1",phase8_role_aware_pmf_cal_v1+monotone_inactive_global_v1,rotation,projected_minutes,high,22.5514,21.9169,10.2327,21.9169,31.3872,8.3936,0.05,0.8866,0.1937,rotation,True,current_market_line,True,betonlineag,betonlineag,player_pra_over_under,16.5,16.5,0.5208,-118.0,-110.0,0.5082,0.4918,0.4792,-109.0,109.0,0.0126,0.0126,-0.0126,2026-05-24T16:09:59.066825Z,full,provisional,lineup_unconfirmed,fallback_used,projected,derived_from_projected_minutes,ok,finals_pending,current_phase8,ok,0.0,projected,not_available_yet,bdl_lineup_freshness_manifest,bdl_plus_nba_official,2026-05-24T16:10:20Z
morning,2026-05-24T16:11:10Z,2026-05-24,21713531,89,Alex Caruso,OKC,SAS,False,pra,"{""0"": 9.9350421876535e-05, ""1"": 0.00041272239327466915, ""2"": 0.0012009373556025262, ""3"": 0.002892761256751754, ""4"": 0.005742534423615334, ""5"": 0.009780891485566521, ""6"": 0.014776538487628445, ""7"": 0.020234071226280938, ""8"": 0.025787676780448302, ""9"": 0.031335750559669376, ""10"": 0.03697436425031776, ""11"": 0.04281263624441332, ""12"": 0.04867984268890183, ""13"": 0.05421435361097706, ""14"": 0.05891327232250594, ""15"": 0.06208231629128189, ""16"": 0.0632323845389318, ""17"": 0.062225972498805245, ""18"": 0.05930829504813898, ""19"": 0.05529198468655333, ""20"": 0.05083894638065998, ""21"": 0.04620552461441539, ""22"": 0.041581150941043706, ""23"": 0.03690758494674315, ""24"": 0.03200318544114657, ""25"": 0.02709525574438536, ""26"": 0.022577020229204287, ""27"": 0.018678876362869988, ""28"": 0.015462631914642892, ""29"": 0.0128249461421796, ""30"": 0.010512953638012888, ""31"": 0.008325614316838044, ""32"": 0.0062639569092459895, ""33"": 0.00445291965500802, ""34"": 0.0030008412158558906, ""35"": 0.0019464403941300125, ""36"": 0.0012459831366001925, ""37"": 0.0008180159212296525, ""38"": 0.0005750758034401132, ""39"": 0.0004412343568902268, ""40"": 0.00037374577265468034, ""41"": 0.00034282828413062044, ""42"": 0.00032324591388504983, ""43"": 0.0002995483308114688, ""44"": 0.00026055004986003165, ""45"": 0.00020654645570709966, ""46"": 0.00014826487816322056, ""47"": 9.733532114901716e-05, ""48"": 6.0131226418097715e-05, ""49"": 3.685642606952955e-05, ""50"": 2.4441186317490182e-05, ""51"": 1.8434408552406695e-05, ""52"": 1.5069352566374756e-05, ""53"": 1.239096712537885e-05, ""54"": 9.50039758680877e-06, ""55"": 6.524176364296486e-06, ""56"": 3.978407602990888e-06, ""57"": 2.133445922936002e-06, ""58"": 1.0031818232971796e-06, ""59"": 4.1840340524682837e-07, ""60"": 1.579017408487235e-07, ""61"": 5.499324547502484e-08, ""62"": 1.7833630131989624e-08, ""63"": 5.497588001905017e-09, ""64"": 1.7153918103227826e-09, ""65"": 5.595493784693757e-10, ""66"": 1.8882472731445725e-10, ""67"": 6.138609759427898e-11, ""68"": 1.890360049281029e-11, ""69"": 5.442132287818019e-12, ""70"": 1.514970960188996e-12, ""71"": 4.266138034248438e-13, ""72"": 1.1736840717486042e-13, ""73"": 3.015175551843579e-14, ""74"": 6.81269171685519e-15, ""75"": 1.3454401977155878e-15, ""76"": 5.34878619618258e-16, ""77"": 2.48745657362123e-16, ""78"": 1.167214819980323e-16, ""79"": 5.517344109670475e-17, ""80"": 1.6165636525572108e-17, ""81"": 4.0278152765076086e-18, ""82"": 8.451821152773956e-19, ""83"": 2.66690198807759e-19, ""84"": 7.63824752225718e-20, ""85"": 1.6543161987486595e-20, ""86"": 1.219322612351771e-21, ""87"": 3.0190732571972657e-22, ""88"": 5.034700383878874e-23, ""89"": 3.76461537382996e-23, ""90"": 1.5518079526288272e-24, ""91"": 2.115060633114209e-23, ""92"": 1.744143005377774e-303, ""93"": 6.4127530644932534e-304, ""94"": 2.1880384588299433e-304, ""95"": 7.007345890466739e-305, ""96"": 2.1695424341312479e-305, ""97"": 6.850977110381076e-306, ""98"": 2.2516698655900537e-306, ""99"": 7.505172614904013e-307, ""100"": 2.401396180278102e-307, ""101"": 7.264095648608851e-308, ""102"": 2.0729074678599137e-308, ""103"": 5.776961722969553e-309, ""104"": 1.614309901211754e-309, ""105"": 4.37330917445917e-310, ""106"": 1.0972500398377e-310, ""107"": 2.452333219144e-311, ""108"": 5.87276672905e-312, ""109"": 2.43727337964e-312, ""110"": 1.12112812405e-312, ""111"": 5.19342346957e-313, ""112"": 2.1242208037e-313, ""113"": 5.991545241e-314, ""114"": 1.444048445e-314, ""115"": 3.30854796e-315, ""116"": 1.01566314e-315, ""117"": 2.72963764e-316, ""118"": 5.17397e-317, ""119"": 4.51147e-318, ""120"": 1.118886e-318, ""121"": 2.70926e-319, ""122"": 1.2017e-319, ""123"": 7.085e-320, ""124"": 6.1017e-320}",17.2702,17.2702,17,16,0.0001,0.9999,0.9995,0.9983,0.9954,0.9897,0.9799,0.9651,0.9449,0.9191,0.8877,0.8508,0.8079,0.7593,0.7051,0.6461,0.5841,0.5208,0.4586,0.3993,0.344,614c522d#phase10c,"stat_grid:component_convolution_mean_coherent_v1+components[pts:pmf_sim_v1+role_aware_pmf_cal_v1:rotation+monotone_pit_cdf_v1,reb:pmf_sim_v1+role_aware_pmf_cal_v1:rotation+monotone_pit_cdf_v1,ast:pmf_sim_v1+role_aware_pmf_cal_v1:rotation+monotone_pit_cdf_v1]+prior_combo[joint_sampler_v1+joint_combo_pmf_v1+role_aware_pmf_cal_v1:rotation+monotone_pit_cdf_v1]+stat_grid_final_component_convolution_mean_coherent_v1",phase8_role_aware_pmf_cal_v1+monotone_inactive_global_v1,rotation,projected_minutes,high,22.5514,21.9169,10.2327,21.9169,31.3872,8.3936,0.05,0.8866,0.1937,rotation,True,current_market_line,True,betmgm,betmgm,player_pra_over_under,16.5,16.5,0.5208,-115.0,-115.0,0.5,0.5,0.4792,-109.0,109.0,0.0208,0.0208,-0.0208,2026-05-24T16:09:59.066825Z,full,provisional,lineup_unconfirmed,fallback_used,projected,derived_from_projected_minutes,ok,finals_pending,current_phase8,ok,0.0,projected,not_available_yet,bdl_lineup_freshness_manifest,bdl_plus_nba_official,2026-05-24T16:10:20Z
morning,2026-05-24T16:11:10Z,2026-05-24,21713531,89,Alex Caruso,OKC,SAS,False,pra,"{""0"": 9.9350421876535e-05, ""1"": 0.00041272239327466915, ""2"": 0.0012009373556025262, ""3"": 0.002892761256751754, ""4"": 0.005742534423615334, ""5"": 0.009780891485566521, ""6"": 0.014776538487628445, ""7"": 0.020234071226280938, ""8"": 0.025787676780448302, ""9"": 0.031335750559669376, ""10"": 0.03697436425031776, ""11"": 0.04281263624441332, ""12"": 0.04867984268890183, ""13"": 0.05421435361097706, ""14"": 0.05891327232250594, ""15"": 0.06208231629128189, ""16"": 0.0632323845389318, ""17"": 0.062225972498805245, ""18"": 0.05930829504813898, ""19"": 0.05529198468655333, ""20"": 0.05083894638065998, ""21"": 0.04620552461441539, ""22"": 0.041581150941043706, ""23"": 0.03690758494674315, ""24"": 0.03200318544114657, ""25"": 0.02709525574438536, ""26"": 0.022577020229204287, ""27"": 0.018678876362869988, ""28"": 0.015462631914642892, ""29"": 0.0128249461421796, ""30"": 0.010512953638012888, ""31"": 0.008325614316838044, ""32"": 0.0062639569092459895, ""33"": 0.00445291965500802, ""34"": 0.0030008412158558906, ""35"": 0.0019464403941300125, ""36"": 0.0012459831366001925, ""37"": 0.0008180159212296525, ""38"": 0.0005750758034401132, ""39"": 0.0004412343568902268, ""40"": 0.00037374577265468034, ""41"": 0.00034282828413062044, ""42"": 0.00032324591388504983, ""43"": 0.0002995483308114688, ""44"": 0.00026055004986003165, ""45"": 0.00020654645570709966, ""46"": 0.00014826487816322056, ""47"": 9.733532114901716e-05, ""48"": 6.0131226418097715e-05, ""49"": 3.685642606952955e-05, ""50"": 2.4441186317490182e-05, ""51"": 1.8434408552406695e-05, ""52"": 1.5069352566374756e-05, ""53"": 1.239096712537885e-05, ""54"": 9.50039758680877e-06, ""55"": 6.524176364296486e-06, ""56"": 3.978407602990888e-06, ""57"": 2.133445922936002e-06, ""58"": 1.0031818232971796e-06, ""59"": 4.1840340524682837e-07, ""60"": 1.579017408487235e-07, ""61"": 5.499324547502484e-08, ""62"": 1.7833630131989624e-08, ""63"": 5.497588001905017e-09, ""64"": 1.7153918103227826e-09, ""65"": 5.595493784693757e-10, ""66"": 1.8882472731445725e-10, ""67"": 6.138609759427898e-11, ""68"": 1.890360049281029e-11, ""69"": 5.442132287818019e-12, ""70"": 1.514970960188996e-12, ""71"": 4.266138034248438e-13, ""72"": 1.1736840717486042e-13, ""73"": 3.015175551843579e-14, ""74"": 6.81269171685519e-15, ""75"": 1.3454401977155878e-15, ""76"": 5.34878619618258e-16, ""77"": 2.48745657362123e-16, ""78"": 1.167214819980323e-16, ""79"": 5.517344109670475e-17, ""80"": 1.6165636525572108e-17, ""81"": 4.0278152765076086e-18, ""82"": 8.451821152773956e-19, ""83"": 2.66690198807759e-19, ""84"": 7.63824752225718e-20, ""85"": 1.6543161987486595e-20, ""86"": 1.219322612351771e-21, ""87"": 3.0190732571972657e-22, ""88"": 5.034700383878874e-23, ""89"": 3.76461537382996e-23, ""90"": 1.5518079526288272e-24, ""91"": 2.115060633114209e-23, ""92"": 1.744143005377774e-303, ""93"": 6.4127530644932534e-304, ""94"": 2.1880384588299433e-304, ""95"": 7.007345890466739e-305, ""96"": 2.1695424341312479e-305, ""97"": 6.850977110381076e-306, ""98"": 2.2516698655900537e-306, ""99"": 7.505172614904013e-307, ""100"": 2.401396180278102e-307, ""101"": 7.264095648608851e-308, ""102"": 2.0729074678599137e-308, ""103"": 5.776961722969553e-309, ""104"": 1.614309901211754e-309, ""105"": 4.37330917445917e-310, ""106"": 1.0972500398377e-310, ""107"": 2.452333219144e-311, ""108"": 5.87276672905e-312, ""109"": 2.43727337964e-312, ""110"": 1.12112812405e-312, ""111"": 5.19342346957e-313, ""112"": 2.1242208037e-313, ""113"": 5.991545241e-314, ""114"": 1.444048445e-314, ""115"": 3.30854796e-315, ""116"": 1.01566314e-315, ""117"": 2.72963764e-316, ""118"": 5.17397e-317, ""119"": 4.51147e-318, ""120"": 1.118886e-318, ""121"": 2.70926e-319, ""122"": 1.2017e-319, ""123"": 7.085e-320, ""124"": 6.1017e-320}",17.2702,17.2702,17,16,0.0001,0.9999,0.9995,0.9983,0.9954,0.9897,0.9799,0.9651,0.9449,0.9191,0.8877,0.8508,0.8079,0.7593,0.7051,0.6461,0.5841,0.5208,0.4586,0.3993,0.344,614c522d#phase10c,"stat_grid:component_convolution_mean_coherent_v1+components[pts:pmf_sim_v1+role_aware_pmf_cal_v1:rotation+monotone_pit_cdf_v1,reb:pmf_sim_v1+role_aware_pmf_cal_v1:rotation+monotone_pit_cdf_v1,ast:pmf_sim_v1+role_aware_pmf_cal_v1:rotation+monotone_pit_cdf_v1]+prior_combo[joint_sampler_v1+joint_combo_pmf_v1+role_aware_pmf_cal_v1:rotation+monotone_pit_cdf_v1]+stat_grid_final_component_convolution_mean_coherent_v1",phase8_role_aware_pmf_cal_v1+monotone_inactive_global_v1,rotation,projected_minutes,high,22.5514,21.9169,10.2327,21.9169,31.3872,8.3936,0.05,0.8866,0.1937,rotation,True,current_market_line,True,betrivers,betrivers,player_pra_over_under,15.5,15.5,0.5841,-155.0,114.0,0.5654,0.4346,0.4159,-140.0,140.0,0.0187,0.0187,-0.0187,2026-05-24T16:09:59.066825Z,full,provisional,lineup_unconfirmed,fallback_used,projected,derived_from_projected_minutes,ok,finals_pending,current_phase8,ok,0.0,projected,not_available_yet,bdl_lineup_freshness_manifest,bdl_plus_nba_official,2026-05-24T16:10:20Z
morning,2026-05-24T16:11:10Z,2026-05-24,21713531,89,Alex Caruso,OKC,SAS,False,pra,"{""0"": 9.9350421876535e-05, ""1"": 0.00041272239327466915, ""2"": 0.0012009373556025262, ""3"": 0.002892761256751754, ""4"": 0.005742534423615334, ""5"": 0.009780891485566521, ""6"": 0.014776538487628445, ""7"": 0.020234071226280938, ""8"": 0.025787676780448302, ""9"": 0.031335750559669376, ""10"": 0.03697436425031776, ""11"": 0.04281263624441332, ""12"": 0.04867984268890183, ""13"": 0.05421435361097706, ""14"": 0.05891327232250594, ""15"": 0.06208231629128189, ""16"": 0.0632323845389318, ""17"": 0.062225972498805245, ""18"": 0.05930829504813898, ""19"": 0.05529198468655333, ""20"": 0.05083894638065998, ""21"": 0.04620552461441539, ""22"": 0.041581150941043706, ""23"": 0.03690758494674315, ""24"": 0.03200318544114657, ""25"": 0.02709525574438536, ""26"": 0.022577020229204287, ""27"": 0.018678876362869988, ""28"": 0.015462631914642892, ""29"": 0.0128249461421796, ""30"": 0.010512953638012888, ""31"": 0.008325614316838044, ""32"": 0.0062639569092459895, ""33"": 0.00445291965500802, ""34"": 0.0030008412158558906, ""35"": 0.0019464403941300125, ""36"": 0.0012459831366001925, ""37"": 0.0008180159212296525, ""38"": 0.0005750758034401132, ""39"": 0.0004412343568902268, ""40"": 0.00037374577265468034, ""41"": 0.00034282828413062044, ""42"": 0.00032324591388504983, ""43"": 0.0002995483308114688, ""44"": 0.00026055004986003165, ""45"": 0.00020654645570709966, ""46"": 0.00014826487816322056, ""47"": 9.733532114901716e-05, ""48"": 6.0131226418097715e-05, ""49"": 3.685642606952955e-05, ""50"": 2.4441186317490182e-05, ""51"": 1.8434408552406695e-05, ""52"": 1.5069352566374756e-05, ""53"": 1.239096712537885e-05, ""54"": 9.50039758680877e-06, ""55"": 6.524176364296486e-06, ""56"": 3.978407602990888e-06, ""57"": 2.133445922936002e-06, ""58"": 1.0031818232971796e-06, ""59"": 4.1840340524682837e-07, ""60"": 1.579017408487235e-07, ""61"": 5.499324547502484e-08, ""62"": 1.7833630131989624e-08, ""63"": 5.497588001905017e-09, ""64"": 1.7153918103227826e-09, ""65"": 5.595493784693757e-10, ""66"": 1.8882472731445725e-10, ""67"": 6.138609759427898e-11, ""68"": 1.890360049281029e-11, ""69"": 5.442132287818019e-12, ""70"": 1.514970960188996e-12, ""71"": 4.266138034248438e-13, ""72"": 1.1736840717486042e-13, ""73"": 3.015175551843579e-14, ""74"": 6.81269171685519e-15, ""75"": 1.3454401977155878e-15, ""76"": 5.34878619618258e-16, ""77"": 2.48745657362123e-16, ""78"": 1.167214819980323e-16, ""79"": 5.517344109670475e-17, ""80"": 1.6165636525572108e-17, ""81"": 4.0278152765076086e-18, ""82"": 8.451821152773956e-19, ""83"": 2.66690198807759e-19, ""84"": 7.63824752225718e-20, ""85"": 1.6543161987486595e-20, ""86"": 1.219322612351771e-21, ""87"": 3.0190732571972657e-22, ""88"": 5.034700383878874e-23, ""89"": 3.76461537382996e-23, ""90"": 1.5518079526288272e-24, ""91"": 2.115060633114209e-23, ""92"": 1.744143005377774e-303, ""93"": 6.4127530644932534e-304, ""94"": 2.1880384588299433e-304, ""95"": 7.007345890466739e-305, ""96"": 2.1695424341312479e-305, ""97"": 6.850977110381076e-306, ""98"": 2.2516698655900537e-306, ""99"": 7.505172614904013e-307, ""100"": 2.401396180278102e-307, ""101"": 7.264095648608851e-308, ""102"": 2.0729074678599137e-308, ""103"": 5.776961722969553e-309, ""104"": 1.614309901211754e-309, ""105"": 4.37330917445917e-310, ""106"": 1.0972500398377e-310, ""107"": 2.452333219144e-311, ""108"": 5.87276672905e-312, ""109"": 2.43727337964e-312, ""110"": 1.12112812405e-312, ""111"": 5.19342346957e-313, ""112"": 2.1242208037e-313, ""113"": 5.991545241e-314, ""114"": 1.444048445e-314, ""115"": 3.30854796e-315, ""116"": 1.01566314e-315, ""117"": 2.72963764e-316, ""118"": 5.17397e-317, ""119"": 4.51147e-318, ""120"": 1.118886e-318, ""121"": 2.70926e-319, ""122"": 1.2017e-319, ""123"": 7.085e-320, ""124"": 6.1017e-320}",17.2702,17.2702,17,16,0.0001,0.9999,0.9995,0.9983,0.9954,0.9897,0.9799,0.9651,0.9449,0.9191,0.8877,0.8508,0.8079,0.7593,0.7051,0.6461,0.5841,0.5208,0.4586,0.3993,0.344,614c522d#phase10c,"stat_grid:component_convolution_mean_coherent_v1+components[pts:pmf_sim_v1+role_aware_pmf_cal_v1:rotation+monotone_pit_cdf_v1,reb:pmf_sim_v1+role_aware_pmf_cal_v1:rotation+monotone_pit_cdf_v1,ast:pmf_sim_v1+role_aware_pmf_cal_v1:rotation+monotone_pit_cdf_v1]+prior_combo[joint_sampler_v1+joint_combo_pmf_v1+role_aware_pmf_cal_v1:rotation+monotone_pit_cdf_v1]+stat_grid_final_component_convolution_mean_coherent_v1",phase8_role_aware_pmf_cal_v1+monotone_inactive_global_v1,rotation,projected_minutes,high,22.5514,21.9169,10.2327,21.9169,31.3872,8.3936,0.05,0.8866,0.1937,rotation,True,current_market_line,True,betrivers,betrivers,player_pra_over_under,16.5,16.5,0.5208,-115.0,-118.0,0.497,0.503,0.4792,-109.0,109.0,0.0238,0.0238,-0.0238,2026-05-24T16:09:59.066825Z,full,provisional,lineup_unconfirmed,fallback_used,projected,derived_from_projected_minutes,ok,finals_pending,current_phase8,ok,0.0,projected,not_available_yet,bdl_lineup_freshness_manifest,bdl_plus_nba_official,2026-05-24T16:10:20Z
morning,2026-05-24T16:11:10Z,2026-05-24,21713531,89,Alex Caruso,OKC,SAS,False,pra,"{""0"": 9.9350421876535e-05, ""1"": 0.00041272239327466915, ""2"": 0.0012009373556025262, ""3"": 0.002892761256751754, ""4"": 0.005742534423615334, ""5"": 0.009780891485566521, ""6"": 0.014776538487628445, ""7"": 0.020234071226280938, ""8"": 0.025787676780448302, ""9"": 0.031335750559669376, ""10"": 0.03697436425031776, ""11"": 0.04281263624441332, ""12"": 0.04867984268890183, ""13"": 0.05421435361097706, ""14"": 0.05891327232250594, ""15"": 0.06208231629128189, ""16"": 0.0632323845389318, ""17"": 0.062225972498805245, ""18"": 0.05930829504813898, ""19"": 0.05529198468655333, ""20"": 0.05083894638065998, ""21"": 0.04620552461441539, ""22"": 0.041581150941043706, ""23"": 0.03690758494674315, ""24"": 0.03200318544114657, ""25"": 0.02709525574438536, ""26"": 0.022577020229204287, ""27"": 0.018678876362869988, ""28"": 0.015462631914642892, ""29"": 0.0128249461421796, ""30"": 0.010512953638012888, ""31"": 0.008325614316838044, ""32"": 0.0062639569092459895, ""33"": 0.00445291965500802, ""34"": 0.0030008412158558906, ""35"": 0.0019464403941300125, ""36"": 0.0012459831366001925, ""37"": 0.0008180159212296525, ""38"": 0.0005750758034401132, ""39"": 0.0004412343568902268, ""40"": 0.00037374577265468034, ""41"": 0.00034282828413062044, ""42"": 0.00032324591388504983, ""43"": 0.0002995483308114688, ""44"": 0.00026055004986003165, ""45"": 0.00020654645570709966, ""46"": 0.00014826487816322056, ""47"": 9.733532114901716e-05, ""48"": 6.0131226418097715e-05, ""49"": 3.685642606952955e-05, ""50"": 2.4441186317490182e-05, ""51"": 1.8434408552406695e-05, ""52"": 1.5069352566374756e-05, ""53"": 1.239096712537885e-05, ""54"": 9.50039758680877e-06, ""55"": 6.524176364296486e-06, ""56"": 3.978407602990888e-06, ""57"": 2.133445922936002e-06, ""58"": 1.0031818232971796e-06, ""59"": 4.1840340524682837e-07, ""60"": 1.579017408487235e-07, ""61"": 5.499324547502484e-08, ""62"": 1.7833630131989624e-08, ""63"": 5.497588001905017e-09, ""64"": 1.7153918103227826e-09, ""65"": 5.595493784693757e-10, ""66"": 1.8882472731445725e-10, ""67"": 6.138609759427898e-11, ""68"": 1.890360049281029e-11, ""69"": 5.442132287818019e-12, ""70"": 1.514970960188996e-12, ""71"": 4.266138034248438e-13, ""72"": 1.1736840717486042e-13, ""73"": 3.015175551843579e-14, ""74"": 6.81269171685519e-15, ""75"": 1.3454401977155878e-15, ""76"": 5.34878619618258e-16, ""77"": 2.48745657362123e-16, ""78"": 1.167214819980323e-16, ""79"": 5.517344109670475e-17, ""80"": 1.6165636525572108e-17, ""81"": 4.0278152765076086e-18, ""82"": 8.451821152773956e-19, ""83"": 2.66690198807759e-19, ""84"": 7.63824752225718e-20, ""85"": 1.6543161987486595e-20, ""86"": 1.219322612351771e-21, ""87"": 3.0190732571972657e-22, ""88"": 5.034700383878874e-23, ""89"": 3.76461537382996e-23, ""90"": 1.5518079526288272e-24, ""91"": 2.115060633114209e-23, ""92"": 1.744143005377774e-303, ""93"": 6.4127530644932534e-304, ""94"": 2.1880384588299433e-304, ""95"": 7.007345890466739e-305, ""96"": 2.1695424341312479e-305, ""97"": 6.850977110381076e-306, ""98"": 2.2516698655900537e-306, ""99"": 7.505172614904013e-307, ""100"": 2.401396180278102e-307, ""101"": 7.264095648608851e-308, ""102"": 2.0729074678599137e-308, ""103"": 5.776961722969553e-309, ""104"": 1.614309901211754e-309, ""105"": 4.37330917445917e-310, ""106"": 1.0972500398377e-310, ""107"": 2.452333219144e-311, ""108"": 5.87276672905e-312, ""109"": 2.43727337964e-312, ""110"": 1.12112812405e-312, ""111"": 5.19342346957e-313, ""112"": 2.1242208037e-313, ""113"": 5.991545241e-314, ""114"": 1.444048445e-314, ""115"": 3.30854796e-315, ""116"": 1.01566314e-315, ""117"": 2.72963764e-316, ""118"": 5.17397e-317, ""119"": 4.51147e-318, ""120"": 1.118886e-318, ""121"": 2.70926e-319, ""122"": 1.2017e-319, ""123"": 7.085e-320, ""124"": 6.1017e-320}",17.2702,17.2702,17,16,0.0001,0.9999,0.9995,0.9983,0.9954,0.9897,0.9799,0.9651,0.9449,0.9191,0.8877,0.8508,0.8079,0.7593,0.7051,0.6461,0.5841,0.5208,0.4586,0.3993,0.344,614c522d#phase10c,"stat_grid:component_convolution_mean_coherent_v1+components[pts:pmf_sim_v1+role_aware_pmf_cal_v1:rotation+monotone_pit_cdf_v1,reb:pmf_sim_v1+role_aware_pmf_cal_v1:rotation+monotone_pit_cdf_v1,ast:pmf_sim_v1+role_aware_pmf_cal_v1:rotation+monotone_pit_cdf_v1]+prior_combo[joint_sampler_v1+joint_combo_pmf_v1+role_aware_pmf_cal_v1:rotation+monotone_pit_cdf_v1]+stat_grid_final_component_convolution_mean_coherent_v1",phase8_role_aware_pmf_cal_v1+monotone_inactive_global_v1,rotation,projected_minutes,high,22.5514,21.9169,10.2327,21.9169,31.3872,8.3936,0.05,0.8866,0.1937,rotation,True,current_market_line,True,betrivers,betrivers,player_pra_over_under,17.5,17.5,0.4586,115.0,-157.0,0.4323,0.5677,0.5414,118.0,-118.0,0.0263,0.0263,-0.0263,2026-05-24T16:09:59.066825Z,full,provisional,lineup_unconfirmed,fallback_used,projected,derived_from_projected_minutes,ok,finals_pending,current_phase8,ok,0.0,projected,not_available_yet,bdl_lineup_freshness_manifest,bdl_plus_nba_official,2026-05-24T16:10:20Z
morning,2026-05-24T16:11:10Z,2026-05-24,21713531,89,Alex Caruso,OKC,SAS,False,pra,"{""0"": 9.9350421876535e-05, ""1"": 0.00041272239327466915, ""2"": 0.0012009373556025262, ""3"": 0.002892761256751754, ""4"": 0.005742534423615334, ""5"": 0.009780891485566521, ""6"": 0.014776538487628445, ""7"": 0.020234071226280938, ""8"": 0.025787676780448302, ""9"": 0.031335750559669376, ""10"": 0.03697436425031776, ""11"": 0.04281263624441332, ""12"": 0.04867984268890183, ""13"": 0.05421435361097706, ""14"": 0.05891327232250594, ""15"": 0.06208231629128189, ""16"": 0.0632323845389318, ""17"": 0.062225972498805245, ""18"": 0.05930829504813898, ""19"": 0.05529198468655333, ""20"": 0.05083894638065998, ""21"": 0.04620552461441539, ""22"": 0.041581150941043706, ""23"": 0.03690758494674315, ""24"": 0.03200318544114657, ""25"": 0.02709525574438536, ""26"": 0.022577020229204287, ""27"": 0.018678876362869988, ""28"": 0.015462631914642892, ""29"": 0.0128249461421796, ""30"": 0.010512953638012888, ""31"": 0.008325614316838044, ""32"": 0.0062639569092459895, ""33"": 0.00445291965500802, ""34"": 0.0030008412158558906, ""35"": 0.0019464403941300125, ""36"": 0.0012459831366001925, ""37"": 0.0008180159212296525, ""38"": 0.0005750758034401132, ""39"": 0.0004412343568902268, ""40"": 0.00037374577265468034, ""41"": 0.00034282828413062044, ""42"": 0.00032324591388504983, ""43"": 0.0002995483308114688, ""44"": 0.00026055004986003165, ""45"": 0.00020654645570709966, ""46"": 0.00014826487816322056, ""47"": 9.733532114901716e-05, ""48"": 6.0131226418097715e-05, ""49"": 3.685642606952955e-05, ""50"": 2.4441186317490182e-05, ""51"": 1.8434408552406695e-05, ""52"": 1.5069352566374756e-05, ""53"": 1.239096712537885e-05, ""54"": 9.50039758680877e-06, ""55"": 6.524176364296486e-06, ""56"": 3.978407602990888e-06, ""57"": 2.133445922936002e-06, ""58"": 1.0031818232971796e-06, ""59"": 4.1840340524682837e-07, ""60"": 1.579017408487235e-07, ""61"": 5.499324547502484e-08, ""62"": 1.7833630131989624e-08, ""63"": 5.497588001905017e-09, ""64"": 1.7153918103227826e-09, ""65"": 5.595493784693757e-10, ""66"": 1.8882472731445725e-10, ""67"": 6.138609759427898e-11, ""68"": 1.890360049281029e-11, ""69"": 5.442132287818019e-12, ""70"": 1.514970960188996e-12, ""71"": 4.266138034248438e-13, ""72"": 1.1736840717486042e-13, ""73"": 3.015175551843579e-14, ""74"": 6.81269171685519e-15, ""75"": 1.3454401977155878e-15, ""76"": 5.34878619618258e-16, ""77"": 2.48745657362123e-16, ""78"": 1.167214819980323e-16, ""79"": 5.517344109670475e-17, ""80"": 1.6165636525572108e-17, ""81"": 4.0278152765076086e-18, ""82"": 8.451821152773956e-19, ""83"": 2.66690198807759e-19, ""84"": 7.63824752225718e-20, ""85"": 1.6543161987486595e-20, ""86"": 1.219322612351771e-21, ""87"": 3.0190732571972657e-22, ""88"": 5.034700383878874e-23, ""89"": 3.76461537382996e-23, ""90"": 1.5518079526288272e-24, ""91"": 2.115060633114209e-23, ""92"": 1.744143005377774e-303, ""93"": 6.4127530644932534e-304, ""94"": 2.1880384588299433e-304, ""95"": 7.007345890466739e-305, ""96"": 2.1695424341312479e-305, ""97"": 6.850977110381076e-306, ""98"": 2.2516698655900537e-306, ""99"": 7.505172614904013e-307, ""100"": 2.401396180278102e-307, ""101"": 7.264095648608851e-308, ""102"": 2.0729074678599137e-308, ""103"": 5.776961722969553e-309, ""104"": 1.614309901211754e-309, ""105"": 4.37330917445917e-310, ""106"": 1.0972500398377e-310, ""107"": 2.452333219144e-311, ""108"": 5.87276672905e-312, ""109"": 2.43727337964e-312, ""110"": 1.12112812405e-312, ""111"": 5.19342346957e-313, ""112"": 2.1242208037e-313, ""113"": 5.991545241e-314, ""114"": 1.444048445e-314, ""115"": 3.30854796e-315, ""116"": 1.01566314e-315, ""117"": 2.72963764e-316, ""118"": 5.17397e-317, ""119"": 4.51147e-318, ""120"": 1.118886e-318, ""121"": 2.70926e-319, ""122"": 1.2017e-319, ""123"": 7.085e-320, ""124"": 6.1017e-320}",17.2702,17.2702,17,16,0.0001,0.9999,0.9995,0.9983,0.9954,0.9897,0.9799,0.9651,0.9449,0.9191,0.8877,0.8508,0.8079,0.7593,0.7051,0.6461,0.5841,0.5208,0.4586,0.3993,0.344,614c522d#phase10c,"stat_grid:component_convolution_mean_coherent_v1+components[pts:pmf_sim_v1+role_aware_pmf_cal_v1:rotation+monotone_pit_cdf_v1,reb:pmf_sim_v1+role_aware_pmf_cal_v1:rotation+monotone_pit_cdf_v1,ast:pmf_sim_v1+role_aware_pmf_cal_v1:rotation+monotone_pit_cdf_v1]+prior_combo[joint_sampler_v1+joint_combo_pmf_v1+role_aware_pmf_cal_v1:rotation+monotone_pit_cdf_v1]+stat_grid_final_component_convolution_mean_coherent_v1",phase8_role_aware_pmf_cal_v1+monotone_inactive_global_v1,rotation,projected_minutes,high,22.5514,21.9169,10.2327,21.9169,31.3872,8.3936,0.05,0.8866,0.1937,rotation,True,current_market_line,True,draftkings,draftkings,player_pra_over_under,16.5,16.5,0.5208,-119.0,-110.0,0.5092,0.4908,0.4792,-109.0,109.0,0.0117,0.0117,-0.0117,2026-05-24T16:09:59.066825Z,full,provisional,lineup_unconfirmed,fallback_used,projected,derived_from_projected_minutes,ok,finals_pending,current_phase8,ok,0.0,projected,not_available_yet,bdl_lineup_freshness_manifest,bdl_plus_nba_official,2026-05-24T16:10:20Z
morning,2026-05-24T16:11:10Z,2026-05-24,21713531,89,Alex Caruso,OKC,SAS,False,pra,"{""0"": 9.9350421876535e-05, ""1"": 0.00041272239327466915, ""2"": 0.0012009373556025262, ""3"": 0.002892761256751754, ""4"": 0.005742534423615334, ""5"": 0.009780891485566521, ""6"": 0.014776538487628445, ""7"": 0.020234071226280938, ""8"": 0.025787676780448302, ""9"": 0.031335750559669376, ""10"": 0.03697436425031776, ""11"": 0.04281263624441332, ""12"": 0.04867984268890183, ""13"": 0.05421435361097706, ""14"": 0.05891327232250594, ""15"": 0.06208231629128189, ""16"": 0.0632323845389318, ""17"": 0.062225972498805245, ""18"": 0.05930829504813898, ""19"": 0.05529198468655333, ""20"": 0.05083894638065998, ""21"": 0.04620552461441539, ""22"": 0.041581150941043706, ""23"": 0.03690758494674315, ""24"": 0.03200318544114657, ""25"": 0.02709525574438536, ""26"": 0.022577020229204287, ""27"": 0.018678876362869988, ""28"": 0.015462631914642892, ""29"": 0.0128249461421796, ""30"": 0.010512953638012888, ""31"": 0.008325614316838044, ""32"": 0.0062639569092459895, ""33"": 0.00445291965500802, ""34"": 0.0030008412158558906, ""35"": 0.0019464403941300125, ""36"": 0.0012459831366001925, ""37"": 0.0008180159212296525, ""38"": 0.0005750758034401132, ""39"": 0.0004412343568902268, ""40"": 0.00037374577265468034, ""41"": 0.00034282828413062044, ""42"": 0.00032324591388504983, ""43"": 0.0002995483308114688, ""44"": 0.00026055004986003165, ""45"": 0.00020654645570709966, ""46"": 0.00014826487816322056, ""47"": 9.733532114901716e-05, ""48"": 6.0131226418097715e-05, ""49"": 3.685642606952955e-05, ""50"": 2.4441186317490182e-05, ""51"": 1.8434408552406695e-05, ""52"": 1.5069352566374756e-05, ""53"": 1.239096712537885e-05, ""54"": 9.50039758680877e-06, ""55"": 6.524176364296486e-06, ""56"": 3.978407602990888e-06, ""57"": 2.133445922936002e-06, ""58"": 1.0031818232971796e-06, ""59"": 4.1840340524682837e-07, ""60"": 1.579017408487235e-07, ""61"": 5.499324547502484e-08, ""62"": 1.7833630131989624e-08, ""63"": 5.497588001905017e-09, ""64"": 1.7153918103227826e-09, ""65"": 5.595493784693757e-10, ""66"": 1.8882472731445725e-10, ""67"": 6.138609759427898e-11, ""68"": 1.890360049281029e-11, ""69"": 5.442132287818019e-12, ""70"": 1.514970960188996e-12, ""71"": 4.266138034248438e-13, ""72"": 1.1736840717486042e-13, ""73"": 3.015175551843579e-14, ""74"": 6.81269171685519e-15, ""75"": 1.3454401977155878e-15, ""76"": 5.34878619618258e-16, ""77"": 2.48745657362123e-16, ""78"": 1.167214819980323e-16, ""79"": 5.517344109670475e-17, ""80"": 1.6165636525572108e-17, ""81"": 4.0278152765076086e-18, ""82"": 8.451821152773956e-19, ""83"": 2.66690198807759e-19, ""84"": 7.63824752225718e-20, ""85"": 1.6543161987486595e-20, ""86"": 1.219322612351771e-21, ""87"": 3.0190732571972657e-22, ""88"": 5.034700383878874e-23, ""89"": 3.76461537382996e-23, ""90"": 1.5518079526288272e-24, ""91"": 2.115060633114209e-23, ""92"": 1.744143005377774e-303, ""93"": 6.4127530644932534e-304, ""94"": 2.1880384588299433e-304, ""95"": 7.007345890466739e-305, ""96"": 2.1695424341312479e-305, ""97"": 6.850977110381076e-306, ""98"": 2.2516698655900537e-306, ""99"": 7.505172614904013e-307, ""100"": 2.401396180278102e-307, ""101"": 7.264095648608851e-308, ""102"": 2.0729074678599137e-308, ""103"": 5.776961722969553e-309, ""104"": 1.614309901211754e-309, ""105"": 4.37330917445917e-310, ""106"": 1.0972500398377e-310, ""107"": 2.452333219144e-311, ""108"": 5.87276672905e-312, ""109"": 2.43727337964e-312, ""110"": 1.12112812405e-312, ""111"": 5.19342346957e-313, ""112"": 2.1242208037e-313, ""113"": 5.991545241e-314, ""114"": 1.444048445e-314, ""115"": 3.30854796e-315, ""116"": 1.01566314e-315, ""117"": 2.72963764e-316, ""118"": 5.17397e-317, ""119"": 4.51147e-318, ""120"": 1.118886e-318, ""121"": 2.70926e-319, ""122"": 1.2017e-319, ""123"": 7.085e-320, ""124"": 6.1017e-320}",17.2702,17.2702,17,16,0.0001,0.9999,0.9995,0.9983,0.9954,0.9897,0.9799,0.9651,0.9449,0.9191,0.8877,0.8508,0.8079,0.7593,0.7051,0.6461,0.5841,0.5208,0.4586,0.3993,0.344,614c522d#phase10c,"stat_grid:component_convolution_mean_coherent_v1+components[pts:pmf_sim_v1+role_aware_pmf_cal_v1:rotation+monotone_pit_cdf_v1,reb:pmf_sim_v1+role_aware_pmf_cal_v1:rotation+monotone_pit_cdf_v1,ast:pmf_sim_v1+role_aware_pmf_cal_v1:rotation+monotone_pit_cdf_v1]+prior_combo[joint_sampler_v1+joint_combo_pmf_v1+role_aware_pmf_cal_v1:rotation+monotone_pit_cdf_v1]+stat_grid_final_component_convolution_mean_coherent_v1",phase8_role_aware_pmf_cal_v1+monotone_inactive_global_v1,rotation,projected_minutes,high,22.5514,21.9169,10.2327,21.9169,31.3872,8.3936,0.05,0.8866,0.1937,rotation,True,current_market_line,True,fanduel,fanduel,player_pra_over_under,16.5,16.5,0.5208,-114.0,-114.0,0.5,0.5,0.4792,-109.0,109.0,0.0208,0.0208,-0.0208,2026-05-24T16:09:59.066825Z,full,provisional,lineup_unconfirmed,fallback_used,projected,derived_from_projected_minutes,ok,finals_pending,current_phase8,ok,0.0,projected,not_available_yet,bdl_lineup_freshness_manifest,bdl_plus_nba_official,2026-05-24T16:10:20Z
morning,2026-05-24T16:11:10Z,2026-05-24,21713531,89,Alex Caruso,OKC,SAS,False,pra,"{""0"": 9.9350421876535e-05, ""1"": 0.00041272239327466915, ""2"": 0.0012009373556025262, ""3"": 0.002892761256751754, ""4"": 0.005742534423615334, ""5"": 0.009780891485566521, ""6"": 0.014776538487628445, ""7"": 0.020234071226280938, ""8"": 0.025787676780448302, ""9"": 0.031335750559669376, ""10"": 0.03697436425031776, ""11"": 0.04281263624441332, ""12"": 0.04867984268890183, ""13"": 0.05421435361097706, ""14"": 0.05891327232250594, ""15"": 0.06208231629128189, ""16"": 0.0632323845389318, ""17"": 0.062225972498805245, ""18"": 0.05930829504813898, ""19"": 0.05529198468655333, ""20"": 0.05083894638065998, ""21"": 0.04620552461441539, ""22"": 0.041581150941043706, ""23"": 0.03690758494674315, ""24"": 0.03200318544114657, ""25"": 0.02709525574438536, ""26"": 0.022577020229204287, ""27"": 0.018678876362869988, ""28"": 0.015462631914642892, ""29"": 0.0128249461421796, ""30"": 0.010512953638012888, ""31"": 0.008325614316838044, ""32"": 0.0062639569092459895, ""33"": 0.00445291965500802, ""34"": 0.0030008412158558906, ""35"": 0.0019464403941300125, ""36"": 0.0012459831366001925, ""37"": 0.0008180159212296525, ""38"": 0.0005750758034401132, ""39"": 0.0004412343568902268, ""40"": 0.00037374577265468034, ""41"": 0.00034282828413062044, ""42"": 0.00032324591388504983, ""43"": 0.0002995483308114688, ""44"": 0.00026055004986003165, ""45"": 0.00020654645570709966, ""46"": 0.00014826487816322056, ""47"": 9.733532114901716e-05, ""48"": 6.0131226418097715e-05, ""49"": 3.685642606952955e-05, ""50"": 2.4441186317490182e-05, ""51"": 1.8434408552406695e-05, ""52"": 1.5069352566374756e-05, ""53"": 1.239096712537885e-05, ""54"": 9.50039758680877e-06, ""55"": 6.524176364296486e-06, ""56"": 3.978407602990888e-06, ""57"": 2.133445922936002e-06, ""58"": 1.0031818232971796e-06, ""59"": 4.1840340524682837e-07, ""60"": 1.579017408487235e-07, ""61"": 5.499324547502484e-08, ""62"": 1.7833630131989624e-08, ""63"": 5.497588001905017e-09, ""64"": 1.7153918103227826e-09, ""65"": 5.595493784693757e-10, ""66"": 1.8882472731445725e-10, ""67"": 6.138609759427898e-11, ""68"": 1.890360049281029e-11, ""69"": 5.442132287818019e-12, ""70"": 1.514970960188996e-12, ""71"": 4.266138034248438e-13, ""72"": 1.1736840717486042e-13, ""73"": 3.015175551843579e-14, ""74"": 6.81269171685519e-15, ""75"": 1.3454401977155878e-15, ""76"": 5.34878619618258e-16, ""77"": 2.48745657362123e-16, ""78"": 1.167214819980323e-16, ""79"": 5.517344109670475e-17, ""80"": 1.6165636525572108e-17, ""81"": 4.0278152765076086e-18, ""82"": 8.451821152773956e-19, ""83"": 2.66690198807759e-19, ""84"": 7.63824752225718e-20, ""85"": 1.6543161987486595e-20, ""86"": 1.219322612351771e-21, ""87"": 3.0190732571972657e-22, ""88"": 5.034700383878874e-23, ""89"": 3.76461537382996e-23, ""90"": 1.5518079526288272e-24, ""91"": 2.115060633114209e-23, ""92"": 1.744143005377774e-303, ""93"": 6.4127530644932534e-304, ""94"": 2.1880384588299433e-304, ""95"": 7.007345890466739e-305, ""96"": 2.1695424341312479e-305, ""97"": 6.850977110381076e-306, ""98"": 2.2516698655900537e-306, ""99"": 7.505172614904013e-307, ""100"": 2.401396180278102e-307, ""101"": 7.264095648608851e-308, ""102"": 2.0729074678599137e-308, ""103"": 5.776961722969553e-309, ""104"": 1.614309901211754e-309, ""105"": 4.37330917445917e-310, ""106"": 1.0972500398377e-310, ""107"": 2.452333219144e-311, ""108"": 5.87276672905e-312, ""109"": 2.43727337964e-312, ""110"": 1.12112812405e-312, ""111"": 5.19342346957e-313, ""112"": 2.1242208037e-313, ""113"": 5.991545241e-314, ""114"": 1.444048445e-314, ""115"": 3.30854796e-315, ""116"": 1.01566314e-315, ""117"": 2.72963764e-316, ""118"": 5.17397e-317, ""119"": 4.51147e-318, ""120"": 1.118886e-318, ""121"": 2.70926e-319, ""122"": 1.2017e-319, ""123"": 7.085e-320, ""124"": 6.1017e-320}",17.2702,17.2702,17,16,0.0001,0.9999,0.9995,0.9983,0.9954,0.9897,0.9799,0.9651,0.9449,0.9191,0.8877,0.8508,0.8079,0.7593,0.7051,0.6461,0.5841,0.5208,0.4586,0.3993,0.344,614c522d#phase10c,"stat_grid:component_convolution_mean_coherent_v1+components[pts:pmf_sim_v1+role_aware_pmf_cal_v1:rotation+monotone_pit_cdf_v1,reb:pmf_sim_v1+role_aware_pmf_cal_v1:rotation+monotone_pit_cdf_v1,ast:pmf_sim_v1+role_aware_pmf_cal_v1:rotation+monotone_pit_cdf_v1]+prior_combo[joint_sampler_v1+joint_combo_pmf_v1+role_aware_pmf_cal_v1:rotation+monotone_pit_cdf_v1]+stat_grid_final_component_convolution_mean_coherent_v1",phase8_role_aware_pmf_cal_v1+monotone_inactive_global_v1,rotation,projected_minutes,high,22.5514,21.9169,10.2327,21.9169,31.3872,8.3936,0.05,0.8866,0.1937,rotation,True,current_market_line,True,fanduel,fanduel,player_pra_over_under,9.5,9.5,0.8877,-800.0,450.0,0.8302,0.1698,0.1123,-791.0,791.0,0.0575,0.0575,-0.0575,2026-05-24T16:09:59.066825Z,full,provisional,lineup_unconfirmed,fallback_used,projected,derived_from_projected_minutes,ok,finals_pending,current_phase8,ok,0.0,projected,not_available_yet,bdl_lineup_freshness_manifest,bdl_plus_nba_official,2026-05-24T16:10:20Z
morning,2026-05-24T16:11:10Z,2026-05-24,21713531,89,Alex Caruso,OKC,SAS,False,pra,"{""0"": 9.9350421876535e-05, ""1"": 0.00041272239327466915, ""2"": 0.0012009373556025262, ""3"": 0.002892761256751754, ""4"": 0.005742534423615334, ""5"": 0.009780891485566521, ""6"": 0.014776538487628445, ""7"": 0.020234071226280938, ""8"": 0.025787676780448302, ""9"": 0.031335750559669376, ""10"": 0.03697436425031776, ""11"": 0.04281263624441332, ""12"": 0.04867984268890183, ""13"": 0.05421435361097706, ""14"": 0.05891327232250594, ""15"": 0.06208231629128189, ""16"": 0.0632323845389318, ""17"": 0.062225972498805245, ""18"": 0.05930829504813898, ""19"": 0.05529198468655333, ""20"": 0.05083894638065998, ""21"": 0.04620552461441539, ""22"": 0.041581150941043706, ""23"": 0.03690758494674315, ""24"": 0.03200318544114657, ""25"": 0.02709525574438536, ""26"": 0.022577020229204287, ""27"": 0.018678876362869988, ""28"": 0.015462631914642892, ""29"": 0.0128249461421796, ""30"": 0.010512953638012888, ""31"": 0.008325614316838044, ""32"": 0.0062639569092459895, ""33"": 0.00445291965500802, ""34"": 0.0030008412158558906, ""35"": 0.0019464403941300125, ""36"": 0.0012459831366001925, ""37"": 0.0008180159212296525, ""38"": 0.0005750758034401132, ""39"": 0.0004412343568902268, ""40"": 0.00037374577265468034, ""41"": 0.00034282828413062044, ""42"": 0.00032324591388504983, ""43"": 0.0002995483308114688, ""44"": 0.00026055004986003165, ""45"": 0.00020654645570709966, ""46"": 0.00014826487816322056, ""47"": 9.733532114901716e-05, ""48"": 6.0131226418097715e-05, ""49"": 3.685642606952955e-05, ""50"": 2.4441186317490182e-05, ""51"": 1.8434408552406695e-05, ""52"": 1.5069352566374756e-05, ""53"": 1.239096712537885e-05, ""54"": 9.50039758680877e-06, ""55"": 6.524176364296486e-06, ""56"": 3.978407602990888e-06, ""57"": 2.133445922936002e-06, ""58"": 1.0031818232971796e-06, ""59"": 4.1840340524682837e-07, ""60"": 1.579017408487235e-07, ""61"": 5.499324547502484e-08, ""62"": 1.7833630131989624e-08, ""63"": 5.497588001905017e-09, ""64"": 1.7153918103227826e-09, ""65"": 5.595493784693757e-10, ""66"": 1.8882472731445725e-10, ""67"": 6.138609759427898e-11, ""68"": 1.890360049281029e-11, ""69"": 5.442132287818019e-12, ""70"": 1.514970960188996e-12, ""71"": 4.266138034248438e-13, ""72"": 1.1736840717486042e-13, ""73"": 3.015175551843579e-14, ""74"": 6.81269171685519e-15, ""75"": 1.3454401977155878e-15, ""76"": 5.34878619618258e-16, ""77"": 2.48745657362123e-16, ""78"": 1.167214819980323e-16, ""79"": 5.517344109670475e-17, ""80"": 1.6165636525572108e-17, ""81"": 4.0278152765076086e-18, ""82"": 8.451821152773956e-19, ""83"": 2.66690198807759e-19, ""84"": 7.63824752225718e-20, ""85"": 1.6543161987486595e-20, ""86"": 1.219322612351771e-21, ""87"": 3.0190732571972657e-22, ""88"": 5.034700383878874e-23, ""89"": 3.76461537382996e-23, ""90"": 1.5518079526288272e-24, ""91"": 2.115060633114209e-23, ""92"": 1.744143005377774e-303, ""93"": 6.4127530644932534e-304, ""94"": 2.1880384588299433e-304, ""95"": 7.007345890466739e-305, ""96"": 2.1695424341312479e-305, ""97"": 6.850977110381076e-306, ""98"": 2.2516698655900537e-306, ""99"": 7.505172614904013e-307, ""100"": 2.401396180278102e-307, ""101"": 7.264095648608851e-308, ""102"": 2.0729074678599137e-308, ""103"": 5.776961722969553e-309, ""104"": 1.614309901211754e-309, ""105"": 4.37330917445917e-310, ""106"": 1.0972500398377e-310, ""107"": 2.452333219144e-311, ""108"": 5.87276672905e-312, ""109"": 2.43727337964e-312, ""110"": 1.12112812405e-312, ""111"": 5.19342346957e-313, ""112"": 2.1242208037e-313, ""113"": 5.991545241e-314, ""114"": 1.444048445e-314, ""115"": 3.30854796e-315, ""116"": 1.01566314e-315, ""117"": 2.72963764e-316, ""118"": 5.17397e-317, ""119"": 4.51147e-318, ""120"": 1.118886e-318, ""121"": 2.70926e-319, ""122"": 1.2017e-319, ""123"": 7.085e-320, ""124"": 6.1017e-320}",17.2702,17.2702,17,16,0.0001,0.9999,0.9995,0.9983,0.9954,0.9897,0.9799,0.9651,0.9449,0.9191,0.8877,0.8508,0.8079,0.7593,0.7051,0.6461,0.5841,0.5208,0.4586,0.3993,0.344,614c522d#phase10c,"stat_grid:component_convolution_mean_coherent_v1+components[pts:pmf_sim_v1+role_aware_pmf_cal_v1:rotation+monotone_pit_cdf_v1,reb:pmf_sim_v1+role_aware_pmf_cal_v1:rotation+monotone_pit_cdf_v1,ast:pmf_sim_v1+role_aware_pmf_cal_v1:rotation+monotone_pit_cdf_v1]+prior_combo[joint_sampler_v1+joint_combo_pmf_v1+role_aware_pmf_cal_v1:rotation+monotone_pit_cdf_v1]+stat_grid_final_component_convolution_mean_coherent_v1",phase8_role_aware_pmf_cal_v1+monotone_inactive_global_v1,rotation,projected_minutes,high,22.5514,21.9169,10.2327,21.9169,31.3872,8.3936,0.05,0.8866,0.1937,rotation,True,current_market_line,True,fanduel,fanduel,player_pra_over_under,10.5,10.5,0.8508,-580.0,360.0,0.7969,0.2031,0.1492,-570.0,570.0,0.0539,0.0539,-0.0539,2026-05-24T16:09:59.066825Z,full,provisional,lineup_unconfirmed,fallback_used,projected,derived_from_projected_minutes,ok,finals_pending,current_phase8,ok,0.0,projected,not_available_yet,bdl_lineup_freshness_manifest,bdl_plus_nba_official,2026-05-24T16:10:20Z
morning,2026-05-24T16:11:10Z,2026-05-24,21713531,89,Alex Caruso,OKC,SAS,False,pra,"{""0"": 9.9350421876535e-05, ""1"": 0.00041272239327466915, ""2"": 0.0012009373556025262, ""3"": 0.002892761256751754, ""4"": 0.005742534423615334, ""5"": 0.009780891485566521, ""6"": 0.014776538487628445, ""7"": 0.020234071226280938, ""8"": 0.025787676780448302, ""9"": 0.031335750559669376, ""10"": 0.03697436425031776, ""11"": 0.04281263624441332, ""12"": 0.04867984268890183, ""13"": 0.05421435361097706, ""14"": 0.05891327232250594, ""15"": 0.06208231629128189, ""16"": 0.0632323845389318, ""17"": 0.062225972498805245, ""18"": 0.05930829504813898, ""19"": 0.05529198468655333, ""20"": 0.05083894638065998, ""21"": 0.04620552461441539, ""22"": 0.041581150941043706, ""23"": 0.03690758494674315, ""24"": 0.03200318544114657, ""25"": 0.02709525574438536, ""26"": 0.022577020229204287, ""27"": 0.018678876362869988, ""28"": 0.015462631914642892, ""29"": 0.0128249461421796, ""30"": 0.010512953638012888, ""31"": 0.008325614316838044, ""32"": 0.0062639569092459895, ""33"": 0.00445291965500802, ""34"": 0.0030008412158558906, ""35"": 0.0019464403941300125, ""36"": 0.0012459831366001925, ""37"": 0.0008180159212296525, ""38"": 0.0005750758034401132, ""39"": 0.0004412343568902268, ""40"": 0.00037374577265468034, ""41"": 0.00034282828413062044, ""42"": 0.00032324591388504983, ""43"": 0.0002995483308114688, ""44"": 0.00026055004986003165, ""45"": 0.00020654645570709966, ""46"": 0.00014826487816322056, ""47"": 9.733532114901716e-05, ""48"": 6.0131226418097715e-05, ""49"": 3.685642606952955e-05, ""50"": 2.4441186317490182e-05, ""51"": 1.8434408552406695e-05, ""52"": 1.5069352566374756e-05, ""53"": 1.239096712537885e-05, ""54"": 9.50039758680877e-06, ""55"": 6.524176364296486e-06, ""56"": 3.978407602990888e-06, ""57"": 2.133445922936002e-06, ""58"": 1.0031818232971796e-06, ""59"": 4.1840340524682837e-07, ""60"": 1.579017408487235e-07, ""61"": 5.499324547502484e-08, ""62"": 1.7833630131989624e-08, ""63"": 5.497588001905017e-09, ""64"": 1.7153918103227826e-09, ""65"": 5.595493784693757e-10, ""66"": 1.8882472731445725e-10, ""67"": 6.138609759427898e-11, ""68"": 1.890360049281029e-11, ""69"": 5.442132287818019e-12, ""70"": 1.514970960188996e-12, ""71"": 4.266138034248438e-13, ""72"": 1.1736840717486042e-13, ""73"": 3.015175551843579e-14, ""74"": 6.81269171685519e-15, ""75"": 1.3454401977155878e-15, ""76"": 5.34878619618258e-16, ""77"": 2.48745657362123e-16, ""78"": 1.167214819980323e-16, ""79"": 5.517344109670475e-17, ""80"": 1.6165636525572108e-17, ""81"": 4.0278152765076086e-18, ""82"": 8.451821152773956e-19, ""83"": 2.66690198807759e-19, ""84"": 7.63824752225718e-20, ""85"": 1.6543161987486595e-20, ""86"": 1.219322612351771e-21, ""87"": 3.0190732571972657e-22, ""88"": 5.034700383878874e-23, ""89"": 3.76461537382996e-23, ""90"": 1.5518079526288272e-24, ""91"": 2.115060633114209e-23, ""92"": 1.744143005377774e-303, ""93"": 6.4127530644932534e-304, ""94"": 2.1880384588299433e-304, ""95"": 7.007345890466739e-305, ""96"": 2.1695424341312479e-305, ""97"": 6.850977110381076e-306, ""98"": 2.2516698655900537e-306, ""99"": 7.505172614904013e-307, ""100"": 2.401396180278102e-307, ""101"": 7.264095648608851e-308, ""102"": 2.0729074678599137e-308, ""103"": 5.776961722969553e-309, ""104"": 1.614309901211754e-309, ""105"": 4.37330917445917e-310, ""106"": 1.0972500398377e-310, ""107"": 2.452333219144e-311, ""108"": 5.87276672905e-312, ""109"": 2.43727337964e-312, ""110"": 1.12112812405e-312, ""111"": 5.19342346957e-313, ""112"": 2.1242208037e-313, ""113"": 5.991545241e-314, ""114"": 1.444048445e-314, ""115"": 3.30854796e-315, ""116"": 1.01566314e-315, ""117"": 2.72963764e-316, ""118"": 5.17397e-317, ""119"": 4.51147e-318, ""120"": 1.118886e-318, ""121"": 2.70926e-319, ""122"": 1.2017e-319, ""123"": 7.085e-320, ""124"": 6.1017e-320}",17.2702,17.2702,17,16,0.0001,0.9999,0.9995,0.9983,0.9954,0.9897,0.9799,0.9651,0.9449,0.9191,0.8877,0.8508,0.8079,0.7593,0.7051,0.6461,0.5841,0.5208,0.4586,0.3993,0.344,614c522d#phase10c,"stat_grid:component_convolution_mean_coherent_v1+components[pts:pmf_sim_v1+role_aware_pmf_cal_v1:rotation+monotone_pit_cdf_v1,reb:pmf_sim_v1+role_aware_pmf_cal_v1:rotation+monotone_pit_cdf_v1,ast:pmf_sim_v1+role_aware_pmf_cal_v1:rotation+monotone_pit_cdf_v1]+prior_combo[joint_sampler_v1+joint_combo_pmf_v1+role_aware_pmf_cal_v1:rotation+monotone_pit_cdf_v1]+stat_grid_final_component_convolution_mean_coherent_v1",phase8_role_aware_pmf_cal_v1+monotone_inactive_global_v1,rotation,projected_minutes,high,22.5514,21.9169,10.2327,21.9169,31.3872,8.3936,0.05,0.8866,0.1937,rotation,True,current_market_line,True,fanduel,fanduel,player_pra_over_under,11.5,11.5,0.8079,-420.0,280.0,0.7543,0.2457,0.1921,-421.0,421.0,0.0537,0.0537,-0.0537,2026-05-24T16:09:59.066825Z,full,provisional,lineup_unconfirmed,fallback_used,projected,derived_from_projected_minutes,ok,finals_pending,current_phase8,ok,0.0,projected,not_available_yet,bdl_lineup_freshness_manifest,bdl_plus_nba_official,2026-05-24T16:10:20Z
